0.000000,0.000000,0.000000,0.000000,0.000000,0.000000,0.000000,0.000000,0.000000,0.000000,0.000000,0.000000,0.000000,0.000000,0.000000,0.000000,0.000000,0.000000,0.000000,0.000000,0.000000,0.000000,0.000000,0.000000,0.000000,0.000000,0.000000,0.000000,0.000000,0.000000,0.000000,0.000000,0.000000,0.000000,0.000000,0.000000,0.000000,0.000000,0.000000,0.000000,
0.000000,0.000000,0.000000,0.000000,0.000000,0.000000,0.000000,0.000000,0.000000,0.000000,0.000000,0.000000,0.000000,0.000000,0.000000,0.000000,0.000000,0.000000,0.000000,0.000000,0.000000,0.000000,0.000000,0.000000,0.000000,0.000000,0.000000,0.000000,0.000000,0.000000,0.000000,0.000000,0.000000,0.000000,0.000000,0.000000,0.000000,0.000000,0.000000,0.000000,
0.000000,0.000000,0.000000,0.000000,0.000000,0.000000,0.000000,0.000000,0.000000,0.000000,0.000000,0.000000,0.000000,0.000000,0.000000,0.000000,0.000000,0.000000,0.000000,0.000000,0.000000,0.000000,0.000000,0.000000,0.000000,0.000000,0.000000,0.000000,0.000000,0.000000,0.000000,0.000000,0.000000,0.000000,0.000000,0.000000,0.000000,0.000000,0.000000,0.000000,
0.000000,0.000000,0.000000,0.000000,0.000000,0.000000,0.000000,0.000000,0.000000,0.000000,0.000000,0.000000,0.000000,0.000000,0.000000,0.000000,0.000000,0.000000,0.000000,0.000000,0.000000,0.000000,0.000000,0.000000,0.000000,0.000000,0.000000,0.000000,0.000000,0.000000,0.000000,0.000000,0.000000,0.000000,0.000000,0.000000,0.000000,0.000000,0.000000,0.000000,
0.000000,0.000000,0.000000,0.000000,0.000000,0.000000,0.000000,0.000000,0.000000,0.000000,2.074000,2.061000,2.052000,2.051000,2.048000,2.048000,2.048000,2.052000,0.000000,0.000000,2.593000,2.039000,2.022000,2.014000,2.014000,2.014000,2.010000,2.006000,2.009000,2.006000,0.000000,0.000000,0.000000,0.000000,0.000000,0.000000,0.000000,0.000000,0.000000,0.000000,
0.000000,0.000000,0.000000,0.000000,0.000000,0.000000,2.272000,2.268000,2.268000,2.022000,2.040000,2.035000,2.035000,2.035000,2.034000,2.034000,2.024000,2.010000,2.008000,2.008000,2.008000,2.009000,2.002000,2.001000,2.001000,2.001000,2.000000,1.993000,1.992000,1.992000,0.000000,0.000000,0.000000,0.000000,0.000000,0.000000,0.000000,0.000000,0.000000,0.000000,
0.000000,0.000000,0.000000,0.000000,0.000000,0.000000,2.016000,2.009000,2.008000,2.008000,2.008000,2.008000,2.008000,2.004000,2.004000,2.004000,2.008000,2.005000,2.000000,2.008000,2.008000,2.006000,2.000000,2.000000,2.000000,2.000000,2.000000,1.993000,1.991000,1.991000,0.000000,0.000000,0.000000,0.000000,0.000000,0.000000,0.000000,0.000000,0.000000,0.000000,
0.000000,0.000000,0.000000,0.000000,0.000000,0.000000,2.008000,2.008000,2.000000,2.008000,2.003000,2.000000,2.000000,2.000000,2.000000,2.000000,2.006000,1.999000,1.991000,2.000000,2.005000,2.006000,2.000000,2.000000,2.000000,2.000000,2.000000,1.999000,1.991000,1.991000,1.991000,0.000000,0.000000,0.000000,0.000000,0.000000,0.000000,0.000000,0.000000,0.000000,
0.000000,0.000000,0.000000,0.000000,0.000000,0.000000,2.008000,2.008000,2.000000,2.008000,2.003000,2.000000,2.000000,2.000000,2.000000,2.005000,2.006000,1.992000,1.991000,1.994000,1.998000,2.006000,2.000000,2.000000,2.000000,2.000000,2.000000,1.993000,1.991000,1.991000,1.997000,0.000000,0.000000,0.000000,0.000000,0.000000,0.000000,0.000000,0.000000,0.000000,
0.000000,0.000000,0.000000,0.000000,0.000000,0.000000,2.008000,2.008000,2.002000,2.008000,2.003000,2.000000,2.000000,2.000000,2.000000,2.005000,2.006000,1.993000,1.992000,1.994000,1.998000,2.004000,2.000000,2.000000,2.000000,2.000000,2.000000,1.993000,1.991000,1.991000,2.000000,2.453000,0.000000,0.000000,0.000000,0.000000,0.000000,0.000000,0.000000,0.000000,
0.000000,0.000000,0.000000,0.000000,0.000000,0.000000,2.008000,2.008000,2.008000,2.008000,2.007000,2.000000,2.000000,2.000000,2.000000,2.001000,2.008000,2.000000,1.999000,2.000000,2.000000,2.000000,2.000000,2.000000,2.000000,1.995000,1.992000,1.991000,1.991000,1.991000,1.992000,2.440000,0.000000,0.000000,0.000000,0.000000,0.000000,0.000000,0.000000,0.000000,
0.000000,0.000000,0.000000,0.000000,0.000000,0.000000,2.008000,2.008000,2.008000,2.004000,2.000000,2.000000,2.000000,2.000000,2.000000,2.000000,2.004000,2.001000,2.000000,2.000000,2.000000,2.001000,2.007000,2.004000,2.000000,1.991000,1.991000,1.991000,1.991000,1.991000,1.991000,2.443000,0.000000,0.000000,0.000000,0.000000,0.000000,0.000000,0.000000,0.000000,
0.000000,0.000000,0.000000,0.000000,0.000000,0.000000,2.014000,2.008000,2.008000,2.000000,2.000000,2.000000,2.000000,2.000000,2.000000,2.000000,2.000000,2.000000,1.991000,1.991000,1.991000,2.000000,2.007000,2.004000,2.000000,1.991000,1.991000,1.991000,1.991000,1.991000,1.983000,2.442000,0.000000,0.000000,0.000000,0.000000,0.000000,0.000000,0.000000,0.000000,
0.000000,0.000000,0.000000,0.000000,0.000000,0.000000,2.014000,2.008000,2.008000,2.000000,1.996000,1.994000,1.994000,1.997000,2.000000,2.000000,2.000000,2.000000,1.997000,1.997000,1.997000,2.000000,2.002000,2.002000,2.000000,1.991000,1.991000,1.991000,1.991000,1.991000,1.983000,2.442000,0.000000,0.000000,0.000000,0.000000,0.000000,0.000000,0.000000,0.000000,
0.000000,0.000000,0.000000,0.000000,0.000000,0.000000,2.008000,2.008000,2.008000,2.000000,1.993000,1.991000,1.991000,1.991000,1.998000,1.998000,1.998000,2.000000,2.000000,2.000000,2.000000,2.000000,2.000000,2.000000,2.000000,2.000000,2.000000,1.993000,1.991000,1.991000,1.985000,2.434000,0.000000,0.000000,0.000000,0.000000,0.000000,0.000000,0.000000,0.000000,
0.000000,0.000000,0.000000,0.000000,0.000000,0.000000,2.013000,2.008000,2.008000,1.999000,1.991000,1.991000,1.991000,1.991000,1.991000,1.991000,1.991000,1.999000,2.000000,2.000000,2.000000,2.000000,2.000000,1.997000,1.993000,2.000000,2.000000,1.993000,1.991000,1.991000,1.991000,2.054000,0.000000,0.000000,0.000000,0.000000,0.000000,0.000000,0.000000,0.000000,
0.000000,0.000000,0.000000,0.000000,0.000000,0.000000,2.008000,2.008000,2.006000,1.999000,1.991000,1.991000,1.991000,1.991000,1.991000,1.991000,1.991000,1.999000,2.000000,2.000000,2.000000,2.000000,2.000000,1.994000,1.991000,1.996000,1.996000,1.992000,1.991000,1.991000,1.991000,2.439000,0.000000,0.000000,0.000000,0.000000,0.000000,0.000000,0.000000,0.000000,
0.000000,0.000000,0.000000,0.000000,0.000000,0.000000,2.000000,2.000000,2.000000,1.999000,1.986000,1.985000,1.991000,1.991000,1.991000,1.991000,2.000000,2.000000,1.991000,2.000000,2.000000,1.991000,1.998000,1.991000,1.991000,1.991000,1.991000,1.991000,1.991000,1.991000,1.991000,2.430000,0.000000,0.000000,0.000000,0.000000,0.000000,0.000000,0.000000,0.000000,
0.000000,0.000000,0.000000,0.000000,0.000000,0.000000,2.004000,2.000000,1.996000,1.991000,1.989000,1.989000,1.991000,1.991000,1.991000,1.991000,2.000000,2.000000,1.991000,2.000000,1.994000,1.991000,1.991000,1.991000,1.991000,1.991000,1.991000,1.991000,1.991000,1.991000,1.991000,2.436000,0.000000,0.000000,0.000000,0.000000,0.000000,0.000000,0.000000,0.000000,
0.000000,0.000000,0.000000,0.000000,0.000000,0.000000,2.006000,2.002000,2.000000,2.000000,2.000000,1.993000,1.991000,1.991000,1.991000,1.991000,1.991000,1.991000,1.991000,1.997000,1.991000,1.991000,1.991000,1.991000,1.991000,1.991000,1.991000,1.991000,1.991000,1.991000,1.990000,1.989000,0.000000,0.000000,0.000000,0.000000,0.000000,0.000000,0.000000,0.000000,
0.000000,0.000000,0.000000,0.000000,0.000000,0.000000,2.001000,2.001000,2.000000,2.000000,2.000000,2.000000,1.999000,1.999000,1.999000,1.999000,1.999000,1.992000,1.991000,1.991000,1.991000,1.984000,1.990000,1.991000,1.991000,1.991000,1.991000,1.991000,1.984000,1.984000,1.986000,1.983000,0.000000,0.000000,0.000000,0.000000,0.000000,0.000000,0.000000,0.000000,
0.000000,0.000000,0.000000,0.000000,0.000000,0.000000,2.002000,2.000000,2.000000,2.000000,2.000000,2.000000,2.004000,2.002000,2.000000,1.994000,1.993000,1.992000,1.993000,1.991000,1.991000,1.983000,1.990000,1.991000,1.991000,1.991000,1.991000,1.984000,1.983000,1.983000,1.986000,1.983000,0.000000,0.000000,0.000000,0.000000,0.000000,0.000000,0.000000,0.000000,
0.000000,0.000000,0.000000,0.000000,0.000000,0.000000,2.068000,2.001000,2.000000,2.000000,2.000000,2.000000,2.000000,2.000000,1.999000,1.991000,1.991000,1.991000,1.991000,1.991000,1.991000,1.983000,1.990000,1.991000,1.991000,1.991000,1.991000,1.991000,1.987000,1.983000,1.983000,1.983000,0.000000,0.000000,0.000000,0.000000,0.000000,0.000000,0.000000,0.000000,
0.000000,0.000000,0.000000,0.000000,0.000000,0.000000,0.000000,1.991000,1.992000,2.000000,2.000000,2.000000,1.995000,1.994000,1.994000,1.991000,1.991000,1.991000,1.986000,1.991000,1.991000,1.983000,1.983000,1.983000,1.991000,1.986000,1.991000,1.991000,1.983000,1.983000,1.986000,1.991000,0.000000,0.000000,0.000000,0.000000,0.000000,0.000000,0.000000,0.000000,
0.000000,0.000000,0.000000,0.000000,0.000000,0.000000,1.718000,1.983000,1.987000,1.998000,1.998000,1.998000,1.992000,1.991000,1.991000,1.990000,1.983000,1.983000,1.983000,1.991000,1.986000,1.983000,1.990000,1.991000,1.991000,1.983000,1.989000,1.983000,1.983000,1.983000,1.982000,1.981000,0.000000,0.000000,0.000000,0.000000,0.000000,0.000000,0.000000,0.000000,
0.000000,0.000000,0.000000,0.000000,0.000000,0.000000,0.000000,1.983000,1.987000,1.991000,1.991000,1.984000,1.984000,1.984000,1.984000,1.983000,1.983000,1.983000,1.983000,1.991000,1.990000,1.990000,1.991000,1.991000,1.991000,1.983000,1.989000,1.983000,1.983000,1.983000,1.978000,1.975000,0.000000,0.000000,0.000000,0.000000,0.000000,0.000000,0.000000,0.000000,
0.000000,0.000000,0.000000,0.000000,0.000000,0.000000,0.000000,1.983000,1.991000,1.987000,1.983000,1.983000,1.983000,1.983000,1.983000,1.983000,1.983000,1.983000,1.983000,1.991000,1.991000,1.991000,1.991000,1.990000,1.987000,1.983000,1.987000,1.983000,1.983000,1.983000,1.978000,1.975000,0.000000,0.000000,0.000000,0.000000,0.000000,0.000000,0.000000,0.000000,
0.000000,0.000000,0.000000,0.000000,0.000000,0.000000,0.000000,1.815000,1.991000,1.983000,1.983000,1.983000,1.983000,1.983000,1.983000,1.983000,1.983000,1.983000,1.983000,1.991000,1.991000,1.991000,1.991000,1.988000,1.983000,1.983000,1.983000,1.983000,1.983000,1.983000,1.983000,1.983000,0.000000,0.000000,0.000000,0.000000,0.000000,0.000000,0.000000,0.000000,
0.000000,0.000000,0.000000,0.000000,0.000000,0.000000,0.000000,1.913000,1.986000,1.983000,1.983000,1.983000,1.983000,1.983000,1.983000,1.983000,1.981000,1.975000,1.983000,1.991000,1.986000,1.987000,1.991000,1.988000,1.983000,1.983000,1.983000,1.983000,1.983000,1.983000,1.983000,1.986000,0.000000,0.000000,0.000000,0.000000,0.000000,0.000000,0.000000,0.000000,
0.000000,0.000000,0.000000,0.000000,0.000000,0.000000,0.000000,1.977000,1.983000,1.983000,1.984000,1.983000,1.983000,1.983000,1.983000,1.983000,1.981000,1.975000,1.982000,1.983000,1.983000,1.985000,1.991000,1.988000,1.983000,1.983000,1.983000,1.983000,1.983000,1.981000,1.981000,1.983000,0.000000,0.000000,0.000000,0.000000,0.000000,0.000000,0.000000,0.000000,
0.000000,0.000000,0.000000,0.000000,0.000000,0.000000,0.000000,1.983000,1.983000,1.990000,1.986000,1.983000,1.983000,1.983000,1.983000,1.983000,1.977000,1.975000,1.979000,1.983000,1.983000,1.985000,1.991000,1.991000,1.983000,1.983000,1.983000,1.983000,1.983000,1.975000,1.975000,1.977000,1.977000,0.000000,0.000000,0.000000,0.000000,0.000000,0.000000,0.000000,
0.000000,0.000000,0.000000,0.000000,0.000000,0.000000,0.000000,1.975000,1.983000,1.988000,1.985000,1.983000,1.983000,1.983000,1.983000,1.978000,1.975000,1.975000,1.979000,1.983000,1.983000,1.983000,1.990000,1.986000,1.983000,1.983000,1.983000,1.983000,1.983000,1.975000,1.975000,1.972000,1.972000,0.000000,0.000000,0.000000,0.000000,0.000000,0.000000,0.000000,
0.000000,0.000000,0.000000,0.000000,0.000000,0.000000,0.000000,1.801000,1.979000,1.983000,1.983000,1.983000,1.983000,1.983000,1.983000,1.983000,1.975000,1.975000,1.983000,1.983000,1.983000,1.983000,1.983000,1.983000,1.983000,1.983000,1.983000,1.983000,1.983000,1.975000,1.975000,1.967000,1.967000,0.000000,0.000000,0.000000,0.000000,0.000000,0.000000,0.000000,
0.000000,0.000000,0.000000,0.000000,0.000000,0.000000,0.000000,1.801000,1.979000,1.983000,1.983000,1.983000,1.983000,1.983000,1.983000,1.983000,1.982000,1.978000,1.983000,1.983000,1.983000,1.983000,1.983000,1.983000,1.983000,1.983000,1.983000,1.983000,1.983000,1.980000,1.977000,1.972000,1.972000,0.000000,0.000000,0.000000,0.000000,0.000000,0.000000,0.000000,
0.000000,0.000000,0.000000,0.000000,0.000000,0.000000,0.000000,0.000000,1.983000,1.983000,1.983000,1.983000,1.983000,1.983000,1.983000,1.983000,1.981000,1.975000,1.983000,1.983000,1.983000,1.983000,1.983000,1.983000,1.983000,1.983000,1.983000,1.976000,1.975000,1.975000,1.975000,1.975000,0.000000,0.000000,0.000000,0.000000,0.000000,0.000000,0.000000,0.000000,
0.000000,0.000000,0.000000,0.000000,0.000000,0.000000,0.000000,0.000000,0.000000,0.000000,0.000000,0.000000,0.000000,0.000000,0.000000,0.000000,0.000000,0.000000,0.000000,0.000000,0.000000,0.000000,0.000000,0.000000,0.000000,0.000000,0.000000,0.000000,0.000000,0.000000,0.000000,0.000000,0.000000,0.000000,0.000000,0.000000,0.000000,0.000000,0.000000,0.000000,
0.000000,0.000000,0.000000,0.000000,0.000000,0.000000,0.000000,0.000000,0.000000,0.000000,0.000000,0.000000,0.000000,0.000000,0.000000,0.000000,0.000000,0.000000,0.000000,0.000000,0.000000,0.000000,0.000000,0.000000,0.000000,0.000000,0.000000,0.000000,0.000000,0.000000,0.000000,0.000000,0.000000,0.000000,0.000000,0.000000,0.000000,0.000000,0.000000,0.000000,
0.000000,0.000000,0.000000,0.000000,0.000000,0.000000,0.000000,0.000000,0.000000,0.000000,0.000000,0.000000,0.000000,0.000000,0.000000,0.000000,0.000000,0.000000,0.000000,0.000000,0.000000,0.000000,0.000000,0.000000,0.000000,0.000000,0.000000,0.000000,0.000000,0.000000,0.000000,0.000000,0.000000,0.000000,0.000000,0.000000,0.000000,0.000000,0.000000,0.000000,
0.000000,0.000000,0.000000,0.000000,0.000000,0.000000,0.000000,0.000000,0.000000,0.000000,0.000000,0.000000,0.000000,0.000000,0.000000,0.000000,0.000000,0.000000,0.000000,0.000000,0.000000,0.000000,0.000000,0.000000,0.000000,0.000000,0.000000,0.000000,0.000000,0.000000,0.000000,0.000000,0.000000,0.000000,0.000000,0.000000,0.000000,0.000000,0.000000,0.000000,
0.000000,0.000000,0.000000,0.000000,0.000000,0.000000,0.000000,0.000000,0.000000,0.000000,0.000000,0.000000,0.000000,0.000000,0.000000,0.000000,0.000000,0.000000,0.000000,0.000000,0.000000,0.000000,0.000000,0.000000,0.000000,0.000000,0.000000,0.000000,0.000000,0.000000,0.000000,0.000000,0.000000,0.000000,0.000000,0.000000,0.000000,0.000000,0.000000,0.000000,
