40 40
0.000000 0.000000 0.000000 0.000000 0.000000 0.000000 0.000000 0.000000 0.000000 0.000000 0.000000 0.000000 0.000000 0.000000 0.000000 0.000000 0.000000 0.000000 0.000000 0.000000 0.000000 0.000000 0.000000 0.000000 0.000000 0.000000 0.000000 0.000000 0.000000 0.000000 0.000000 0.000000 0.000000 0.000000 0.000000 0.000000 0.000000 0.000000 0.000000 0.000000 
0.000000 0.000000 0.000000 0.000000 0.000000 0.000000 0.000000 0.000000 0.000000 0.000000 0.000000 0.000000 0.000000 0.000000 0.000000 0.000000 0.000000 0.000000 0.000000 0.000000 0.000000 0.000000 0.000000 0.000000 0.000000 0.000000 0.000000 0.000000 0.000000 0.000000 0.000000 0.000000 0.000000 0.000000 0.000000 0.000000 0.000000 0.000000 0.000000 0.000000 
0.000000 0.000000 0.000000 0.000000 0.000000 0.000000 0.000000 0.000000 0.000000 0.000000 0.000000 0.000000 0.000000 0.000000 0.000000 0.000000 0.000000 0.000000 0.000000 0.000000 0.000000 0.000000 0.000000 0.000000 0.000000 0.000000 0.000000 0.000000 0.000000 0.000000 0.000000 0.000000 0.000000 0.000000 0.000000 0.000000 0.000000 0.000000 0.000000 0.000000 
0.000000 0.000000 0.000000 0.000000 0.000000 0.000000 0.000000 0.000000 0.000000 0.000000 0.000000 0.000000 0.000000 0.000000 0.000000 0.000000 0.000000 0.000000 0.000000 0.000000 0.000000 0.000000 0.000000 0.000000 0.000000 0.000000 0.000000 0.000000 0.000000 0.000000 0.000000 0.000000 0.000000 0.000000 0.000000 0.000000 0.000000 0.000000 0.000000 0.000000 
0.000000 0.000000 0.000000 0.000000 0.000000 0.000000 0.000000 0.000000 0.000000 0.000000 0.000000 0.000000 0.000000 0.000000 0.000000 0.000000 0.000000 0.000000 0.000000 0.000000 0.000000 0.000000 0.000000 0.000000 0.000000 0.000000 0.000000 0.000000 0.000000 0.000000 0.000000 0.000000 0.000000 0.000000 0.000000 0.000000 0.000000 0.000000 0.000000 0.000000 
0.000000 0.000000 0.000000 0.000000 0.000000 0.000000 0.000000 0.000000 0.000000 0.000000 0.000000 0.000000 0.000000 0.000000 0.000000 0.000000 0.000000 0.000000 0.000000 0.000000 0.000000 0.000000 0.000000 0.000000 0.000000 0.000000 0.000000 0.000000 0.000000 0.000000 0.000000 0.000000 0.000000 0.000000 0.000000 0.000000 0.000000 0.000000 0.000000 0.000000 
0.000000 0.000000 0.000000 0.000000 0.000000 0.000000 0.000000 0.000000 0.000000 0.000000 0.000000 0.000000 0.000000 0.000000 0.000000 0.000000 0.000000 0.000000 0.000000 0.000000 0.000000 0.000000 0.000000 0.000000 0.000000 0.000000 0.000000 0.000000 0.000000 0.000000 0.000000 0.000000 0.000000 0.000000 0.000000 0.000000 0.000000 0.000000 0.000000 0.000000 
0.000000 0.000000 0.000000 0.000000 0.000000 0.000000 0.000000 0.000000 0.000000 0.000000 0.000000 0.000000 0.000000 0.000000 0.000000 0.000000 0.000000 0.000000 0.000000 0.000000 0.000000 0.000000 0.000000 0.000000 0.000000 0.000000 0.000000 2.349000 1.755000 1.755000 1.737000 1.704000 1.697000 1.696000 1.664000 1.229000 0.000000 0.000000 0.000000 0.000000 
0.000000 0.000000 0.000000 0.000000 0.000000 0.000000 0.000000 0.000000 0.000000 0.000000 0.000000 0.000000 0.000000 0.000000 0.000000 0.000000 0.000000 0.000000 0.000000 0.000000 0.000000 0.000000 0.000000 0.000000 2.824000 2.758000 2.720000 2.155000 1.755000 1.755000 1.737000 1.704000 1.697000 1.696000 1.664000 1.229000 0.000000 0.000000 0.000000 0.000000 
0.000000 0.000000 0.000000 0.000000 0.000000 0.000000 0.000000 0.000000 0.000000 0.000000 0.000000 0.000000 0.000000 0.000000 0.000000 0.000000 0.000000 0.000000 0.000000 0.000000 0.000000 0.000000 0.000000 2.913000 2.180000 2.008000 1.971000 1.844000 1.755000 1.755000 1.737000 1.704000 1.697000 1.696000 1.664000 1.230000 0.000000 0.000000 0.000000 0.000000 
0.000000 0.000000 0.000000 0.000000 0.000000 0.000000 0.000000 0.000000 0.000000 0.000000 0.000000 0.000000 0.000000 0.000000 0.000000 0.000000 0.000000 0.000000 0.000000 2.641000 2.623000 2.611000 2.611000 2.387000 1.985000 1.891000 1.871000 1.803000 1.755000 1.755000 1.737000 1.704000 1.697000 1.696000 1.664000 1.433000 0.000000 0.000000 0.000000 0.000000 
0.000000 0.000000 0.000000 0.000000 0.000000 0.000000 0.000000 0.000000 0.000000 0.000000 0.000000 0.000000 0.000000 0.000000 0.000000 0.000000 0.000000 0.000000 2.739000 1.935000 1.899000 1.874000 1.874000 1.874000 1.874000 1.874000 1.871000 1.805000 1.759000 1.759000 1.741000 1.708000 1.699000 1.696000 1.666000 1.645000 1.645000 1.645000 0.000000 0.000000 
0.000000 0.000000 0.000000 0.000000 0.000000 0.000000 0.000000 0.000000 0.000000 0.000000 2.728000 2.676000 2.693000 2.644000 2.595000 2.549000 2.529000 2.529000 2.251000 1.935000 1.899000 1.874000 1.874000 1.874000 1.874000 1.874000 1.872000 1.825000 1.792000 1.792000 1.774000 1.741000 1.717000 1.697000 1.685000 1.676000 1.676000 1.676000 0.000000 0.000000 
0.000000 0.000000 0.000000 0.000000 0.000000 0.000000 0.000000 0.000000 0.000000 2.910000 2.298000 2.196000 2.183000 2.113000 2.041000 1.968000 1.937000 1.937000 1.937000 1.935000 1.899000 1.874000 1.874000 1.874000 1.874000 1.874000 1.873000 1.845000 1.824000 1.817000 1.796000 1.762000 1.729000 1.697000 1.697000 1.697000 1.697000 1.697000 0.000000 0.000000 
0.000000 0.000000 0.000000 0.000000 0.000000 2.456000 2.456000 2.467000 2.498000 2.405000 2.230000 2.177000 2.145000 2.098000 2.041000 1.968000 1.937000 1.937000 1.937000 1.935000 1.899000 1.874000 1.874000 1.874000 1.874000 1.874000 1.874000 1.866000 1.853000 1.826000 1.796000 1.762000 1.729000 1.697000 1.697000 1.697000 1.697000 1.697000 0.000000 0.000000 
0.000000 0.000000 0.000000 0.000000 2.618000 2.134000 2.134000 2.148000 2.187000 2.203000 2.203000 2.170000 2.131000 2.092000 2.046000 1.984000 1.951000 1.939000 1.937000 1.935000 1.912000 1.896000 1.896000 1.889000 1.876000 1.874000 1.874000 1.874000 1.864000 1.830000 1.802000 1.780000 1.749000 1.717000 1.705000 1.697000 1.697000 1.697000 0.000000 0.000000 
0.000000 0.000000 0.000000 2.424000 2.229000 2.134000 2.134000 2.148000 2.187000 2.203000 2.203000 2.170000 2.131000 2.092000 2.052000 2.012000 1.975000 1.943000 1.937000 1.937000 1.934000 1.931000 1.931000 1.913000 1.880000 1.874000 1.874000 1.874000 1.864000 1.830000 1.812000 1.809000 1.783000 1.749000 1.719000 1.697000 1.697000 1.697000 0.000000 0.000000 
0.000000 2.929000 2.672000 2.258000 2.185000 2.167000 2.167000 2.174000 2.195000 2.203000 2.203000 2.170000 2.132000 2.112000 2.086000 2.048000 2.011000 1.974000 1.967000 1.967000 1.967000 1.962000 1.945000 1.927000 1.908000 1.877000 1.845000 1.845000 1.840000 1.822000 1.814000 1.814000 1.788000 1.754000 1.721000 1.697000 1.697000 1.697000 0.000000 0.000000 
0.000000 2.134000 2.158000 2.198000 2.203000 2.203000 2.203000 2.203000 2.203000 2.202000 2.200000 2.168000 2.134000 2.134000 2.121000 2.082000 2.045000 2.010000 2.002000 2.000000 2.000000 1.989000 1.953000 1.937000 1.937000 1.881000 1.814000 1.814000 1.814000 1.814000 1.813000 1.811000 1.785000 1.751000 1.720000 1.697000 1.695000 1.694000 0.000000 0.000000 
0.000000 2.134000 2.158000 2.198000 2.203000 2.203000 2.203000 2.203000 2.203000 2.188000 2.164000 2.148000 2.134000 2.134000 2.121000 2.082000 2.058000 2.043000 2.022000 2.000000 2.000000 1.989000 1.953000 1.937000 1.937000 1.881000 1.814000 1.814000 1.814000 1.814000 1.803000 1.782000 1.751000 1.719000 1.706000 1.692000 1.672000 1.662000 0.000000 0.000000 
0.000000 2.147000 2.167000 2.199000 2.203000 2.203000 2.203000 2.203000 2.203000 2.179000 2.140000 2.134000 2.134000 2.134000 2.121000 2.082000 2.066000 2.066000 2.035000 2.000000 1.993000 1.979000 1.950000 1.937000 1.937000 1.886000 1.825000 1.819000 1.812000 1.806000 1.785000 1.751000 1.723000 1.697000 1.697000 1.688000 1.656000 1.641000 0.000000 0.000000 
0.000000 2.186000 2.192000 2.202000 2.203000 2.203000 2.203000 2.203000 2.203000 2.179000 2.140000 2.134000 2.134000 2.134000 2.121000 2.082000 2.066000 2.066000 2.035000 1.998000 1.971000 1.949000 1.941000 1.937000 1.937000 1.902000 1.858000 1.832000 1.807000 1.781000 1.751000 1.718000 1.705000 1.697000 1.697000 1.688000 1.656000 1.641000 0.000000 0.000000 
0.000000 2.227000 2.218000 2.205000 2.203000 2.203000 2.203000 2.203000 2.203000 2.187000 2.161000 2.146000 2.134000 2.134000 2.125000 2.099000 2.081000 2.068000 2.035000 1.998000 1.962000 1.937000 1.937000 1.937000 1.937000 1.908000 1.873000 1.850000 1.821000 1.776000 1.737000 1.704000 1.697000 1.697000 1.697000 1.468000 0.000000 0.000000 0.000000 0.000000 
0.000000 2.268000 2.245000 2.208000 2.203000 2.203000 2.203000 2.203000 2.203000 2.201000 2.197000 2.166000 2.134000 2.134000 2.133000 2.129000 2.107000 2.072000 2.035000 1.998000 1.962000 1.937000 1.937000 1.937000 1.937000 1.908000 1.874000 1.870000 1.849000 1.785000 1.737000 1.704000 1.697000 1.697000 1.697000 1.088000 0.000000 0.000000 0.000000 0.000000 
0.000000 2.275000 2.249000 2.208000 2.203000 2.203000 2.203000 2.203000 2.203000 2.203000 2.203000 2.170000 2.134000 2.134000 2.134000 2.134000 2.112000 2.073000 2.021000 1.969000 1.950000 1.937000 1.937000 1.937000 1.937000 1.908000 1.874000 1.874000 1.868000 1.849000 1.166000 0.000000 0.000000 0.000000 0.000000 0.000000 0.000000 0.000000 0.000000 0.000000 
0.000000 2.278000 2.252000 2.211000 2.204000 2.203000 2.203000 2.203000 2.203000 2.203000 2.203000 2.171000 2.137000 2.135000 2.133000 2.132000 2.109000 2.070000 2.004000 1.937000 1.936000 1.935000 1.935000 1.935000 1.937000 1.909000 1.876000 1.876000 1.887000 1.923000 0.000000 0.000000 0.000000 0.000000 0.000000 0.000000 0.000000 0.000000 0.000000 0.000000 
0.000000 2.319000 2.294000 2.252000 2.225000 2.203000 2.203000 2.203000 2.203000 2.203000 2.203000 2.190000 2.174000 2.150000 2.126000 2.103000 2.071000 2.033000 1.984000 1.936000 1.914000 1.899000 1.899000 1.911000 1.933000 1.926000 1.912000 1.912000 1.923000 1.959000 0.000000 0.000000 0.000000 0.000000 0.000000 0.000000 0.000000 0.000000 0.000000 0.000000 
0.000000 2.348000 2.322000 2.281000 2.246000 2.216000 2.216000 2.216000 2.216000 2.216000 2.216000 2.210000 2.199000 2.160000 2.121000 2.082000 2.044000 2.007000 1.970000 1.935000 1.899000 1.874000 1.874000 1.894000 1.930000 1.559000 1.109000 1.109000 1.118000 1.147000 0.000000 0.000000 0.000000 0.000000 0.000000 0.000000 0.000000 0.000000 0.000000 0.000000 
0.000000 2.348000 2.322000 2.281000 2.266000 2.257000 2.257000 2.257000 2.257000 2.257000 2.257000 2.231000 2.199000 2.160000 2.121000 2.082000 2.044000 2.007000 1.970000 1.935000 1.899000 1.874000 1.874000 1.894000 1.930000 0.000000 0.000000 0.000000 0.000000 0.000000 0.000000 0.000000 0.000000 0.000000 0.000000 0.000000 0.000000 0.000000 0.000000 0.000000 
0.000000 2.348000 2.322000 2.281000 2.275000 2.275000 2.275000 2.275000 2.275000 2.275000 2.275000 2.240000 2.201000 2.174000 2.147000 2.121000 1.580000 0.000000 0.000000 0.000000 0.000000 0.000000 0.000000 0.000000 0.000000 0.000000 0.000000 0.000000 0.000000 0.000000 0.000000 0.000000 0.000000 0.000000 0.000000 0.000000 0.000000 0.000000 0.000000 0.000000 
0.000000 2.348000 2.322000 2.281000 2.275000 2.275000 2.275000 2.275000 2.275000 2.275000 2.275000 2.240000 2.203000 2.198000 2.194000 2.189000 0.000000 0.000000 0.000000 0.000000 0.000000 0.000000 0.000000 0.000000 0.000000 0.000000 0.000000 0.000000 0.000000 0.000000 0.000000 0.000000 0.000000 0.000000 0.000000 0.000000 0.000000 0.000000 0.000000 0.000000 
0.000000 2.383000 2.333000 2.253000 2.242000 2.242000 2.242000 2.242000 2.242000 2.253000 2.272000 2.256000 2.119000 0.000000 0.000000 0.000000 0.000000 0.000000 0.000000 0.000000 0.000000 0.000000 0.000000 0.000000 0.000000 0.000000 0.000000 0.000000 0.000000 0.000000 0.000000 0.000000 0.000000 0.000000 0.000000 0.000000 0.000000 0.000000 0.000000 0.000000 
0.000000 2.424000 2.346000 2.220000 2.203000 2.203000 2.203000 2.203000 2.203000 2.228000 2.269000 2.275000 2.020000 0.000000 0.000000 0.000000 0.000000 0.000000 0.000000 0.000000 0.000000 0.000000 0.000000 0.000000 0.000000 0.000000 0.000000 0.000000 0.000000 0.000000 0.000000 0.000000 0.000000 0.000000 0.000000 0.000000 0.000000 0.000000 0.000000 0.000000 
0.000000 0.000000 0.000000 0.000000 0.000000 0.000000 0.000000 0.000000 0.000000 0.000000 0.000000 0.000000 0.000000 0.000000 0.000000 0.000000 0.000000 0.000000 0.000000 0.000000 0.000000 0.000000 0.000000 0.000000 0.000000 0.000000 0.000000 0.000000 0.000000 0.000000 0.000000 0.000000 0.000000 0.000000 0.000000 0.000000 0.000000 0.000000 0.000000 0.000000 
0.000000 0.000000 0.000000 0.000000 0.000000 0.000000 0.000000 0.000000 0.000000 0.000000 0.000000 0.000000 0.000000 0.000000 0.000000 0.000000 0.000000 0.000000 0.000000 0.000000 0.000000 0.000000 0.000000 0.000000 0.000000 0.000000 0.000000 0.000000 0.000000 0.000000 0.000000 0.000000 0.000000 0.000000 0.000000 0.000000 0.000000 0.000000 0.000000 0.000000 
0.000000 0.000000 0.000000 0.000000 0.000000 0.000000 0.000000 0.000000 0.000000 0.000000 0.000000 0.000000 0.000000 0.000000 0.000000 0.000000 0.000000 0.000000 0.000000 0.000000 0.000000 0.000000 0.000000 0.000000 0.000000 0.000000 0.000000 0.000000 0.000000 0.000000 0.000000 0.000000 0.000000 0.000000 0.000000 0.000000 0.000000 0.000000 0.000000 0.000000 
0.000000 0.000000 0.000000 0.000000 0.000000 0.000000 0.000000 0.000000 0.000000 0.000000 0.000000 0.000000 0.000000 0.000000 0.000000 0.000000 0.000000 0.000000 0.000000 0.000000 0.000000 0.000000 0.000000 0.000000 0.000000 0.000000 0.000000 0.000000 0.000000 0.000000 0.000000 0.000000 0.000000 0.000000 0.000000 0.000000 0.000000 0.000000 0.000000 0.000000 
0.000000 0.000000 0.000000 0.000000 0.000000 0.000000 0.000000 0.000000 0.000000 0.000000 0.000000 0.000000 0.000000 0.000000 0.000000 0.000000 0.000000 0.000000 0.000000 0.000000 0.000000 0.000000 0.000000 0.000000 0.000000 0.000000 0.000000 0.000000 0.000000 0.000000 0.000000 0.000000 0.000000 0.000000 0.000000 0.000000 0.000000 0.000000 0.000000 0.000000 
0.000000 0.000000 0.000000 0.000000 0.000000 0.000000 0.000000 0.000000 0.000000 0.000000 0.000000 0.000000 0.000000 0.000000 0.000000 0.000000 0.000000 0.000000 0.000000 0.000000 0.000000 0.000000 0.000000 0.000000 0.000000 0.000000 0.000000 0.000000 0.000000 0.000000 0.000000 0.000000 0.000000 0.000000 0.000000 0.000000 0.000000 0.000000 0.000000 0.000000 
0.000000 0.000000 0.000000 0.000000 0.000000 0.000000 0.000000 0.000000 0.000000 0.000000 0.000000 0.000000 0.000000 0.000000 0.000000 0.000000 0.000000 0.000000 0.000000 0.000000 0.000000 0.000000 0.000000 0.000000 0.000000 0.000000 0.000000 0.000000 0.000000 0.000000 0.000000 0.000000 0.000000 0.000000 0.000000 0.000000 0.000000 0.000000 0.000000 0.000000 
