40 40
0.000000 0.000000 0.000000 0.000000 0.000000 0.000000 0.000000 0.000000 0.000000 0.000000 0.000000 0.000000 0.000000 0.000000 0.000000 0.000000 0.000000 0.000000 0.000000 0.000000 0.000000 0.000000 0.000000 0.000000 0.000000 0.000000 0.000000 0.000000 0.000000 0.000000 0.000000 0.000000 0.000000 0.000000 0.000000 0.000000 0.000000 0.000000 0.000000 0.000000 
0.000000 0.000000 0.000000 0.000000 0.000000 0.000000 0.000000 0.000000 0.000000 0.000000 0.000000 0.000000 0.000000 0.000000 0.000000 0.000000 0.000000 0.000000 0.000000 0.000000 0.000000 0.000000 0.000000 0.000000 0.000000 0.000000 0.000000 0.000000 0.000000 0.000000 0.000000 0.000000 0.000000 0.000000 0.000000 0.000000 0.000000 0.000000 0.000000 0.000000 
0.000000 0.000000 0.000000 0.000000 0.000000 0.000000 0.000000 0.000000 0.000000 0.000000 0.000000 0.000000 0.000000 0.000000 0.000000 0.000000 0.000000 0.000000 0.000000 0.000000 0.000000 0.000000 0.000000 0.000000 0.000000 0.000000 0.000000 0.000000 0.000000 0.000000 0.000000 0.000000 0.000000 0.000000 0.000000 0.000000 0.000000 0.000000 0.000000 0.000000 
0.000000 0.000000 0.000000 0.000000 0.000000 0.000000 0.000000 0.000000 0.000000 0.000000 0.000000 0.000000 0.000000 0.000000 0.000000 0.000000 0.000000 0.000000 0.000000 0.000000 0.000000 0.000000 0.000000 0.000000 0.000000 0.000000 0.000000 0.000000 0.000000 0.000000 0.000000 0.000000 0.000000 0.000000 0.000000 0.000000 0.000000 0.000000 0.000000 0.000000 
0.000000 0.000000 0.000000 0.000000 0.000000 0.000000 0.000000 0.000000 0.000000 0.000000 0.000000 0.000000 0.000000 0.000000 0.000000 0.000000 0.000000 0.000000 0.000000 0.000000 0.000000 0.000000 0.000000 0.000000 0.000000 0.000000 0.000000 0.000000 0.000000 0.000000 0.000000 0.000000 0.000000 0.000000 0.000000 0.000000 0.000000 0.000000 0.000000 0.000000 
0.000000 0.000000 0.000000 0.000000 0.000000 0.000000 0.000000 0.000000 0.000000 0.000000 0.000000 0.000000 0.000000 0.000000 0.000000 0.000000 0.000000 0.000000 0.000000 0.000000 0.000000 0.000000 0.000000 0.000000 0.000000 0.000000 0.000000 0.000000 0.000000 0.000000 0.000000 0.000000 0.000000 0.000000 0.000000 0.000000 0.000000 0.000000 0.000000 0.000000 
0.000000 0.000000 0.000000 0.000000 0.000000 0.000000 0.000000 0.000000 0.000000 0.000000 0.000000 0.000000 0.000000 0.000000 0.000000 0.000000 0.000000 0.000000 0.000000 0.000000 0.000000 0.000000 0.000000 0.000000 0.000000 0.000000 0.000000 0.000000 0.000000 0.000000 0.000000 0.000000 0.000000 0.000000 0.000000 0.000000 0.000000 0.000000 0.000000 0.000000 
0.000000 0.000000 0.000000 0.000000 0.000000 0.000000 0.000000 0.000000 0.000000 0.000000 0.000000 0.000000 0.000000 0.000000 0.000000 0.000000 0.000000 0.000000 0.000000 0.000000 0.000000 0.000000 0.000000 0.000000 0.000000 0.000000 0.000000 0.000000 0.000000 0.000000 0.000000 0.000000 0.000000 0.000000 0.000000 0.000000 0.000000 0.000000 0.000000 0.000000 
0.000000 0.000000 0.000000 0.000000 0.000000 0.000000 0.000000 0.000000 0.000000 0.000000 0.000000 0.000000 0.000000 0.000000 0.000000 0.000000 0.000000 0.000000 0.000000 0.000000 0.000000 0.000000 0.000000 0.000000 0.000000 0.000000 0.000000 0.000000 0.000000 0.000000 0.000000 0.000000 0.000000 0.000000 0.000000 0.000000 0.000000 0.000000 0.000000 0.000000 
0.000000 0.000000 0.000000 0.000000 0.000000 0.000000 0.000000 0.000000 0.000000 0.000000 0.000000 0.000000 0.000000 0.000000 0.000000 0.000000 0.000000 0.000000 0.000000 0.000000 0.000000 0.000000 0.000000 0.000000 0.000000 0.000000 0.000000 0.000000 0.000000 0.000000 0.000000 0.000000 0.000000 0.000000 0.000000 0.000000 0.000000 0.000000 0.000000 0.000000 
0.000000 0.000000 0.000000 0.000000 0.000000 0.000000 0.000000 0.000000 0.000000 0.000000 0.000000 0.000000 0.000000 0.000000 0.000000 0.000000 0.000000 0.000000 0.000000 0.000000 0.000000 0.000000 2.477000 1.982000 1.980000 1.961000 1.957000 0.000000 0.000000 1.483000 2.053000 2.045000 2.047000 2.054000 2.054000 0.000000 0.000000 0.000000 0.000000 0.000000 
0.000000 0.000000 0.000000 0.000000 0.000000 0.000000 0.000000 0.000000 0.000000 0.000000 0.000000 0.000000 0.000000 0.000000 0.000000 0.000000 0.000000 0.000000 0.000000 0.000000 0.000000 0.000000 0.000000 2.018000 1.982000 1.957000 1.957000 2.031000 2.031000 2.047000 2.054000 2.048000 2.045000 2.052000 2.054000 0.000000 0.000000 0.000000 0.000000 0.000000 
0.000000 0.000000 0.000000 0.000000 0.000000 0.000000 0.000000 0.000000 0.000000 0.000000 0.000000 0.000000 0.000000 0.000000 0.000000 0.000000 0.000000 0.000000 0.000000 2.217000 0.000000 0.000000 2.000000 2.010000 2.017000 2.017000 2.017000 2.026000 2.026000 2.034000 2.041000 2.044000 2.045000 2.045000 2.045000 2.050000 0.000000 0.000000 0.000000 0.000000 
0.000000 0.000000 0.000000 0.000000 0.000000 0.000000 0.000000 0.000000 0.000000 0.000000 0.000000 0.000000 0.000000 0.000000 0.000000 0.000000 0.000000 2.501000 2.186000 2.009000 2.014000 2.017000 2.010000 2.010000 2.024000 2.025000 2.025000 2.030000 2.026000 2.026000 2.035000 2.036000 2.045000 2.045000 2.040000 2.027000 0.000000 0.000000 0.000000 0.000000 
0.000000 0.000000 0.000000 0.000000 0.000000 0.000000 0.000000 0.000000 0.000000 0.000000 0.000000 0.000000 0.000000 0.000000 0.000000 0.000000 2.008000 2.013000 2.019000 2.012000 2.015000 2.025000 2.017000 2.017000 2.017000 2.020000 2.026000 2.026000 2.026000 2.026000 2.027000 2.035000 2.040000 2.044000 2.039000 2.026000 0.000000 0.000000 0.000000 0.000000 
0.000000 0.000000 0.000000 0.000000 0.000000 0.000000 0.000000 0.000000 0.000000 0.000000 0.000000 0.000000 0.000000 1.991000 1.991000 1.991000 2.008000 2.008000 2.017000 2.017000 2.017000 2.017000 2.017000 2.017000 2.017000 2.017000 2.025000 2.026000 2.026000 2.026000 2.027000 2.035000 2.035000 2.035000 2.038000 2.045000 2.045000 0.000000 0.000000 0.000000 
0.000000 0.000000 0.000000 0.000000 0.000000 0.000000 0.000000 0.000000 2.459000 0.000000 1.986000 1.988000 1.998000 1.991000 1.991000 1.994000 2.008000 2.008000 2.008000 2.012000 2.012000 2.013000 2.017000 2.017000 2.017000 2.017000 2.021000 2.026000 2.026000 2.026000 2.026000 2.026000 2.028000 2.031000 2.031000 2.039000 2.039000 0.000000 0.000000 0.000000 
0.000000 0.000000 0.000000 2.986000 2.968000 2.958000 2.946000 2.441000 1.982000 1.975000 1.982000 1.982000 1.997000 1.990000 1.982000 1.982000 2.003000 2.007000 2.007000 2.008000 2.008000 2.008000 2.014000 2.017000 2.017000 2.017000 2.017000 2.026000 2.026000 2.026000 2.026000 2.032000 2.035000 2.028000 2.026000 2.026000 2.026000 0.000000 0.000000 0.000000 
0.000000 0.000000 0.000000 2.920000 2.915000 2.685000 2.295000 1.982000 1.982000 1.982000 1.982000 1.982000 1.991000 1.984000 1.982000 1.982000 1.996000 2.000000 2.000000 2.003000 2.008000 2.008000 2.008000 2.017000 2.017000 2.017000 2.022000 2.026000 2.026000 2.026000 2.026000 2.032000 2.035000 2.033000 2.030000 2.026000 2.026000 0.000000 0.000000 0.000000 
0.000000 0.000000 0.000000 2.691000 2.107000 1.982000 1.980000 1.974000 1.980000 1.980000 1.980000 1.982000 1.982000 1.982000 1.982000 1.982000 1.991000 1.998000 2.000000 2.000000 2.005000 2.008000 2.008000 2.017000 2.017000 2.019000 2.025000 2.026000 2.026000 2.026000 2.026000 2.026000 2.028000 2.035000 2.033000 2.028000 2.035000 0.000000 0.000000 0.000000 
0.000000 0.000000 0.000000 1.974000 1.974000 1.982000 1.975000 1.971000 1.967000 1.971000 1.974000 1.976000 1.976000 1.976000 1.976000 1.981000 1.991000 1.991000 2.000000 1.993000 2.002000 2.009000 2.015000 2.017000 2.017000 2.026000 2.026000 2.026000 2.026000 2.019000 2.026000 2.026000 2.033000 2.035000 2.035000 2.035000 2.035000 0.000000 0.000000 0.000000 
0.000000 0.000000 0.000000 1.969000 1.973000 1.982000 1.972000 1.961000 1.954000 1.958000 1.969000 1.969000 1.971000 1.973000 1.974000 1.981000 1.991000 1.991000 1.994000 1.994000 2.003000 2.009000 2.017000 2.017000 2.017000 2.017000 2.023000 2.023000 2.023000 2.017000 2.023000 2.026000 2.031000 2.026000 2.033000 2.035000 2.026000 0.000000 0.000000 0.000000 
0.000000 0.000000 0.000000 1.955000 1.952000 1.963000 1.965000 1.950000 1.941000 1.946000 1.957000 1.957000 1.960000 1.972000 1.976000 1.982000 1.991000 1.991000 1.991000 2.000000 2.008000 2.008000 2.009000 2.011000 2.017000 2.017000 2.017000 2.017000 2.017000 2.017000 2.018000 2.026000 2.026000 2.026000 2.026000 2.027000 0.000000 0.000000 0.000000 0.000000 
0.000000 0.000000 0.000000 1.945000 1.945000 1.947000 1.956000 1.949000 1.940000 1.945000 1.950000 1.957000 1.962000 1.973000 1.977000 1.982000 1.991000 1.991000 1.996000 2.000000 2.002000 2.000000 2.006000 2.008000 2.008000 2.008000 2.013000 2.013000 2.017000 2.019000 2.017000 2.023000 2.026000 0.000000 0.000000 0.000000 2.700000 0.000000 0.000000 0.000000 
0.000000 0.000000 0.000000 1.932000 1.932000 1.940000 1.949000 1.953000 1.940000 1.945000 1.951000 1.965000 1.974000 1.974000 1.982000 1.982000 1.991000 1.991000 1.996000 2.000000 2.000000 2.000000 2.006000 2.008000 2.008000 2.008000 2.008000 2.008000 2.017000 2.026000 0.000000 0.000000 0.000000 0.000000 0.000000 0.000000 0.000000 0.000000 0.000000 0.000000 
0.000000 0.000000 0.000000 1.912000 1.922000 1.940000 1.952000 1.961000 1.953000 1.958000 1.963000 1.977000 1.982000 1.982000 1.982000 1.982000 1.988000 1.991000 1.996000 2.000000 2.000000 2.001000 2.011000 2.006000 2.000000 2.001000 1.191000 0.000000 0.000000 0.000000 0.000000 0.000000 0.000000 0.000000 0.000000 0.000000 0.000000 0.000000 0.000000 0.000000 
0.000000 0.000000 0.000000 1.901000 1.907000 1.942000 1.963000 1.965000 1.965000 1.974000 1.974000 1.979000 1.982000 1.982000 1.982000 1.982000 1.982000 1.982000 1.996000 2.012000 2.170000 2.178000 1.018000 0.000000 0.000000 0.000000 0.000000 0.000000 0.000000 0.000000 0.000000 0.000000 0.000000 0.000000 0.000000 0.000000 0.000000 0.000000 0.000000 0.000000 
0.000000 0.000000 0.000000 2.471000 2.483000 1.965000 1.965000 1.965000 1.965000 1.970000 1.974000 1.974000 1.982000 1.982000 1.972000 1.972000 1.984000 1.988000 2.808000 0.000000 0.000000 0.000000 0.000000 2.215000 0.000000 0.000000 2.467000 0.000000 0.000000 0.000000 0.000000 0.000000 0.000000 0.000000 0.000000 0.000000 0.000000 0.000000 0.000000 0.000000 
0.000000 0.000000 0.000000 2.829000 2.842000 1.965000 1.965000 1.965000 1.965000 1.965000 1.974000 1.974000 1.982000 2.294000 2.371000 2.358000 2.374000 0.000000 0.000000 0.000000 0.000000 0.000000 0.000000 2.918000 0.000000 0.000000 1.193000 0.000000 0.000000 0.000000 0.000000 0.000000 0.000000 0.000000 0.000000 0.000000 0.000000 0.000000 0.000000 0.000000 
0.000000 0.000000 0.000000 2.829000 2.829000 1.965000 1.965000 1.965000 1.965000 1.965000 1.975000 1.980000 2.133000 0.000000 0.000000 0.000000 0.000000 0.000000 0.000000 0.000000 0.000000 0.000000 0.000000 2.528000 0.000000 2.283000 0.000000 0.000000 0.000000 0.000000 0.000000 0.000000 0.000000 0.000000 0.000000 0.000000 0.000000 0.000000 0.000000 0.000000 
0.000000 0.000000 0.000000 0.000000 0.000000 0.000000 0.000000 0.000000 0.000000 0.000000 0.000000 0.000000 0.000000 0.000000 0.000000 0.000000 0.000000 0.000000 0.000000 0.000000 0.000000 0.000000 0.000000 0.000000 0.000000 0.000000 0.000000 0.000000 0.000000 0.000000 0.000000 0.000000 0.000000 0.000000 0.000000 0.000000 0.000000 0.000000 0.000000 0.000000 
0.000000 0.000000 0.000000 0.000000 0.000000 0.000000 0.000000 0.000000 0.000000 0.000000 0.000000 0.000000 0.000000 0.000000 0.000000 0.000000 0.000000 0.000000 0.000000 0.000000 0.000000 0.000000 0.000000 0.000000 0.000000 0.000000 0.000000 0.000000 0.000000 0.000000 0.000000 0.000000 0.000000 0.000000 0.000000 0.000000 0.000000 0.000000 0.000000 0.000000 
0.000000 0.000000 0.000000 0.000000 0.000000 0.000000 0.000000 0.000000 0.000000 0.000000 0.000000 0.000000 0.000000 0.000000 0.000000 0.000000 0.000000 0.000000 0.000000 0.000000 0.000000 0.000000 0.000000 0.000000 0.000000 0.000000 0.000000 0.000000 0.000000 0.000000 0.000000 0.000000 0.000000 0.000000 0.000000 0.000000 0.000000 0.000000 0.000000 0.000000 
0.000000 0.000000 0.000000 0.000000 0.000000 0.000000 0.000000 0.000000 0.000000 0.000000 0.000000 0.000000 0.000000 0.000000 0.000000 0.000000 0.000000 0.000000 0.000000 0.000000 0.000000 0.000000 0.000000 0.000000 0.000000 0.000000 0.000000 0.000000 0.000000 0.000000 0.000000 0.000000 0.000000 0.000000 0.000000 0.000000 0.000000 0.000000 0.000000 0.000000 
0.000000 0.000000 0.000000 0.000000 0.000000 0.000000 0.000000 0.000000 0.000000 0.000000 0.000000 0.000000 0.000000 0.000000 0.000000 0.000000 0.000000 0.000000 0.000000 0.000000 0.000000 0.000000 0.000000 0.000000 0.000000 0.000000 0.000000 0.000000 0.000000 0.000000 0.000000 0.000000 0.000000 0.000000 0.000000 0.000000 0.000000 0.000000 0.000000 0.000000 
0.000000 0.000000 0.000000 0.000000 0.000000 0.000000 0.000000 0.000000 0.000000 0.000000 0.000000 0.000000 0.000000 0.000000 0.000000 0.000000 0.000000 0.000000 0.000000 0.000000 0.000000 0.000000 0.000000 0.000000 0.000000 0.000000 0.000000 0.000000 0.000000 0.000000 0.000000 0.000000 0.000000 0.000000 0.000000 0.000000 0.000000 0.000000 0.000000 0.000000 
0.000000 0.000000 0.000000 0.000000 0.000000 0.000000 0.000000 0.000000 0.000000 0.000000 0.000000 0.000000 0.000000 0.000000 0.000000 0.000000 0.000000 0.000000 0.000000 0.000000 0.000000 0.000000 0.000000 0.000000 0.000000 0.000000 0.000000 0.000000 0.000000 0.000000 0.000000 0.000000 0.000000 0.000000 0.000000 0.000000 0.000000 0.000000 0.000000 0.000000 
0.000000 0.000000 0.000000 0.000000 0.000000 0.000000 0.000000 0.000000 0.000000 0.000000 0.000000 0.000000 0.000000 0.000000 0.000000 0.000000 0.000000 0.000000 0.000000 0.000000 0.000000 0.000000 0.000000 0.000000 0.000000 0.000000 0.000000 0.000000 0.000000 0.000000 0.000000 0.000000 0.000000 0.000000 0.000000 0.000000 0.000000 0.000000 0.000000 0.000000 
0.000000 0.000000 0.000000 0.000000 0.000000 0.000000 0.000000 0.000000 0.000000 0.000000 0.000000 0.000000 0.000000 0.000000 0.000000 0.000000 0.000000 0.000000 0.000000 0.000000 0.000000 0.000000 0.000000 0.000000 0.000000 0.000000 0.000000 0.000000 0.000000 0.000000 0.000000 0.000000 0.000000 0.000000 0.000000 0.000000 0.000000 0.000000 0.000000 0.000000 
0.000000 0.000000 0.000000 0.000000 0.000000 0.000000 0.000000 0.000000 0.000000 0.000000 0.000000 0.000000 0.000000 0.000000 0.000000 0.000000 0.000000 0.000000 0.000000 0.000000 0.000000 0.000000 0.000000 0.000000 0.000000 0.000000 0.000000 0.000000 0.000000 0.000000 0.000000 0.000000 0.000000 0.000000 0.000000 0.000000 0.000000 0.000000 0.000000 0.000000 
