40 40
1.864000 1.864000 1.864000 1.864000 1.864000 1.864000 1.864000 1.864000 1.864000 1.864000 1.864000 1.864000 1.864000 1.864000 1.745000 1.596000 1.466000 1.399000 1.331000 1.280000 1.238000 1.200000 1.200000 1.200000 1.190000 1.170000 1.150000 1.149000 1.149000 1.149000 1.149000 1.149000 1.115000 1.074000 1.044000 1.044000 1.044000 1.072000 1.113000 1.003000 
1.864000 1.864000 1.864000 1.864000 1.864000 1.864000 1.864000 1.864000 1.864000 1.864000 1.864000 1.864000 1.864000 1.864000 1.803000 1.726000 1.647000 1.558000 1.469000 1.388000 1.312000 1.242000 1.242000 1.242000 1.223000 1.187000 1.150000 1.149000 1.149000 1.149000 1.149000 1.149000 1.115000 1.074000 1.044000 1.044000 1.044000 1.072000 1.113000 1.111000 
1.898000 1.898000 1.898000 1.898000 1.898000 1.898000 1.898000 1.898000 1.898000 1.898000 1.898000 1.898000 1.898000 1.898000 1.868000 1.829000 1.777000 1.679000 1.581000 1.488000 1.397000 1.314000 1.302000 1.291000 1.263000 1.220000 1.178000 1.166000 1.155000 1.149000 1.149000 1.149000 1.124000 1.093000 1.070000 1.070000 1.070000 1.091000 1.122000 1.149000 
1.951000 1.951000 1.951000 1.951000 1.951000 1.951000 1.951000 1.951000 1.951000 1.951000 1.951000 1.951000 1.951000 1.951000 1.936000 1.918000 1.880000 1.779000 1.678000 1.582000 1.488000 1.401000 1.372000 1.343000 1.307000 1.263000 1.220000 1.192000 1.165000 1.149000 1.149000 1.149000 1.137000 1.122000 1.111000 1.111000 1.111000 1.121000 1.136000 1.149000 
2.005000 2.004000 2.004000 2.004000 2.002000 2.001000 2.000000 2.000000 2.000000 2.000000 2.000000 2.000000 2.000000 2.000000 2.000000 2.000000 1.976000 1.876000 1.775000 1.677000 1.580000 1.489000 1.442000 1.396000 1.350000 1.306000 1.262000 1.220000 1.178000 1.152000 1.151000 1.149000 1.149000 1.149000 1.149000 1.149000 1.149000 1.149000 1.149000 1.149000 
2.068000 2.059000 2.059000 2.057000 2.034000 2.011000 2.000000 2.000000 2.000000 2.000000 2.000000 2.000000 2.000000 2.000000 2.000000 2.000000 1.986000 1.925000 1.865000 1.779000 1.679000 1.583000 1.517000 1.450000 1.395000 1.351000 1.306000 1.263000 1.220000 1.187000 1.170000 1.152000 1.149000 1.149000 1.149000 1.149000 1.149000 1.149000 1.149000 1.149000 
2.131000 2.114000 2.114000 2.111000 2.066000 2.022000 2.000000 2.000000 2.000000 2.000000 2.000000 2.000000 2.000000 2.000000 2.000000 2.000000 1.995000 1.975000 1.956000 1.881000 1.778000 1.677000 1.591000 1.505000 1.440000 1.395000 1.350000 1.307000 1.263000 1.223000 1.189000 1.155000 1.149000 1.149000 1.149000 1.149000 1.149000 1.149000 1.149000 1.149000 
2.217000 2.193000 2.181000 2.165000 2.099000 2.033000 2.000000 2.000000 2.000000 2.000000 2.000000 2.000000 2.000000 2.000000 2.000000 2.000000 2.000000 2.000000 2.000000 1.944000 1.861000 1.777000 1.690000 1.602000 1.531000 1.475000 1.419000 1.366000 1.312000 1.263000 1.220000 1.178000 1.170000 1.170000 1.168000 1.160000 1.152000 1.149000 1.149000 1.149000 
2.327000 2.296000 2.260000 2.221000 2.132000 2.044000 2.000000 2.000000 2.000000 2.000000 2.000000 2.000000 2.000000 2.000000 2.000000 2.000000 2.000000 2.000000 2.000000 1.971000 1.929000 1.883000 1.812000 1.741000 1.667000 1.590000 1.513000 1.440000 1.368000 1.306000 1.263000 1.220000 1.212000 1.212000 1.206000 1.181000 1.157000 1.149000 1.149000 1.149000 
2.437000 2.398000 2.340000 2.277000 2.166000 2.054000 2.000000 2.000000 2.000000 2.000000 2.000000 2.000000 2.000000 2.000000 2.000000 2.000000 2.000000 2.000000 2.000000 1.998000 1.996000 1.989000 1.935000 1.881000 1.803000 1.705000 1.606000 1.515000 1.423000 1.350000 1.306000 1.262000 1.255000 1.255000 1.244000 1.203000 1.162000 1.149000 1.149000 1.149000 
2.443000 2.418000 2.380000 2.335000 2.200000 2.066000 2.000000 2.000000 2.000000 2.000000 2.000000 2.000000 2.000000 2.000000 2.000000 2.000000 2.000000 2.000000 2.000000 2.000000 2.000000 1.997000 1.963000 1.930000 1.870000 1.788000 1.705000 1.610000 1.515000 1.433000 1.371000 1.309000 1.285000 1.269000 1.250000 1.224000 1.197000 1.178000 1.163000 1.149000 
2.443000 2.434000 2.419000 2.393000 2.235000 2.077000 2.000000 2.000000 2.000000 2.000000 2.000000 2.000000 2.000000 2.000000 2.000000 2.000000 2.000000 2.000000 2.000000 2.000000 2.000000 1.999000 1.986000 1.973000 1.933000 1.868000 1.804000 1.707000 1.609000 1.518000 1.437000 1.357000 1.315000 1.282000 1.254000 1.244000 1.234000 1.209000 1.177000 1.149000 
2.466000 2.466000 2.466000 2.453000 2.288000 2.123000 2.038000 2.029000 2.021000 2.020000 2.020000 2.017000 2.010000 2.002000 2.000000 2.000000 2.000000 2.000000 2.000000 2.000000 2.000000 2.000000 2.000000 2.000000 1.976000 1.931000 1.885000 1.794000 1.702000 1.611000 1.525000 1.438000 1.380000 1.329000 1.289000 1.282000 1.275000 1.249000 1.213000 1.181000 
2.529000 2.529000 2.529000 2.517000 2.371000 2.226000 2.139000 2.108000 2.077000 2.075000 2.075000 2.064000 2.035000 2.006000 2.000000 2.000000 2.000000 2.000000 2.000000 2.000000 2.000000 2.000000 2.000000 2.000000 1.987000 1.962000 1.938000 1.865000 1.790000 1.717000 1.647000 1.576000 1.505000 1.433000 1.373000 1.349000 1.325000 1.304000 1.284000 1.267000 
2.591000 2.591000 2.591000 2.581000 2.455000 2.329000 2.240000 2.187000 2.133000 2.130000 2.130000 2.111000 2.061000 2.010000 2.000000 2.000000 2.000000 2.000000 2.000000 2.000000 2.000000 2.000000 2.000000 2.000000 1.998000 1.994000 1.990000 1.935000 1.879000 1.823000 1.769000 1.715000 1.629000 1.537000 1.458000 1.416000 1.374000 1.359000 1.356000 1.353000 
2.603000 2.603000 2.603000 2.596000 2.512000 2.428000 2.367000 2.328000 2.288000 2.233000 2.176000 2.127000 2.089000 2.052000 2.030000 2.013000 2.000000 2.000000 2.000000 2.000000 2.000000 2.000000 2.000000 2.000000 2.000000 2.000000 2.000000 1.965000 1.929000 1.886000 1.835000 1.783000 1.706000 1.624000 1.552000 1.505000 1.459000 1.434000 1.419000 1.405000 
2.603000 2.603000 2.603000 2.600000 2.564000 2.527000 2.501000 2.484000 2.466000 2.347000 2.220000 2.135000 2.119000 2.102000 2.068000 2.029000 2.000000 2.000000 2.000000 2.000000 2.000000 2.000000 2.000000 2.000000 2.000000 2.000000 2.000000 1.985000 1.969000 1.939000 1.887000 1.834000 1.772000 1.707000 1.647000 1.600000 1.552000 1.514000 1.481000 1.448000 
2.603000 2.607000 2.613000 2.618000 2.618000 2.618000 2.622000 2.628000 2.634000 2.469000 2.294000 2.177000 2.161000 2.144000 2.097000 2.042000 2.000000 2.000000 2.000000 2.000000 2.000000 2.000000 2.000000 2.000000 2.000000 2.000000 2.000000 2.000000 2.000000 1.981000 1.933000 1.885000 1.834000 1.783000 1.733000 1.684000 1.635000 1.584000 1.532000 1.481000 
2.603000 2.623000 2.655000 2.684000 2.684000 2.684000 2.701000 2.733000 2.766000 2.620000 2.462000 2.331000 2.244000 2.158000 2.097000 2.042000 2.000000 2.000000 2.000000 2.000000 2.000000 2.000000 2.000000 2.000000 2.000000 2.000000 2.000000 2.000000 2.000000 1.989000 1.962000 1.934000 1.887000 1.835000 1.783000 1.734000 1.684000 1.619000 1.549000 1.483000 
2.603000 2.640000 2.697000 2.749000 2.749000 2.749000 2.779000 2.839000 2.898000 2.770000 2.631000 2.485000 2.328000 2.172000 2.097000 2.042000 2.000000 2.000000 2.000000 2.000000 2.000000 2.000000 2.000000 2.000000 2.000000 2.000000 2.000000 2.000000 2.000000 1.997000 1.990000 1.984000 1.939000 1.886000 1.834000 1.783000 1.733000 1.655000 1.565000 1.485000 
2.603000 2.645000 2.711000 2.772000 2.790000 2.808000 2.833000 2.866000 2.899000 2.808000 2.709000 2.591000 2.441000 2.290000 2.203000 2.130000 2.072000 2.057000 2.042000 2.037000 2.037000 2.035000 2.021000 2.007000 2.000000 2.000000 2.000000 2.014000 2.028000 2.037000 2.037000 2.037000 1.993000 1.939000 1.890000 1.852000 1.814000 1.735000 1.637000 1.549000 
2.603000 2.645000 2.711000 2.774000 2.819000 2.863000 2.874000 2.854000 2.834000 2.788000 2.741000 2.673000 2.567000 2.461000 2.362000 2.263000 2.179000 2.141000 2.104000 2.091000 2.091000 2.088000 2.052000 2.017000 2.000000 2.000000 2.000000 2.034000 2.070000 2.091000 2.091000 2.091000 2.047000 1.993000 1.948000 1.930000 1.912000 1.837000 1.736000 1.643000 
2.609000 2.650000 2.713000 2.776000 2.842000 2.907000 2.906000 2.840000 2.775000 2.771000 2.771000 2.748000 2.685000 2.622000 2.513000 2.393000 2.287000 2.227000 2.167000 2.145000 2.143000 2.136000 2.083000 2.030000 2.005000 2.005000 2.005000 2.056000 2.109000 2.141000 2.141000 2.141000 2.098000 2.045000 2.005000 2.003000 2.001000 1.929000 1.825000 1.727000 
2.675000 2.699000 2.736000 2.774000 2.813000 2.852000 2.851000 2.812000 2.773000 2.771000 2.771000 2.757000 2.720000 2.682000 2.596000 2.498000 2.403000 2.318000 2.233000 2.188000 2.163000 2.138000 2.106000 2.075000 2.060000 2.060000 2.060000 2.090000 2.122000 2.141000 2.141000 2.141000 2.115000 2.084000 2.054000 2.031000 2.007000 1.929000 1.825000 1.727000 
2.740000 2.748000 2.760000 2.772000 2.784000 2.797000 2.797000 2.784000 2.772000 2.771000 2.771000 2.767000 2.755000 2.743000 2.679000 2.603000 2.520000 2.409000 2.299000 2.231000 2.183000 2.140000 2.130000 2.120000 2.115000 2.115000 2.115000 2.125000 2.135000 2.141000 2.141000 2.141000 2.133000 2.123000 2.104000 2.059000 2.014000 1.929000 1.825000 1.727000 
2.771000 2.771000 2.771000 2.771000 2.771000 2.771000 2.771000 2.771000 2.771000 2.771000 2.771000 2.771000 2.771000 2.771000 2.718000 2.653000 2.577000 2.467000 2.357000 2.274000 2.204000 2.141000 2.141000 2.141000 2.141000 2.141000 2.141000 2.141000 2.141000 2.141000 2.141000 2.141000 2.141000 2.141000 2.130000 2.086000 2.043000 1.965000 1.871000 1.782000 
2.771000 2.771000 2.771000 2.771000 2.771000 2.771000 2.771000 2.771000 2.771000 2.771000 2.771000 2.771000 2.771000 2.771000 2.718000 2.653000 2.583000 2.496000 2.410000 2.318000 2.225000 2.141000 2.141000 2.141000 2.141000 2.141000 2.141000 2.141000 2.141000 2.141000 2.141000 2.141000 2.141000 2.141000 2.135000 2.113000 2.091000 2.033000 1.958000 1.886000 
2.771000 2.771000 2.771000 2.771000 2.771000 2.771000 2.771000 2.771000 2.771000 2.771000 2.771000 2.771000 2.771000 2.771000 2.718000 2.653000 2.588000 2.525000 2.462000 2.363000 2.246000 2.141000 2.141000 2.141000 2.141000 2.141000 2.141000 2.141000 2.141000 2.141000 2.141000 2.141000 2.141000 2.141000 2.141000 2.140000 2.139000 2.101000 2.045000 1.990000 
2.771000 2.771000 2.771000 2.773000 2.798000 2.824000 2.823000 2.798000 2.772000 2.771000 2.771000 2.771000 2.771000 2.771000 2.738000 2.697000 2.651000 2.587000 2.524000 2.454000 2.380000 2.307000 2.240000 2.173000 2.141000 2.141000 2.141000 2.141000 2.141000 2.141000 2.141000 2.141000 2.141000 2.141000 2.147000 2.168000 2.190000 2.173000 2.138000 2.102000 
2.771000 2.771000 2.771000 2.775000 2.827000 2.879000 2.878000 2.826000 2.774000 2.771000 2.771000 2.771000 2.771000 2.771000 2.759000 2.743000 2.716000 2.651000 2.587000 2.547000 2.519000 2.480000 2.343000 2.206000 2.141000 2.141000 2.141000 2.141000 2.141000 2.141000 2.141000 2.141000 2.141000 2.141000 2.152000 2.196000 2.240000 2.245000 2.232000 2.214000 
2.771000 2.771000 2.771000 2.776000 2.844000 2.913000 2.911000 2.843000 2.775000 2.771000 2.771000 2.771000 2.771000 2.771000 2.771000 2.771000 2.756000 2.690000 2.625000 2.603000 2.603000 2.586000 2.415000 2.244000 2.159000 2.150000 2.141000 2.141000 2.141000 2.141000 2.141000 2.141000 2.141000 2.141000 2.156000 2.213000 2.271000 2.289000 2.289000 2.282000 
2.771000 2.771000 2.771000 2.776000 2.844000 2.913000 2.911000 2.843000 2.775000 2.771000 2.771000 2.771000 2.771000 2.771000 2.771000 2.771000 2.756000 2.690000 2.625000 2.603000 2.603000 2.588000 2.440000 2.291000 2.205000 2.173000 2.142000 2.141000 2.141000 2.141000 2.141000 2.141000 2.141000 2.141000 2.156000 2.213000 2.271000 2.289000 2.289000 2.282000 
2.771000 2.771000 2.771000 2.776000 2.844000 2.913000 2.911000 2.843000 2.775000 2.771000 2.771000 2.771000 2.771000 2.771000 2.771000 2.771000 2.756000 2.690000 2.625000 2.603000 2.603000 2.591000 2.464000 2.338000 2.250000 2.197000 2.143000 2.141000 2.141000 2.141000 2.141000 2.141000 2.141000 2.141000 2.156000 2.213000 2.271000 2.289000 2.289000 2.282000 
2.827000 2.827000 2.827000 2.833000 2.902000 2.971000 2.970000 2.900000 2.831000 2.827000 2.827000 2.827000 2.827000 2.827000 2.827000 2.827000 2.817000 2.772000 2.728000 2.713000 2.713000 2.701000 2.575000 2.449000 2.358000 2.299000 2.240000 2.219000 2.200000 2.188000 2.188000 2.188000 2.188000 2.188000 2.198000 2.238000 2.277000 2.289000 2.289000 2.282000 
2.895000 2.895000 2.895000 2.901000 2.971000 0.000000 0.000000 2.970000 2.899000 2.895000 2.895000 2.895000 2.895000 2.895000 2.895000 2.895000 2.891000 2.872000 2.853000 2.847000 2.847000 2.834000 2.703000 2.573000 2.480000 2.419000 2.358000 2.315000 2.272000 2.246000 2.246000 2.246000 2.246000 2.246000 2.250000 2.267000 2.284000 2.289000 2.289000 2.282000 
2.946000 2.946000 2.946000 2.952000 0.000000 0.000000 0.000000 0.000000 2.968000 2.964000 2.964000 2.964000 2.964000 2.964000 2.964000 2.964000 2.964000 2.964000 2.964000 2.960000 2.952000 2.934000 2.806000 2.679000 2.587000 2.524000 2.461000 2.401000 2.341000 2.304000 2.304000 2.304000 2.304000 2.304000 2.303000 2.297000 2.291000 2.289000 2.289000 2.282000 
2.946000 2.946000 2.946000 2.952000 0.000000 0.000000 0.000000 0.000000 0.000000 0.000000 0.000000 0.000000 0.000000 0.000000 0.000000 0.000000 0.000000 0.000000 0.000000 0.000000 2.978000 2.936000 2.834000 2.733000 2.651000 2.587000 2.524000 2.462000 2.401000 2.364000 2.364000 2.364000 2.364000 2.364000 2.357000 2.327000 2.298000 2.289000 2.289000 2.282000 
2.946000 2.946000 2.946000 2.952000 0.000000 0.000000 0.000000 0.000000 0.000000 0.000000 0.000000 0.000000 0.000000 0.000000 0.000000 0.000000 0.000000 0.000000 0.000000 0.000000 0.000000 2.939000 2.862000 2.786000 2.716000 2.651000 2.586000 2.524000 2.462000 2.424000 2.424000 2.424000 2.424000 2.424000 2.411000 2.358000 2.305000 2.289000 2.289000 2.282000 
2.946000 2.958000 2.978000 0.000000 0.000000 0.000000 0.000000 0.000000 0.000000 0.000000 0.000000 0.000000 0.000000 0.000000 0.000000 0.000000 0.000000 0.000000 0.000000 0.000000 0.000000 2.941000 2.891000 2.841000 2.783000 2.717000 2.650000 2.604000 2.558000 2.531000 2.531000 2.531000 2.516000 2.499000 2.466000 2.390000 2.313000 2.289000 2.289000 2.282000 
2.946000 2.976000 0.000000 0.000000 0.000000 0.000000 0.000000 0.000000 0.000000 0.000000 0.000000 0.000000 0.000000 0.000000 0.000000 0.000000 0.000000 0.000000 0.000000 0.000000 0.000000 2.944000 2.920000 2.897000 2.850000 2.783000 2.716000 2.693000 2.671000 2.658000 2.658000 2.658000 2.623000 2.580000 2.522000 2.421000 2.321000 2.289000 2.289000 2.282000 
