0.000000,0.000000,0.000000,0.000000,0.000000,0.000000,0.000000,0.000000,1.054000,1.054000,1.054000,1.054000,1.116000,1.637000,2.159000,2.578000,2.578000,2.578000,2.559000,2.490000,2.421000,2.377000,2.377000,2.377000,2.377000,2.377000,2.377000,2.377000,2.377000,2.377000,2.377000,0.000000,0.000000,0.000000,0.000000,0.000000,0.000000,0.000000,0.000000,0.000000,
0.000000,0.000000,0.000000,0.000000,0.000000,0.000000,0.000000,0.000000,1.054000,1.054000,1.054000,1.054000,1.116000,1.637000,2.159000,2.578000,2.578000,2.578000,2.559000,2.490000,2.421000,2.377000,2.377000,2.377000,2.377000,2.377000,2.377000,2.377000,2.377000,2.377000,2.377000,0.000000,0.000000,0.000000,0.000000,0.000000,0.000000,0.000000,0.000000,0.000000,
0.000000,0.000000,0.000000,0.000000,0.000000,0.000000,0.000000,0.000000,1.054000,1.054000,1.054000,1.054000,1.116000,1.637000,2.159000,2.578000,2.578000,2.578000,2.559000,2.490000,2.421000,2.377000,2.377000,2.377000,2.377000,2.377000,2.377000,2.377000,2.377000,2.377000,2.377000,0.000000,0.000000,0.000000,0.000000,0.000000,0.000000,0.000000,0.000000,0.000000,
0.000000,0.000000,0.000000,0.000000,0.000000,0.000000,0.000000,0.000000,1.143000,1.143000,1.143000,1.143000,1.200000,1.677000,2.154000,2.537000,2.537000,2.537000,2.522000,2.467000,2.412000,2.377000,2.377000,2.377000,2.377000,2.377000,2.377000,2.377000,2.377000,2.377000,2.377000,0.000000,0.000000,0.000000,0.000000,0.000000,0.000000,0.000000,0.000000,0.000000,
0.000000,0.000000,0.000000,0.000000,0.000000,0.000000,0.000000,0.000000,1.295000,1.295000,1.295000,1.295000,1.343000,1.744000,2.146000,2.469000,2.469000,2.469000,2.460000,2.429000,2.397000,2.377000,2.377000,2.377000,2.377000,2.377000,2.377000,2.377000,2.377000,2.377000,2.377000,0.000000,0.000000,0.000000,0.000000,0.000000,0.000000,0.000000,0.000000,0.000000,
0.000000,0.000000,0.000000,0.000000,0.000000,0.000000,0.000000,0.000000,1.447000,1.447000,1.447000,1.447000,1.485000,1.811000,2.138000,2.400000,2.400000,2.400000,2.398000,2.390000,2.382000,2.377000,2.377000,2.377000,2.377000,2.377000,2.377000,2.377000,2.377000,2.377000,2.377000,0.000000,0.000000,0.000000,0.000000,0.000000,0.000000,0.000000,0.000000,0.000000,
0.000000,0.000000,0.000000,0.000000,0.000000,0.000000,0.000000,0.000000,1.462000,1.462000,1.462000,1.462000,1.499000,1.812000,2.125000,2.377000,2.377000,2.377000,2.377000,2.377000,2.377000,2.377000,2.377000,2.377000,2.370000,2.355000,2.340000,2.333000,2.333000,2.333000,2.333000,0.000000,0.000000,0.000000,0.000000,0.000000,0.000000,0.000000,0.000000,0.000000,
0.000000,0.000000,0.000000,0.000000,0.000000,0.000000,0.000000,0.000000,1.409000,1.409000,1.409000,1.409000,1.448000,1.779000,2.111000,2.377000,2.377000,2.377000,2.377000,2.377000,2.377000,2.377000,2.377000,2.377000,2.361000,2.323000,2.285000,2.267000,2.267000,2.267000,2.267000,0.000000,0.000000,0.000000,0.000000,0.000000,0.000000,0.000000,0.000000,0.000000,
0.000000,0.000000,0.000000,0.000000,0.000000,0.000000,0.000000,0.000000,1.356000,1.356000,1.356000,1.356000,1.398000,1.747000,2.096000,2.377000,2.377000,2.377000,2.377000,2.377000,2.377000,2.377000,2.377000,2.377000,2.351000,2.291000,2.230000,2.201000,2.201000,2.201000,2.201000,0.000000,0.000000,0.000000,0.000000,0.000000,0.000000,0.000000,0.000000,0.000000,
0.000000,0.000000,0.000000,0.000000,0.000000,0.000000,0.000000,0.000000,1.343000,1.343000,1.343000,1.343000,1.385000,1.739000,2.093000,2.377000,2.377000,2.377000,2.377000,2.377000,2.377000,2.377000,2.377000,2.377000,2.348000,2.282000,2.216000,2.184000,2.184000,2.184000,2.184000,0.000000,0.000000,0.000000,0.000000,0.000000,0.000000,0.000000,0.000000,0.000000,
0.000000,0.000000,0.000000,0.000000,0.000000,0.000000,0.000000,0.000000,1.343000,1.343000,1.343000,1.343000,1.385000,1.739000,2.093000,2.377000,2.377000,2.377000,2.377000,2.377000,2.377000,2.377000,2.377000,2.377000,2.348000,2.282000,2.216000,2.184000,2.184000,2.184000,2.184000,0.000000,0.000000,0.000000,0.000000,0.000000,0.000000,0.000000,0.000000,0.000000,
0.000000,0.000000,0.000000,0.000000,0.000000,0.000000,0.000000,0.000000,1.343000,1.343000,1.343000,1.343000,1.385000,1.739000,2.093000,2.377000,2.377000,2.377000,2.377000,2.377000,2.377000,2.377000,2.377000,2.377000,2.348000,2.282000,2.216000,2.184000,2.184000,2.184000,2.184000,0.000000,0.000000,0.000000,0.000000,0.000000,0.000000,0.000000,0.000000,0.000000,
0.000000,0.000000,0.000000,0.000000,0.000000,0.000000,0.000000,0.000000,1.343000,1.343000,1.343000,1.343000,1.383000,1.718000,2.053000,2.322000,2.322000,2.322000,2.322000,2.322000,2.322000,2.322000,2.322000,2.322000,2.302000,2.255000,2.207000,2.204000,2.242000,2.280000,2.295000,0.000000,0.000000,0.000000,0.000000,0.000000,0.000000,0.000000,0.000000,0.000000,
0.000000,0.000000,0.000000,0.000000,0.000000,0.000000,0.000000,0.000000,1.343000,1.343000,1.343000,1.343000,1.380000,1.693000,2.005000,2.256000,2.256000,2.256000,2.256000,2.256000,2.256000,2.256000,2.256000,2.256000,2.246000,2.221000,2.196000,2.227000,2.311000,2.396000,2.430000,0.000000,0.000000,0.000000,0.000000,0.000000,0.000000,0.000000,0.000000,0.000000,
0.000000,0.000000,0.000000,0.000000,0.000000,0.000000,0.000000,0.000000,1.343000,1.343000,1.343000,1.343000,1.377000,1.667000,1.957000,2.190000,2.190000,2.190000,2.190000,2.190000,2.190000,2.190000,2.190000,2.190000,2.189000,2.187000,2.185000,2.251000,2.381000,2.512000,2.565000,0.000000,0.000000,0.000000,0.000000,0.000000,0.000000,0.000000,0.000000,0.000000,
0.000000,0.000000,0.000000,0.000000,0.000000,0.000000,0.000000,0.000000,1.297000,1.301000,1.386000,1.471000,1.570000,1.769000,1.967000,2.127000,2.127000,2.127000,2.127000,2.127000,2.127000,2.134000,2.153000,2.173000,2.184000,2.184000,2.184000,2.232000,2.325000,2.418000,2.456000,0.000000,0.000000,0.000000,0.000000,0.000000,0.000000,0.000000,0.000000,0.000000,
0.000000,0.000000,0.000000,0.000000,0.000000,0.000000,0.000000,0.000000,1.247000,1.254000,1.433000,1.613000,1.783000,1.883000,1.984000,2.064000,2.064000,2.064000,2.064000,2.064000,2.064000,2.079000,2.120000,2.161000,2.184000,2.184000,2.184000,2.208000,2.255000,2.302000,2.321000,0.000000,0.000000,0.000000,0.000000,0.000000,0.000000,0.000000,0.000000,0.000000,
0.000000,0.000000,0.000000,0.000000,0.000000,0.000000,0.000000,0.000000,1.196000,1.207000,1.481000,1.755000,1.996000,1.998000,2.000000,2.001000,2.001000,2.001000,2.001000,2.001000,2.001000,2.023000,2.086000,2.148000,2.184000,2.184000,2.184000,2.184000,2.185000,2.186000,2.186000,0.000000,0.000000,0.000000,0.000000,0.000000,0.000000,0.000000,0.000000,0.000000,
0.000000,0.000000,0.000000,0.000000,0.000000,0.000000,0.000000,0.000000,1.195000,1.206000,1.481000,1.757000,2.000000,2.000000,2.000000,2.000000,2.000000,2.000000,2.000000,2.000000,2.000000,2.015000,2.057000,2.098000,2.131000,2.152000,2.174000,2.247000,2.369000,2.492000,2.543000,0.000000,0.000000,0.000000,0.000000,0.000000,0.000000,0.000000,0.000000,0.000000,
0.000000,0.000000,0.000000,0.000000,0.000000,0.000000,0.000000,0.000000,1.195000,1.206000,1.481000,1.757000,2.000000,2.000000,2.000000,2.000000,2.000000,2.000000,2.000000,2.000000,2.000000,2.007000,2.027000,2.048000,2.078000,2.120000,2.163000,2.311000,2.558000,2.806000,2.907000,0.000000,0.000000,0.000000,0.000000,0.000000,0.000000,0.000000,0.000000,0.000000,
0.000000,0.000000,0.000000,0.000000,0.000000,0.000000,0.000000,0.000000,1.195000,1.206000,1.481000,1.757000,2.000000,2.000000,2.000000,2.000000,2.000000,2.000000,2.000000,2.000000,2.000000,2.000000,2.000000,2.000000,2.028000,2.094000,2.160000,2.376000,2.736000,0.000000,0.000000,0.000000,0.000000,0.000000,0.000000,0.000000,0.000000,0.000000,0.000000,0.000000,
0.000000,0.000000,0.000000,0.000000,0.000000,0.000000,0.000000,0.000000,1.195000,1.206000,1.481000,1.757000,2.000000,2.000000,2.000000,2.000000,2.000000,2.000000,2.000000,2.000000,2.000000,2.000000,2.000000,2.000000,2.048000,2.160000,2.273000,2.474000,2.760000,0.000000,0.000000,0.000000,0.000000,0.000000,0.000000,0.000000,0.000000,0.000000,0.000000,0.000000,
0.000000,0.000000,0.000000,0.000000,0.000000,0.000000,0.000000,0.000000,1.195000,1.206000,1.481000,1.757000,2.000000,2.000000,2.000000,2.000000,2.000000,2.000000,2.000000,2.000000,2.000000,2.000000,2.000000,2.000000,2.068000,2.227000,2.385000,2.571000,2.783000,2.996000,0.000000,0.000000,0.000000,0.000000,0.000000,0.000000,0.000000,0.000000,0.000000,0.000000,
0.000000,0.000000,0.000000,0.000000,0.000000,0.000000,0.000000,0.000000,1.195000,1.206000,1.485000,1.763000,2.009000,2.009000,2.009000,2.009000,2.009000,2.009000,2.009000,2.009000,2.009000,2.010000,2.013000,2.016000,2.100000,2.288000,2.476000,2.646000,2.799000,2.951000,0.000000,0.000000,0.000000,0.000000,0.000000,0.000000,0.000000,0.000000,0.000000,0.000000,
0.000000,0.000000,0.000000,0.000000,0.000000,0.000000,0.000000,0.000000,1.195000,1.207000,1.507000,1.807000,2.072000,2.072000,2.072000,2.072000,2.072000,2.072000,2.072000,2.072000,2.072000,2.081000,2.107000,2.133000,2.199000,2.320000,2.441000,2.590000,2.766000,2.942000,0.000000,0.000000,0.000000,0.000000,0.000000,0.000000,0.000000,0.000000,0.000000,0.000000,
0.000000,0.000000,0.000000,0.000000,0.000000,0.000000,0.000000,0.000000,1.195000,1.208000,1.529000,1.851000,2.135000,2.135000,2.135000,2.135000,2.135000,2.135000,2.135000,2.135000,2.135000,2.152000,2.200000,2.249000,2.299000,2.352000,2.405000,2.533000,2.732000,2.932000,0.000000,0.000000,0.000000,0.000000,0.000000,0.000000,0.000000,0.000000,0.000000,0.000000,
0.000000,0.000000,0.000000,0.000000,0.000000,0.000000,0.000000,0.000000,1.164000,1.178000,1.527000,1.876000,2.184000,2.184000,2.184000,2.184000,2.184000,2.184000,2.184000,2.184000,2.184000,2.206000,2.267000,2.328000,2.363000,2.363000,2.363000,2.474000,2.691000,2.908000,2.997000,0.000000,0.000000,0.000000,0.000000,0.000000,0.000000,0.000000,0.000000,0.000000,
0.000000,0.000000,0.000000,0.000000,0.000000,0.000000,0.000000,0.000000,1.025000,1.040000,1.437000,1.834000,2.184000,2.184000,2.184000,2.184000,2.184000,2.184000,2.184000,2.184000,2.184000,2.198000,2.236000,2.275000,2.296000,2.296000,2.296000,2.406000,2.620000,2.833000,2.921000,0.000000,0.000000,0.000000,0.000000,0.000000,0.000000,0.000000,0.000000,0.000000,
0.000000,0.000000,0.000000,0.000000,0.000000,0.000000,0.000000,0.000000,0.000000,0.000000,1.347000,1.792000,2.184000,2.184000,2.184000,2.184000,2.184000,2.184000,2.184000,2.184000,2.184000,2.190000,2.205000,2.221000,2.230000,2.230000,2.230000,2.338000,2.548000,2.758000,2.845000,0.000000,0.000000,0.000000,0.000000,0.000000,0.000000,0.000000,0.000000,0.000000,
0.000000,0.000000,0.000000,0.000000,0.000000,0.000000,0.000000,0.000000,0.000000,0.000000,1.291000,1.776000,2.203000,2.196000,2.189000,2.184000,2.184000,2.184000,2.184000,2.184000,2.184000,2.184000,2.184000,2.184000,2.184000,2.184000,2.184000,2.290000,2.498000,2.706000,2.791000,0.000000,0.000000,0.000000,0.000000,0.000000,0.000000,0.000000,0.000000,0.000000,
0.000000,0.000000,0.000000,0.000000,0.000000,0.000000,0.000000,0.000000,0.000000,0.000000,1.315000,1.822000,2.266000,2.237000,2.208000,2.184000,2.184000,2.184000,2.184000,2.184000,2.184000,2.184000,2.184000,2.184000,2.184000,2.184000,2.184000,2.290000,2.498000,2.706000,2.791000,0.000000,0.000000,0.000000,0.000000,0.000000,0.000000,0.000000,0.000000,0.000000,
0.000000,0.000000,0.000000,0.000000,0.000000,0.000000,0.000000,0.000000,0.000000,0.000000,1.338000,1.868000,2.330000,2.278000,2.226000,2.184000,2.184000,2.184000,2.184000,2.184000,2.184000,2.184000,2.184000,2.184000,2.184000,2.184000,2.184000,2.290000,2.498000,2.706000,2.791000,0.000000,0.000000,0.000000,0.000000,0.000000,0.000000,0.000000,0.000000,0.000000,
0.000000,0.000000,0.000000,0.000000,0.000000,0.000000,0.000000,0.000000,0.000000,1.011000,1.485000,1.959000,2.370000,2.313000,2.255000,2.209000,2.209000,2.209000,2.207000,2.198000,2.190000,2.184000,2.184000,2.184000,2.188000,2.196000,2.205000,2.321000,2.541000,2.760000,2.850000,0.000000,0.000000,0.000000,0.000000,0.000000,0.000000,0.000000,0.000000,0.000000,
0.000000,0.000000,0.000000,0.000000,0.000000,0.000000,0.000000,0.000000,1.536000,1.548000,1.835000,2.123000,2.373000,2.338000,2.303000,2.275000,2.275000,2.275000,2.266000,2.235000,2.204000,2.184000,2.184000,2.184000,2.197000,2.229000,2.260000,2.403000,2.654000,2.904000,0.000000,0.000000,0.000000,0.000000,0.000000,0.000000,0.000000,0.000000,0.000000,0.000000,
0.000000,0.000000,0.000000,0.000000,0.000000,0.000000,0.000000,0.000000,2.081000,2.085000,2.186000,2.288000,2.376000,2.363000,2.351000,2.341000,2.341000,2.341000,2.326000,2.272000,2.219000,2.184000,2.184000,2.184000,2.207000,2.261000,2.315000,2.485000,2.767000,0.000000,0.000000,0.000000,0.000000,0.000000,0.000000,0.000000,0.000000,0.000000,0.000000,0.000000,
0.000000,0.000000,0.000000,0.000000,0.000000,0.000000,0.000000,0.000000,2.377000,2.377000,2.377000,2.377000,2.377000,2.377000,2.377000,2.377000,2.377000,2.377000,2.362000,2.306000,2.250000,2.214000,2.214000,2.214000,2.264000,2.380000,2.495000,2.674000,2.912000,0.000000,0.000000,0.000000,0.000000,0.000000,0.000000,0.000000,0.000000,0.000000,0.000000,0.000000,
0.000000,0.000000,0.000000,0.000000,0.000000,0.000000,0.000000,0.000000,2.377000,2.377000,2.377000,2.377000,2.377000,2.377000,2.377000,2.377000,2.377000,2.377000,2.368000,2.335000,2.302000,2.280000,2.280000,2.280000,2.377000,2.601000,2.825000,2.990000,0.000000,0.000000,0.000000,0.000000,0.000000,0.000000,0.000000,0.000000,0.000000,0.000000,0.000000,0.000000,
0.000000,0.000000,0.000000,0.000000,0.000000,0.000000,0.000000,0.000000,2.377000,2.377000,2.377000,2.377000,2.377000,2.377000,2.377000,2.377000,2.377000,2.377000,2.374000,2.364000,2.353000,2.346000,2.346000,2.346000,2.490000,2.823000,0.000000,0.000000,0.000000,0.000000,0.000000,0.000000,0.000000,0.000000,0.000000,0.000000,0.000000,0.000000,0.000000,0.000000,
0.000000,0.000000,0.000000,0.000000,0.000000,0.000000,0.000000,0.000000,2.377000,2.377000,2.377000,2.377000,2.377000,2.377000,2.377000,2.377000,2.377000,2.377000,2.377000,2.377000,2.377000,2.377000,2.377000,2.377000,2.543000,2.926000,0.000000,0.000000,0.000000,0.000000,0.000000,0.000000,0.000000,0.000000,0.000000,0.000000,0.000000,0.000000,0.000000,0.000000,
0.000000,0.000000,0.000000,0.000000,0.000000,0.000000,0.000000,0.000000,2.377000,2.377000,2.377000,2.377000,2.377000,2.377000,2.377000,2.377000,2.377000,2.377000,2.377000,2.377000,2.377000,2.377000,2.377000,2.377000,2.543000,2.926000,0.000000,0.000000,0.000000,0.000000,0.000000,0.000000,0.000000,0.000000,0.000000,0.000000,0.000000,0.000000,0.000000,0.000000,
