0.000000,0.000000,0.000000,0.000000,0.000000,0.000000,0.000000,0.000000,0.000000,0.000000,0.000000,0.000000,0.000000,0.000000,0.000000,0.000000,0.000000,0.000000,0.000000,0.000000,0.000000,0.000000,0.000000,0.000000,0.000000,0.000000,0.000000,0.000000,0.000000,0.000000,0.000000,0.000000,0.000000,0.000000,0.000000,0.000000,0.000000,0.000000,0.000000,0.000000,
0.000000,0.000000,0.000000,0.000000,0.000000,0.000000,0.000000,0.000000,0.000000,2.210000,2.210000,2.210000,2.087000,2.007000,0.000000,0.000000,0.000000,0.000000,0.000000,0.000000,0.000000,0.000000,0.000000,0.000000,0.000000,0.000000,0.000000,0.000000,0.000000,0.000000,0.000000,0.000000,0.000000,0.000000,0.000000,0.000000,0.000000,0.000000,0.000000,0.000000,
0.000000,0.000000,0.000000,0.000000,0.000000,0.000000,2.474000,0.000000,2.219000,2.178000,2.117000,2.057000,2.026000,2.014000,2.007000,2.011000,2.015000,0.000000,0.000000,0.000000,0.000000,0.000000,0.000000,0.000000,0.000000,0.000000,0.000000,0.000000,0.000000,0.000000,0.000000,0.000000,0.000000,0.000000,0.000000,0.000000,0.000000,0.000000,0.000000,0.000000,
0.000000,0.000000,0.000000,0.000000,0.000000,0.000000,1.534000,0.000000,2.078000,2.065000,2.028000,2.024000,2.016000,2.009000,2.007000,2.007000,2.008000,0.000000,0.000000,0.000000,0.000000,0.000000,0.000000,0.000000,0.000000,0.000000,0.000000,0.000000,0.000000,0.000000,0.000000,0.000000,0.000000,0.000000,0.000000,0.000000,0.000000,0.000000,0.000000,0.000000,
0.000000,0.000000,0.000000,0.000000,0.000000,0.000000,0.000000,0.000000,1.726000,2.015000,2.015000,2.015000,2.015000,2.007000,2.007000,2.011000,2.015000,2.015000,0.000000,0.000000,0.000000,0.000000,0.000000,0.000000,0.000000,0.000000,0.000000,0.000000,0.000000,0.000000,0.000000,0.000000,0.000000,0.000000,0.000000,0.000000,0.000000,0.000000,0.000000,0.000000,
0.000000,0.000000,0.000000,0.000000,0.000000,0.000000,0.000000,2.007000,2.013000,2.015000,2.015000,2.014000,2.015000,2.008000,2.007000,2.007000,2.007000,2.001000,1.999000,0.000000,0.000000,0.000000,0.000000,0.000000,0.000000,0.000000,0.000000,0.000000,0.000000,0.000000,0.000000,0.000000,0.000000,0.000000,0.000000,0.000000,0.000000,0.000000,0.000000,0.000000,
0.000000,0.000000,0.000000,0.000000,0.000000,0.000000,0.000000,2.007000,2.013000,2.015000,2.014000,2.007000,2.008000,2.010000,2.013000,2.010000,2.007000,2.001000,1.992000,2.837000,0.000000,0.000000,0.000000,0.000000,0.000000,0.000000,0.000000,0.000000,0.000000,0.000000,0.000000,0.000000,0.000000,0.000000,0.000000,0.000000,0.000000,0.000000,0.000000,0.000000,
0.000000,0.000000,0.000000,0.000000,0.000000,0.000000,2.005000,2.007000,2.013000,2.015000,2.014000,2.007000,2.007000,2.007000,2.007000,2.007000,2.007000,2.001000,2.004000,2.854000,0.000000,0.000000,0.000000,0.000000,0.000000,0.000000,0.000000,0.000000,0.000000,0.000000,0.000000,0.000000,0.000000,0.000000,0.000000,0.000000,0.000000,0.000000,0.000000,0.000000,
0.000000,0.000000,0.000000,0.000000,0.000000,0.000000,2.003000,2.007000,2.013000,2.015000,2.014000,2.007000,2.007000,2.007000,2.007000,2.007000,2.007000,2.007000,2.007000,2.007000,0.000000,0.000000,0.000000,0.000000,0.000000,0.000000,0.000000,0.000000,0.000000,0.000000,0.000000,0.000000,0.000000,0.000000,0.000000,0.000000,0.000000,0.000000,0.000000,0.000000,
0.000000,0.000000,0.000000,0.000000,0.000000,0.000000,2.007000,2.007000,2.013000,2.012000,2.007000,2.007000,2.007000,2.007000,2.007000,2.007000,2.007000,2.007000,2.007000,2.007000,0.000000,0.000000,0.000000,0.000000,0.000000,0.000000,0.000000,0.000000,0.000000,0.000000,0.000000,0.000000,0.000000,0.000000,0.000000,0.000000,0.000000,0.000000,0.000000,0.000000,
0.000000,0.000000,0.000000,0.000000,0.000000,0.000000,0.000000,2.007000,2.010000,2.015000,2.007000,2.007000,2.007000,2.007000,2.007000,2.007000,2.007000,2.007000,2.007000,2.007000,2.007000,0.000000,0.000000,0.000000,0.000000,0.000000,0.000000,0.000000,0.000000,0.000000,0.000000,0.000000,0.000000,0.000000,0.000000,0.000000,0.000000,0.000000,0.000000,0.000000,
0.000000,0.000000,0.000000,0.000000,0.000000,0.000000,0.000000,2.007000,2.007000,2.010000,2.014000,2.009000,2.007000,2.007000,2.007000,2.007000,2.007000,2.001000,2.000000,2.002000,2.007000,0.000000,0.000000,0.000000,0.000000,0.000000,0.000000,0.000000,0.000000,0.000000,0.000000,0.000000,0.000000,0.000000,0.000000,0.000000,0.000000,0.000000,0.000000,0.000000,
0.000000,0.000000,0.000000,0.000000,0.000000,0.000000,0.000000,2.007000,2.007000,2.007000,2.007000,2.007000,2.007000,2.007000,2.007000,2.007000,2.007000,2.001000,2.000000,2.000000,2.001000,0.000000,0.000000,0.000000,0.000000,0.000000,0.000000,0.000000,0.000000,0.000000,0.000000,0.000000,0.000000,0.000000,0.000000,0.000000,0.000000,0.000000,0.000000,0.000000,
0.000000,0.000000,0.000000,0.000000,0.000000,0.000000,0.000000,0.000000,2.008000,2.007000,2.007000,2.007000,2.007000,2.007000,2.007000,2.007000,2.007000,2.004000,2.004000,2.004000,2.000000,1.568000,0.000000,0.000000,0.000000,0.000000,0.000000,0.000000,0.000000,0.000000,0.000000,0.000000,0.000000,0.000000,0.000000,0.000000,0.000000,0.000000,0.000000,0.000000,
0.000000,0.000000,0.000000,0.000000,0.000000,0.000000,0.000000,0.000000,0.000000,2.012000,2.007000,2.007000,2.007000,2.007000,2.007000,2.007000,2.007000,2.006000,2.003000,2.000000,2.001000,2.003000,2.800000,0.000000,0.000000,0.000000,0.000000,0.000000,0.000000,0.000000,0.000000,0.000000,0.000000,0.000000,0.000000,0.000000,0.000000,0.000000,0.000000,0.000000,
0.000000,0.000000,0.000000,0.000000,0.000000,0.000000,0.000000,0.000000,0.000000,2.008000,2.007000,2.007000,2.007000,2.007000,2.007000,2.007000,2.007000,2.001000,2.000000,2.000000,2.001000,1.996000,1.993000,2.369000,0.000000,0.000000,0.000000,0.000000,0.000000,0.000000,0.000000,0.000000,0.000000,0.000000,0.000000,0.000000,0.000000,0.000000,0.000000,0.000000,
0.000000,0.000000,0.000000,0.000000,0.000000,0.000000,0.000000,0.000000,0.000000,2.015000,2.007000,2.007000,2.007000,2.007000,2.007000,2.007000,2.007000,2.007000,1.998000,1.995000,1.992000,1.995000,1.993000,2.000000,0.000000,0.000000,0.000000,0.000000,0.000000,0.000000,0.000000,0.000000,0.000000,0.000000,0.000000,0.000000,0.000000,0.000000,0.000000,0.000000,
0.000000,0.000000,0.000000,0.000000,0.000000,0.000000,0.000000,0.000000,0.000000,0.000000,2.012000,2.007000,2.007000,2.007000,2.007000,2.007000,2.007000,2.007000,1.997000,1.992000,1.992000,1.992000,1.992000,1.992000,0.000000,0.000000,0.000000,0.000000,0.000000,0.000000,0.000000,0.000000,0.000000,0.000000,0.000000,0.000000,0.000000,0.000000,0.000000,0.000000,
0.000000,0.000000,0.000000,0.000000,0.000000,0.000000,0.000000,0.000000,0.000000,0.000000,2.007000,2.007000,2.007000,2.007000,2.007000,2.007000,2.007000,2.007000,2.000000,1.992000,1.992000,1.992000,1.992000,1.992000,0.000000,0.000000,0.000000,0.000000,0.000000,0.000000,0.000000,0.000000,0.000000,0.000000,0.000000,0.000000,0.000000,0.000000,0.000000,0.000000,
0.000000,0.000000,0.000000,0.000000,0.000000,0.000000,0.000000,0.000000,0.000000,0.000000,2.007000,2.007000,2.007000,2.007000,2.007000,2.007000,2.006000,2.003000,2.006000,2.000000,1.997000,1.997000,1.992000,1.992000,2.923000,0.000000,0.000000,0.000000,0.000000,0.000000,0.000000,0.000000,0.000000,0.000000,0.000000,0.000000,0.000000,0.000000,0.000000,0.000000,
0.000000,0.000000,0.000000,0.000000,0.000000,0.000000,0.000000,0.000000,0.000000,0.000000,0.000000,2.007000,2.007000,2.007000,2.007000,2.007000,2.000000,2.000000,2.004000,2.007000,2.001000,2.000000,1.992000,1.992000,2.000000,0.000000,0.000000,0.000000,0.000000,0.000000,0.000000,0.000000,0.000000,0.000000,0.000000,0.000000,0.000000,0.000000,0.000000,0.000000,
0.000000,0.000000,0.000000,0.000000,0.000000,0.000000,0.000000,0.000000,0.000000,0.000000,0.000000,2.007000,2.010000,2.007000,2.007000,2.007000,2.000000,2.000000,2.000000,2.000000,2.000000,2.000000,2.000000,2.000000,1.992000,0.000000,0.000000,0.000000,0.000000,0.000000,0.000000,0.000000,0.000000,0.000000,0.000000,0.000000,0.000000,0.000000,0.000000,0.000000,
0.000000,0.000000,0.000000,0.000000,0.000000,0.000000,0.000000,0.000000,0.000000,0.000000,0.000000,2.268000,2.010000,2.007000,2.007000,2.007000,2.000000,2.000000,2.000000,2.000000,2.000000,2.000000,1.999000,1.995000,1.977000,1.968000,0.000000,1.469000,0.000000,0.000000,0.000000,0.000000,0.000000,0.000000,0.000000,0.000000,0.000000,0.000000,0.000000,0.000000,
0.000000,0.000000,0.000000,0.000000,0.000000,0.000000,0.000000,0.000000,0.000000,0.000000,0.000000,0.000000,1.106000,2.010000,2.007000,2.007000,2.000000,2.000000,2.000000,1.992000,1.999000,1.995000,1.989000,1.992000,1.975000,1.967000,1.985000,0.000000,0.000000,0.000000,0.000000,0.000000,0.000000,0.000000,0.000000,0.000000,0.000000,0.000000,0.000000,0.000000,
0.000000,0.000000,0.000000,0.000000,0.000000,0.000000,0.000000,0.000000,0.000000,0.000000,0.000000,2.017000,1.109000,2.014000,2.007000,2.007000,2.000000,2.000000,2.000000,1.992000,1.999000,1.995000,1.985000,1.992000,1.992000,1.985000,1.985000,0.000000,0.000000,0.000000,0.000000,0.000000,0.000000,0.000000,0.000000,0.000000,0.000000,0.000000,0.000000,0.000000,
0.000000,0.000000,0.000000,0.000000,0.000000,0.000000,0.000000,0.000000,0.000000,0.000000,0.000000,0.000000,1.114000,2.026000,2.007000,2.005000,1.999000,1.994000,1.992000,1.992000,1.999000,1.999000,1.985000,1.992000,1.992000,1.992000,1.992000,0.000000,0.000000,0.000000,0.000000,0.000000,0.000000,0.000000,0.000000,0.000000,0.000000,0.000000,0.000000,0.000000,
0.000000,0.000000,0.000000,0.000000,0.000000,0.000000,0.000000,0.000000,0.000000,0.000000,0.000000,0.000000,2.617000,2.972000,1.878000,1.998000,1.996000,1.995000,1.995000,1.997000,1.997000,1.997000,1.992000,1.992000,1.992000,1.991000,1.989000,1.989000,2.754000,2.821000,0.000000,0.000000,0.000000,0.000000,0.000000,0.000000,0.000000,0.000000,0.000000,0.000000,
0.000000,0.000000,0.000000,0.000000,0.000000,0.000000,0.000000,0.000000,0.000000,0.000000,0.000000,0.000000,0.000000,0.000000,2.567000,1.985000,1.986000,1.992000,1.992000,1.991000,1.991000,1.985000,1.991000,1.991000,1.991000,1.989000,1.985000,1.985000,0.000000,0.000000,0.000000,0.000000,0.000000,0.000000,0.000000,0.000000,0.000000,0.000000,0.000000,0.000000,
0.000000,0.000000,0.000000,0.000000,0.000000,0.000000,0.000000,0.000000,0.000000,0.000000,0.000000,0.000000,0.000000,0.000000,2.539000,1.985000,1.986000,1.992000,1.988000,1.985000,1.985000,1.985000,1.985000,1.985000,1.985000,1.985000,1.985000,1.985000,0.000000,0.000000,0.000000,0.000000,0.000000,0.000000,0.000000,0.000000,0.000000,0.000000,0.000000,0.000000,
0.000000,0.000000,0.000000,0.000000,0.000000,0.000000,0.000000,0.000000,0.000000,0.000000,0.000000,0.000000,0.000000,0.000000,0.000000,1.978000,1.986000,1.992000,1.992000,1.985000,1.985000,1.987000,1.985000,1.985000,1.985000,1.985000,1.985000,1.985000,0.000000,0.000000,0.000000,0.000000,0.000000,0.000000,0.000000,0.000000,0.000000,0.000000,0.000000,0.000000,
0.000000,0.000000,0.000000,0.000000,0.000000,0.000000,0.000000,0.000000,0.000000,0.000000,0.000000,0.000000,0.000000,0.000000,0.000000,1.070000,1.807000,1.990000,1.991000,1.985000,1.986000,1.989000,1.985000,1.985000,1.985000,1.985000,1.985000,1.985000,1.991000,0.000000,0.000000,0.000000,0.000000,0.000000,0.000000,0.000000,0.000000,0.000000,0.000000,0.000000,
0.000000,0.000000,0.000000,0.000000,0.000000,0.000000,0.000000,0.000000,0.000000,0.000000,0.000000,0.000000,0.000000,0.000000,0.000000,0.000000,0.000000,1.986000,1.985000,1.987000,1.992000,1.992000,1.985000,1.985000,1.985000,1.985000,1.985000,1.985000,1.988000,1.928000,0.000000,0.000000,0.000000,0.000000,0.000000,0.000000,0.000000,0.000000,0.000000,0.000000,
0.000000,0.000000,0.000000,0.000000,0.000000,0.000000,0.000000,0.000000,0.000000,0.000000,0.000000,0.000000,2.841000,0.000000,0.000000,0.000000,0.000000,1.992000,1.992000,1.993000,1.992000,1.986000,1.985000,1.985000,1.985000,1.981000,1.978000,1.978000,1.985000,1.978000,1.416000,0.000000,0.000000,0.000000,0.000000,0.000000,0.000000,0.000000,0.000000,0.000000,
0.000000,0.000000,0.000000,0.000000,0.000000,0.000000,0.000000,0.000000,0.000000,0.000000,0.000000,0.000000,2.862000,0.000000,0.000000,0.000000,0.000000,1.754000,1.993000,1.992000,1.986000,1.984000,1.984000,1.984000,1.985000,1.978000,1.978000,1.978000,1.985000,1.985000,1.976000,0.000000,0.000000,0.000000,0.000000,0.000000,0.000000,0.000000,0.000000,0.000000,
0.000000,0.000000,0.000000,0.000000,0.000000,0.000000,0.000000,0.000000,0.000000,0.000000,0.000000,1.895000,0.000000,0.000000,0.000000,0.000000,0.000000,0.000000,1.347000,1.986000,1.985000,1.978000,1.978000,1.978000,1.979000,1.978000,1.978000,1.978000,1.981000,1.985000,1.967000,1.921000,1.860000,0.000000,0.000000,0.000000,0.000000,0.000000,0.000000,0.000000,
0.000000,0.000000,0.000000,0.000000,0.000000,0.000000,0.000000,0.000000,0.000000,0.000000,0.000000,0.000000,0.000000,0.000000,0.000000,0.000000,0.000000,0.000000,1.246000,1.985000,1.979000,1.978000,1.978000,1.978000,1.978000,1.979000,1.985000,1.978000,1.975000,1.970000,1.978000,2.107000,2.100000,0.000000,0.000000,0.000000,0.000000,0.000000,0.000000,0.000000,
0.000000,0.000000,0.000000,0.000000,0.000000,0.000000,0.000000,0.000000,1.352000,0.000000,0.000000,0.000000,0.000000,0.000000,0.000000,0.000000,0.000000,0.000000,1.246000,1.985000,1.980000,1.979000,1.978000,1.978000,1.978000,1.978000,1.985000,2.003000,2.012000,2.009000,2.113000,2.110000,2.109000,0.000000,0.000000,0.000000,0.000000,0.000000,0.000000,0.000000,
0.000000,0.000000,0.000000,0.000000,0.000000,0.000000,0.000000,0.000000,0.000000,0.000000,0.000000,0.000000,0.000000,0.000000,0.000000,0.000000,0.000000,0.000000,0.000000,1.985000,1.985000,1.985000,1.978000,1.971000,1.975000,2.025000,2.131000,2.127000,2.099000,2.087000,2.087000,2.092000,2.087000,0.000000,0.000000,0.000000,0.000000,0.000000,0.000000,0.000000,
0.000000,0.000000,0.000000,0.000000,0.000000,0.000000,0.000000,0.000000,0.000000,0.000000,0.000000,0.000000,0.000000,0.000000,0.000000,0.000000,0.000000,0.000000,0.000000,0.000000,0.000000,0.000000,0.000000,0.000000,0.000000,0.000000,0.000000,0.000000,0.000000,0.000000,0.000000,0.000000,0.000000,0.000000,0.000000,0.000000,0.000000,0.000000,0.000000,0.000000,
0.000000,0.000000,0.000000,0.000000,0.000000,0.000000,0.000000,0.000000,0.000000,0.000000,0.000000,0.000000,0.000000,0.000000,0.000000,0.000000,0.000000,0.000000,0.000000,0.000000,0.000000,0.000000,0.000000,0.000000,0.000000,0.000000,0.000000,0.000000,0.000000,0.000000,0.000000,0.000000,0.000000,0.000000,0.000000,0.000000,0.000000,0.000000,0.000000,0.000000,
