0.000000,0.000000,0.000000,0.000000,0.000000,0.000000,0.000000,0.000000,0.000000,0.000000,0.000000,0.000000,0.000000,0.000000,0.000000,0.000000,0.000000,0.000000,0.000000,0.000000,0.000000,0.000000,0.000000,0.000000,0.000000,0.000000,0.000000,0.000000,0.000000,0.000000,0.000000,0.000000,0.000000,0.000000,0.000000,0.000000,0.000000,0.000000,0.000000,0.000000,
0.000000,0.000000,0.000000,0.000000,0.000000,0.000000,0.000000,0.000000,0.000000,0.000000,0.000000,0.000000,0.000000,0.000000,0.000000,0.000000,0.000000,0.000000,0.000000,0.000000,0.000000,0.000000,0.000000,0.000000,0.000000,0.000000,0.000000,0.000000,0.000000,0.000000,0.000000,0.000000,0.000000,0.000000,0.000000,0.000000,0.000000,0.000000,0.000000,0.000000,
0.000000,0.000000,0.000000,0.000000,0.000000,0.000000,0.000000,0.000000,0.000000,0.000000,0.000000,0.000000,0.000000,0.000000,0.000000,0.000000,0.000000,0.000000,0.000000,0.000000,0.000000,0.000000,0.000000,0.000000,0.000000,0.000000,0.000000,0.000000,0.000000,0.000000,0.000000,0.000000,0.000000,0.000000,0.000000,0.000000,0.000000,0.000000,0.000000,0.000000,
0.000000,0.000000,0.000000,0.000000,0.000000,0.000000,0.000000,0.000000,0.000000,0.000000,0.000000,0.000000,0.000000,0.000000,0.000000,0.000000,0.000000,0.000000,0.000000,0.000000,0.000000,0.000000,0.000000,0.000000,0.000000,0.000000,0.000000,0.000000,0.000000,0.000000,0.000000,0.000000,0.000000,0.000000,0.000000,0.000000,0.000000,0.000000,0.000000,0.000000,
0.000000,0.000000,0.000000,0.000000,0.000000,0.000000,0.000000,0.000000,0.000000,0.000000,0.000000,0.000000,0.000000,0.000000,0.000000,0.000000,0.000000,0.000000,0.000000,0.000000,0.000000,0.000000,0.000000,0.000000,0.000000,0.000000,0.000000,0.000000,0.000000,0.000000,0.000000,0.000000,0.000000,0.000000,0.000000,0.000000,0.000000,0.000000,0.000000,0.000000,
0.000000,0.000000,0.000000,0.000000,0.000000,0.000000,0.000000,0.000000,0.000000,0.000000,0.000000,0.000000,0.000000,0.000000,0.000000,0.000000,0.000000,0.000000,0.000000,0.000000,0.000000,0.000000,0.000000,0.000000,0.000000,0.000000,0.000000,0.000000,0.000000,0.000000,0.000000,0.000000,0.000000,0.000000,0.000000,0.000000,0.000000,0.000000,0.000000,0.000000,
0.000000,0.000000,0.000000,0.000000,0.000000,0.000000,0.000000,0.000000,0.000000,0.000000,0.000000,0.000000,0.000000,0.000000,0.000000,0.000000,0.000000,0.000000,0.000000,0.000000,0.000000,0.000000,0.000000,0.000000,0.000000,0.000000,2.991000,2.969000,2.986000,0.000000,0.000000,2.994000,2.955000,2.930000,2.930000,2.644000,2.021000,2.280000,2.673000,1.978000,
0.000000,0.000000,0.000000,0.000000,0.000000,0.000000,0.000000,0.000000,0.000000,0.000000,0.000000,0.000000,0.000000,0.000000,0.000000,0.000000,0.000000,0.000000,0.000000,0.000000,0.000000,0.000000,0.000000,0.000000,2.994000,2.932000,2.931000,2.931000,2.947000,2.970000,2.970000,2.970000,2.659000,2.100000,2.071000,2.035000,2.015000,2.000000,1.994000,1.978000,
0.000000,0.000000,0.000000,0.000000,0.000000,0.000000,0.000000,0.000000,0.000000,0.000000,0.000000,0.000000,0.000000,0.000000,0.000000,0.000000,0.000000,0.000000,0.000000,0.000000,0.000000,0.000000,2.970000,2.915000,2.895000,2.892000,2.909000,2.930000,2.946000,2.969000,2.630000,2.100000,2.088000,2.059000,2.037000,2.015000,1.994000,1.979000,1.978000,1.978000,
0.000000,0.000000,0.000000,0.000000,0.000000,0.000000,0.000000,0.000000,0.000000,0.000000,0.000000,0.000000,0.000000,0.000000,0.000000,0.000000,0.000000,0.000000,0.000000,0.000000,0.000000,2.970000,2.895000,2.856000,2.872000,2.891000,2.909000,2.930000,2.587000,2.114000,2.095000,2.066000,2.058000,2.037000,2.022000,2.014000,1.993000,1.978000,1.978000,1.978000,
0.000000,0.000000,0.000000,0.000000,0.000000,0.000000,0.000000,0.000000,0.000000,0.000000,0.000000,0.000000,0.000000,0.000000,0.000000,0.000000,0.000000,0.000000,0.000000,0.000000,2.969000,2.913000,2.855000,2.819000,2.836000,2.872000,2.537000,2.104000,2.079000,2.037000,2.016000,2.004000,2.004000,2.002000,2.001000,2.001000,1.993000,1.978000,1.978000,1.978000,
0.000000,0.000000,0.000000,0.000000,0.000000,0.000000,0.000000,2.985000,2.976000,0.000000,0.000000,0.000000,0.000000,0.000000,0.000000,0.000000,0.000000,2.490000,2.124000,2.556000,2.825000,2.759000,2.770000,2.448000,2.109000,2.112000,2.083000,2.044000,2.044000,2.027000,2.001000,2.000000,2.000000,2.000000,2.000000,2.000000,1.999000,1.998000,1.998000,1.998000,
0.000000,0.000000,0.000000,0.000000,0.000000,0.000000,2.851000,2.768000,2.913000,2.997000,0.000000,0.000000,0.000000,0.000000,0.000000,2.487000,2.158000,2.091000,2.044000,2.090000,2.119000,2.113000,2.114000,2.070000,2.023000,2.023000,2.023000,2.023000,2.023000,2.014000,2.000000,2.000000,2.000000,2.000000,2.000000,2.000000,2.000000,2.000000,2.000000,2.000000,
0.000000,0.000000,0.000000,0.000000,0.000000,0.000000,2.841000,2.745000,2.907000,2.997000,0.000000,0.000000,0.000000,0.000000,2.481000,2.095000,2.046000,2.045000,2.044000,2.033000,2.024000,2.024000,2.024000,2.013000,2.002000,2.002000,2.002000,2.002000,2.002000,2.001000,2.000000,2.000000,2.000000,2.000000,2.000000,2.000000,2.000000,2.000000,2.000000,2.000000,
0.000000,0.000000,0.000000,0.000000,0.000000,0.000000,2.838000,2.776000,2.940000,0.000000,0.000000,0.000000,2.465000,2.187000,2.098000,2.021000,2.006000,2.006000,2.006000,2.004000,2.003000,2.003000,2.003000,2.001000,2.000000,2.000000,2.000000,2.000000,2.000000,2.000000,2.000000,2.000000,2.000000,2.000000,2.000000,2.000000,2.000000,2.000000,2.000000,2.000000,
2.194000,2.968000,0.000000,0.000000,0.000000,0.000000,2.984000,2.976000,0.000000,2.438000,2.205000,2.203000,2.099000,2.034000,2.025000,2.009000,2.000000,2.000000,2.000000,1.990000,1.981000,1.981000,1.991000,2.000000,2.000000,2.000000,2.000000,2.000000,2.000000,2.000000,2.000000,2.000000,2.000000,2.000000,2.000000,2.000000,1.994000,1.981000,1.981000,1.986000,
2.044000,2.187000,2.226000,2.228000,2.239000,2.221000,2.215000,2.201000,2.197000,2.091000,2.034000,2.028000,2.026000,2.011000,2.003000,2.001000,2.000000,2.000000,2.000000,1.988000,1.978000,1.978000,1.989000,2.000000,2.000000,2.000000,2.000000,2.000000,2.000000,2.000000,2.000000,2.000000,2.000000,2.000000,2.000000,2.000000,1.993000,1.978000,1.978000,1.984000,
2.044000,2.044000,2.062000,2.066000,2.052000,2.033000,2.029000,2.013000,2.008000,2.008000,2.005000,2.004000,2.004000,2.001000,2.000000,2.000000,2.010000,2.007000,2.000000,1.988000,1.978000,1.978000,1.989000,2.000000,2.000000,2.000000,2.000000,2.000000,2.000000,2.000000,2.000000,2.000000,2.000000,2.000000,2.000000,2.000000,1.999000,1.996000,1.996000,1.997000,
2.044000,2.044000,2.047000,2.048000,2.045000,2.026000,2.021000,2.006000,2.000000,2.000000,2.000000,2.000000,2.000000,2.000000,2.000000,2.000000,2.013000,2.009000,2.000000,1.998000,1.996000,1.996000,2.007000,2.009000,2.000000,2.000000,2.000000,2.000000,2.000000,2.000000,2.000000,2.000000,2.006000,2.011000,2.000000,2.000000,2.000000,2.000000,2.000000,2.000000,
2.044000,2.044000,2.044000,2.044000,2.044000,2.026000,2.021000,2.018000,2.005000,2.000000,2.000000,2.000000,2.000000,2.000000,2.000000,2.000000,2.013000,2.018000,2.017000,2.017000,2.017000,2.017000,2.028000,2.028000,2.009000,2.000000,2.000000,2.000000,2.000000,2.000000,2.000000,2.000000,2.002000,2.003000,2.000000,2.000000,2.000000,2.000000,2.000000,2.000000,
2.044000,2.044000,2.044000,2.044000,2.044000,2.026000,2.021000,2.021000,2.006000,2.000000,2.000000,2.000000,2.000000,2.000000,2.000000,2.000000,2.013000,2.011000,2.005000,2.005000,2.013000,2.021000,2.033000,2.033000,2.011000,2.000000,2.000000,2.000000,2.000000,2.000000,2.000000,2.000000,2.000000,1.994000,1.983000,1.988000,2.000000,2.000000,2.000000,2.000000,
2.044000,2.058000,2.061000,2.061000,2.048000,2.040000,2.025000,2.021000,2.006000,2.000000,2.000000,2.011000,2.016000,2.016000,2.016000,2.016000,2.019000,2.009000,2.000000,2.000000,2.003000,2.005000,2.025000,2.033000,2.019000,2.009000,2.000000,2.000000,2.000000,2.000000,2.000000,2.000000,1.994000,1.981000,1.978000,1.980000,1.988000,2.000000,1.995000,1.983000,
2.044000,2.062000,2.053000,2.049000,2.045000,2.031000,2.022000,2.021000,2.017000,2.005000,2.000000,2.014000,2.021000,2.021000,2.021000,2.021000,2.021000,2.009000,2.000000,2.000000,2.000000,2.000000,2.022000,2.033000,2.021000,2.011000,2.000000,2.000000,2.000000,2.006000,2.010000,2.000000,1.992000,1.978000,1.978000,1.978000,1.980000,1.988000,1.994000,1.978000,
2.044000,2.049000,2.045000,2.044000,2.044000,2.026000,2.021000,2.021000,2.021000,2.006000,2.000000,2.004000,2.016000,2.021000,2.021000,2.011000,2.006000,2.002000,2.000000,2.000000,2.000000,2.000000,2.022000,2.033000,2.021000,2.018000,2.015000,2.015000,2.015000,2.018000,2.013000,2.000000,1.992000,1.978000,1.978000,1.978000,1.978000,1.984000,1.998000,1.986000,
2.044000,2.044000,2.044000,2.044000,2.044000,2.026000,2.021000,2.033000,2.026000,2.006000,2.000000,2.000000,2.014000,2.021000,2.021000,2.008000,2.000000,2.000000,2.000000,2.000000,1.991000,1.984000,2.006000,2.032000,2.030000,2.021000,2.021000,2.021000,2.021000,2.021000,2.013000,1.994000,1.982000,1.978000,1.978000,1.978000,1.978000,1.989000,1.481000,0.000000,
2.044000,2.044000,2.044000,2.044000,2.044000,2.039000,2.037000,2.042000,2.027000,2.006000,2.000000,2.000000,2.014000,2.021000,2.021000,2.008000,2.000000,2.000000,2.000000,2.000000,1.988000,1.978000,1.992000,2.025000,2.033000,2.021000,2.021000,2.015000,2.006000,2.012000,2.001000,1.967000,1.963000,1.968000,1.978000,1.978000,1.406000,0.000000,0.000000,0.000000,
2.044000,2.044000,2.044000,2.044000,2.044000,2.044000,2.044000,2.044000,2.027000,2.006000,2.000000,2.000000,2.014000,2.021000,2.021000,2.008000,2.000000,2.000000,1.991000,1.985000,1.973000,1.963000,1.982000,2.007000,2.017000,2.021000,2.021000,2.012000,2.000000,1.240000,0.000000,1.957000,1.957000,1.320000,0.000000,0.000000,0.000000,0.000000,0.000000,0.000000,
2.044000,2.044000,2.044000,2.044000,2.044000,2.044000,2.044000,2.033000,2.013000,1.991000,1.985000,1.985000,2.009000,2.031000,2.037000,2.023000,2.014000,2.006000,1.979000,1.964000,1.960000,1.957000,1.979000,2.000000,2.010000,2.021000,2.021000,2.018000,1.234000,0.000000,0.000000,0.000000,0.000000,0.000000,0.000000,0.000000,0.000000,0.000000,0.000000,0.000000,
2.044000,2.044000,2.044000,2.044000,2.044000,2.044000,2.033000,2.013000,2.002000,1.984000,1.978000,1.978000,2.006000,2.036000,2.053000,2.035000,2.021000,2.000000,1.969000,1.957000,1.965000,1.971000,1.986000,2.000000,2.017000,2.036000,1.212000,0.000000,0.000000,0.000000,0.000000,0.000000,0.000000,0.000000,0.000000,0.000000,0.000000,0.000000,0.000000,0.000000,
2.044000,2.044000,2.032000,2.029000,2.029000,2.029000,2.023000,2.006000,2.000000,1.984000,1.969000,1.964000,1.983000,2.008000,2.029000,2.027000,2.004000,1.984000,1.974000,1.001000,0.000000,0.000000,0.000000,1.134000,2.050000,2.065000,0.000000,0.000000,0.000000,0.000000,0.000000,0.000000,0.000000,0.000000,0.000000,0.000000,0.000000,0.000000,0.000000,0.000000,
2.029000,2.029000,2.023000,2.021000,2.021000,2.021000,2.011000,2.002000,2.010000,2.008000,1.972000,1.957000,1.962000,1.970000,1.978000,2.005000,1.995000,1.978000,1.005000,0.000000,0.000000,0.000000,0.000000,0.000000,1.166000,2.099000,0.000000,0.000000,0.000000,0.000000,0.000000,0.000000,0.000000,0.000000,0.000000,0.000000,0.000000,0.000000,0.000000,0.000000,
2.008000,2.008000,2.019000,2.021000,2.021000,2.032000,2.009000,2.000000,0.000000,0.000000,1.455000,1.957000,1.957000,1.957000,1.957000,0.000000,0.000000,0.000000,0.000000,0.000000,0.000000,0.000000,0.000000,0.000000,0.000000,0.000000,0.000000,0.000000,0.000000,0.000000,0.000000,0.000000,0.000000,0.000000,0.000000,0.000000,0.000000,0.000000,0.000000,0.000000,
1.987000,1.987000,2.015000,2.021000,2.021000,2.039000,2.031000,0.000000,0.000000,0.000000,0.000000,0.000000,0.000000,0.000000,0.000000,0.000000,0.000000,0.000000,0.000000,0.000000,0.000000,0.000000,0.000000,0.000000,0.000000,0.000000,0.000000,0.000000,0.000000,0.000000,0.000000,0.000000,0.000000,0.000000,0.000000,0.000000,0.000000,0.000000,0.000000,0.000000,
1.978000,1.978000,2.003000,2.018000,2.021000,2.039000,0.000000,0.000000,0.000000,0.000000,0.000000,0.000000,0.000000,0.000000,0.000000,0.000000,0.000000,0.000000,0.000000,0.000000,0.000000,0.000000,0.000000,0.000000,0.000000,0.000000,0.000000,0.000000,0.000000,0.000000,0.000000,0.000000,0.000000,0.000000,0.000000,0.000000,0.000000,0.000000,0.000000,0.000000,
0.000000,0.000000,0.000000,0.000000,0.000000,0.000000,0.000000,0.000000,0.000000,0.000000,0.000000,0.000000,0.000000,0.000000,0.000000,0.000000,0.000000,0.000000,0.000000,0.000000,0.000000,0.000000,0.000000,0.000000,0.000000,0.000000,0.000000,0.000000,0.000000,0.000000,0.000000,0.000000,0.000000,0.000000,0.000000,0.000000,0.000000,0.000000,0.000000,0.000000,
0.000000,0.000000,0.000000,0.000000,0.000000,0.000000,0.000000,0.000000,0.000000,0.000000,0.000000,0.000000,0.000000,0.000000,0.000000,0.000000,0.000000,0.000000,0.000000,0.000000,0.000000,0.000000,0.000000,0.000000,0.000000,0.000000,0.000000,0.000000,0.000000,0.000000,0.000000,0.000000,0.000000,0.000000,0.000000,0.000000,0.000000,0.000000,0.000000,0.000000,
0.000000,0.000000,0.000000,0.000000,0.000000,0.000000,0.000000,0.000000,0.000000,0.000000,0.000000,0.000000,0.000000,0.000000,0.000000,0.000000,0.000000,0.000000,0.000000,0.000000,0.000000,0.000000,0.000000,0.000000,0.000000,0.000000,0.000000,0.000000,0.000000,0.000000,0.000000,0.000000,0.000000,0.000000,0.000000,0.000000,0.000000,0.000000,0.000000,0.000000,
0.000000,0.000000,0.000000,0.000000,0.000000,0.000000,0.000000,0.000000,0.000000,0.000000,0.000000,0.000000,0.000000,0.000000,0.000000,0.000000,0.000000,0.000000,0.000000,0.000000,0.000000,0.000000,0.000000,0.000000,0.000000,0.000000,0.000000,0.000000,0.000000,0.000000,0.000000,0.000000,0.000000,0.000000,0.000000,0.000000,0.000000,0.000000,0.000000,0.000000,
0.000000,0.000000,0.000000,0.000000,0.000000,0.000000,0.000000,0.000000,0.000000,0.000000,0.000000,0.000000,0.000000,0.000000,0.000000,0.000000,0.000000,0.000000,0.000000,0.000000,0.000000,0.000000,0.000000,0.000000,0.000000,0.000000,0.000000,0.000000,0.000000,0.000000,0.000000,0.000000,0.000000,0.000000,0.000000,0.000000,0.000000,0.000000,0.000000,0.000000,
0.000000,0.000000,0.000000,0.000000,0.000000,0.000000,0.000000,0.000000,0.000000,0.000000,0.000000,0.000000,0.000000,0.000000,0.000000,0.000000,0.000000,0.000000,0.000000,0.000000,0.000000,0.000000,0.000000,0.000000,0.000000,0.000000,0.000000,0.000000,0.000000,0.000000,0.000000,0.000000,0.000000,0.000000,0.000000,0.000000,0.000000,0.000000,0.000000,0.000000,
