0.000000,0.000000,0.000000,0.000000,0.000000,0.000000,0.000000,0.000000,0.000000,0.000000,0.000000,0.000000,0.000000,0.000000,0.000000,0.000000,0.000000,0.000000,0.000000,0.000000,0.000000,0.000000,0.000000,0.000000,0.000000,0.000000,0.000000,0.000000,0.000000,0.000000,0.000000,0.000000,0.000000,0.000000,0.000000,0.000000,0.000000,0.000000,0.000000,0.000000,
0.000000,0.000000,0.000000,0.000000,0.000000,0.000000,0.000000,0.000000,0.000000,0.000000,2.706000,2.028000,2.028000,2.028000,2.038000,2.043000,2.043000,2.037000,2.028000,0.000000,0.000000,0.000000,0.000000,2.041000,2.043000,2.043000,2.043000,2.041000,2.030000,2.015000,2.423000,0.000000,0.000000,0.000000,0.000000,0.000000,0.000000,0.000000,0.000000,0.000000,
0.000000,0.000000,0.000000,0.000000,0.000000,0.000000,0.000000,2.043000,2.043000,2.043000,2.035000,2.033000,2.033000,2.033000,2.039000,2.043000,2.042000,2.028000,2.028000,2.028000,2.028000,2.025000,2.014000,2.023000,2.037000,2.038000,2.034000,2.019000,2.014000,2.014000,2.016000,2.023000,0.000000,0.000000,0.000000,0.000000,0.000000,0.000000,0.000000,0.000000,
0.000000,0.000000,0.000000,0.000000,0.000000,0.000000,0.000000,2.043000,2.043000,2.043000,2.043000,2.043000,2.043000,2.043000,2.043000,2.043000,2.042000,2.028000,2.028000,2.034000,2.028000,2.027000,2.022000,2.026000,2.028000,2.020000,2.018000,2.010000,2.006000,2.014000,2.014000,2.014000,0.000000,0.000000,0.000000,0.000000,0.000000,0.000000,0.000000,0.000000,
0.000000,0.000000,0.000000,0.000000,0.000000,0.000000,0.000000,2.053000,2.043000,2.043000,2.043000,2.043000,2.043000,2.043000,2.043000,2.043000,2.043000,2.036000,2.028000,2.031000,2.028000,2.040000,2.035000,2.021000,2.017000,2.014000,2.014000,2.007000,2.000000,2.013000,2.014000,2.014000,0.000000,0.000000,0.000000,0.000000,0.000000,0.000000,0.000000,0.000000,
0.000000,0.000000,0.000000,0.000000,0.000000,0.000000,0.000000,2.043000,2.043000,2.043000,2.043000,2.043000,2.043000,2.043000,2.043000,2.043000,2.042000,2.028000,2.028000,2.028000,2.028000,2.040000,2.028000,2.019000,2.014000,2.014000,2.014000,2.014000,2.014000,2.014000,2.014000,2.014000,0.000000,0.000000,0.000000,0.000000,0.000000,0.000000,0.000000,0.000000,
0.000000,0.000000,0.000000,0.000000,0.000000,0.000000,0.000000,2.046000,2.043000,2.043000,2.043000,2.043000,2.043000,2.043000,2.043000,2.040000,2.028000,2.028000,2.028000,2.028000,2.028000,2.027000,2.020000,2.005000,2.000000,2.000000,2.004000,2.014000,2.014000,2.014000,2.014000,2.014000,0.000000,0.000000,0.000000,0.000000,0.000000,0.000000,0.000000,0.000000,
0.000000,0.000000,0.000000,0.000000,0.000000,0.000000,0.000000,2.056000,2.043000,2.043000,2.043000,2.043000,2.043000,2.043000,2.043000,2.030000,2.028000,2.028000,2.028000,2.023000,2.022000,2.020000,2.014000,2.005000,2.000000,2.000000,2.004000,2.011000,2.008000,2.014000,2.014000,2.014000,0.000000,0.000000,0.000000,0.000000,0.000000,0.000000,0.000000,0.000000,
0.000000,0.000000,0.000000,0.000000,0.000000,0.000000,0.000000,2.056000,2.043000,2.043000,2.043000,2.043000,2.043000,2.043000,2.037000,2.029000,2.028000,2.028000,2.028000,2.017000,2.014000,2.014000,2.014000,2.011000,2.009000,2.000000,2.001000,2.002000,2.000000,2.013000,2.014000,2.018000,0.000000,0.000000,0.000000,0.000000,0.000000,0.000000,0.000000,0.000000,
0.000000,0.000000,0.000000,0.000000,0.000000,0.000000,0.000000,2.069000,2.052000,2.043000,2.043000,2.043000,2.043000,2.043000,2.033000,2.028000,2.028000,2.028000,2.028000,2.027000,2.014000,2.014000,2.014000,2.014000,2.014000,2.000000,2.000000,2.000000,2.000000,2.013000,2.014000,2.020000,0.000000,0.000000,0.000000,0.000000,0.000000,0.000000,0.000000,0.000000,
0.000000,0.000000,0.000000,0.000000,0.000000,0.000000,0.000000,2.070000,2.053000,2.043000,2.043000,2.043000,2.043000,2.043000,2.034000,2.028000,2.028000,2.028000,2.028000,2.028000,2.014000,2.014000,2.020000,2.028000,2.016000,2.000000,2.000000,2.000000,2.000000,2.013000,2.014000,2.008000,2.000000,0.000000,0.000000,0.000000,0.000000,0.000000,0.000000,0.000000,
0.000000,0.000000,0.000000,0.000000,0.000000,0.000000,0.000000,2.058000,2.053000,2.043000,2.043000,2.043000,2.043000,2.043000,2.043000,2.034000,2.028000,2.028000,2.028000,2.028000,2.019000,2.018000,2.022000,2.025000,2.015000,2.000000,2.000000,2.000000,2.000000,2.013000,2.014000,2.010000,2.509000,0.000000,0.000000,0.000000,0.000000,0.000000,0.000000,0.000000,
0.000000,0.000000,0.000000,0.000000,0.000000,0.000000,0.000000,2.058000,2.053000,2.043000,2.043000,2.043000,2.043000,2.043000,2.043000,2.043000,2.035000,2.028000,2.028000,2.028000,2.028000,2.027000,2.021000,2.016000,2.014000,2.000000,2.000000,2.000000,2.000000,2.013000,2.014000,2.014000,0.000000,0.000000,0.000000,0.000000,0.000000,0.000000,0.000000,0.000000,
0.000000,0.000000,0.000000,0.000000,0.000000,0.000000,0.000000,2.058000,2.053000,2.043000,2.043000,2.043000,2.043000,2.043000,2.043000,2.043000,2.042000,2.028000,2.028000,2.028000,2.028000,2.025000,2.014000,2.014000,2.014000,2.011000,2.011000,2.005000,2.000000,2.013000,2.014000,2.014000,0.000000,0.000000,0.000000,0.000000,0.000000,0.000000,0.000000,0.000000,
0.000000,0.000000,0.000000,0.000000,0.000000,0.000000,0.000000,2.058000,2.053000,2.043000,2.043000,2.029000,2.028000,2.035000,2.043000,2.043000,2.042000,2.028000,2.028000,2.028000,2.028000,2.014000,2.014000,2.014000,2.014000,2.014000,2.014000,2.007000,2.000000,2.013000,2.014000,2.003000,2.031000,0.000000,0.000000,0.000000,0.000000,0.000000,0.000000,0.000000,
0.000000,0.000000,0.000000,0.000000,0.000000,0.000000,0.000000,2.056000,2.043000,2.043000,2.043000,2.031000,2.030000,2.028000,2.028000,2.028000,2.028000,2.028000,2.028000,2.028000,2.014000,2.014000,2.014000,2.014000,2.014000,2.013000,2.000000,2.000000,2.000000,2.013000,2.014000,2.004000,1.989000,0.000000,0.000000,0.000000,0.000000,0.000000,0.000000,0.000000,
0.000000,0.000000,0.000000,0.000000,0.000000,0.000000,0.000000,2.052000,2.047000,2.043000,2.043000,2.043000,2.041000,2.032000,2.028000,2.028000,2.028000,2.028000,2.028000,2.028000,2.014000,2.014000,2.014000,2.014000,2.014000,2.013000,2.000000,2.000000,2.000000,2.013000,2.014000,2.008000,2.000000,0.000000,0.000000,0.000000,0.000000,0.000000,0.000000,0.000000,
0.000000,0.000000,0.000000,0.000000,0.000000,0.000000,0.000000,2.045000,2.053000,2.043000,2.043000,2.043000,2.043000,2.037000,2.028000,2.028000,2.028000,2.028000,2.023000,2.019000,2.014000,2.014000,2.014000,2.014000,2.014000,2.005000,2.000000,2.000000,2.000000,2.013000,2.014000,2.008000,2.000000,0.000000,0.000000,0.000000,0.000000,0.000000,0.000000,0.000000,
0.000000,0.000000,0.000000,0.000000,0.000000,0.000000,0.000000,2.056000,2.053000,2.043000,2.043000,2.043000,2.043000,2.042000,2.041000,2.030000,2.028000,2.028000,2.021000,2.014000,2.014000,2.014000,2.014000,2.014000,2.004000,2.000000,2.000000,2.000000,2.000000,2.002000,2.002000,2.001000,2.000000,0.000000,0.000000,0.000000,0.000000,0.000000,0.000000,0.000000,
0.000000,0.000000,0.000000,0.000000,0.000000,0.000000,0.000000,2.058000,2.058000,2.050000,2.043000,2.043000,2.042000,2.042000,2.033000,2.028000,2.028000,2.028000,2.028000,2.017000,2.013000,2.013000,2.008000,2.000000,2.001000,2.001000,2.001000,2.000000,2.000000,2.000000,2.000000,2.000000,2.000000,0.000000,0.000000,0.000000,0.000000,0.000000,0.000000,0.000000,
0.000000,0.000000,0.000000,0.000000,0.000000,0.000000,0.000000,2.054000,2.054000,2.048000,2.043000,2.043000,2.028000,2.028000,2.028000,2.028000,2.024000,2.024000,2.024000,2.016000,2.000000,2.000000,2.000000,2.003000,2.013000,2.010000,2.007000,2.000000,2.000000,2.000000,2.000000,2.000000,2.000000,0.000000,0.000000,0.000000,0.000000,0.000000,0.000000,0.000000,
0.000000,0.000000,0.000000,0.000000,0.000000,0.000000,0.000000,2.043000,2.043000,2.043000,2.043000,2.043000,2.028000,2.028000,2.028000,2.028000,2.014000,2.014000,2.014000,2.014000,2.007000,2.000000,2.000000,2.004000,2.013000,2.000000,2.000000,2.000000,2.000000,2.007000,2.000000,2.000000,2.000000,0.000000,0.000000,0.000000,0.000000,0.000000,0.000000,0.000000,
0.000000,0.000000,0.000000,0.000000,0.000000,0.000000,0.000000,2.043000,2.043000,2.043000,2.043000,2.043000,2.028000,2.028000,2.028000,2.028000,2.024000,2.021000,2.014000,2.014000,2.014000,2.000000,2.000000,2.000000,2.003000,2.000000,2.000000,2.000000,2.000000,2.004000,2.000000,2.000000,2.000000,0.000000,0.000000,0.000000,0.000000,0.000000,0.000000,0.000000,
0.000000,0.000000,0.000000,0.000000,0.000000,0.000000,0.000000,2.057000,2.057000,2.049000,2.043000,2.043000,2.028000,2.028000,2.028000,2.028000,2.028000,2.028000,2.027000,2.027000,2.014000,2.011000,2.000000,2.000000,2.000000,2.000000,2.000000,2.000000,2.000000,2.000000,2.000000,2.000000,2.008000,0.000000,0.000000,0.000000,0.000000,0.000000,0.000000,0.000000,
0.000000,0.000000,0.000000,0.000000,0.000000,0.000000,0.000000,2.082000,2.058000,2.050000,2.043000,2.043000,2.043000,2.043000,2.043000,2.032000,2.028000,2.026000,2.026000,2.017000,2.014000,2.009000,2.000000,2.000000,2.010000,2.011000,2.000000,2.000000,2.000000,2.002000,2.000000,2.000000,2.009000,0.000000,0.000000,0.000000,0.000000,0.000000,0.000000,0.000000,
0.000000,0.000000,0.000000,0.000000,0.000000,0.000000,0.000000,2.065000,2.052000,2.047000,2.043000,2.043000,2.037000,2.037000,2.041000,2.043000,2.027000,2.014000,2.014000,2.014000,2.009000,2.000000,2.000000,2.000000,2.000000,2.000000,2.000000,2.000000,2.000000,2.013000,2.000000,2.000000,2.009000,0.000000,0.000000,0.000000,0.000000,0.000000,0.000000,0.000000,
0.000000,0.000000,0.000000,0.000000,0.000000,0.000000,0.000000,2.056000,2.043000,2.043000,2.043000,2.043000,2.028000,2.028000,2.038000,2.035000,2.027000,2.014000,2.014000,2.014000,2.000000,2.000000,2.000000,2.000000,2.000000,2.000000,2.000000,2.000000,2.000000,2.013000,2.007000,2.000000,2.009000,0.000000,0.000000,0.000000,0.000000,0.000000,0.000000,0.000000,
0.000000,0.000000,0.000000,0.000000,0.000000,0.000000,0.000000,2.033000,2.035000,2.043000,2.043000,2.043000,2.028000,2.028000,2.030000,2.028000,2.016000,2.014000,2.014000,2.014000,2.000000,2.000000,2.000000,2.000000,2.000000,2.000000,2.000000,2.000000,2.000000,2.013000,2.014000,2.012000,2.013000,0.000000,0.000000,0.000000,0.000000,0.000000,0.000000,0.000000,
0.000000,0.000000,0.000000,0.000000,0.000000,0.000000,0.000000,2.029000,2.034000,2.043000,2.043000,2.043000,2.028000,2.028000,2.028000,2.028000,2.014000,2.014000,2.014000,2.014000,2.013000,2.000000,2.000000,2.000000,2.000000,2.000000,2.000000,2.000000,2.000000,2.013000,2.012000,2.000000,2.008000,0.000000,0.000000,0.000000,0.000000,0.000000,0.000000,0.000000,
0.000000,0.000000,0.000000,0.000000,0.000000,0.000000,0.000000,2.047000,2.047000,2.045000,2.043000,2.043000,2.031000,2.028000,2.028000,2.025000,2.014000,2.014000,2.014000,2.014000,2.000000,2.000000,2.000000,2.000000,2.000000,2.000000,2.000000,2.000000,2.000000,2.013000,2.012000,2.000000,2.000000,0.000000,0.000000,0.000000,0.000000,0.000000,0.000000,0.000000,
0.000000,0.000000,0.000000,0.000000,0.000000,0.000000,0.000000,2.065000,2.063000,2.050000,2.043000,2.036000,2.034000,2.025000,2.021000,2.015000,2.014000,2.014000,2.014000,2.009000,2.000000,2.000000,2.000000,2.000000,2.000000,2.000000,2.000000,2.000000,2.000000,2.013000,2.006000,1.997000,1.993000,0.000000,0.000000,0.000000,0.000000,0.000000,0.000000,0.000000,
0.000000,0.000000,0.000000,0.000000,0.000000,0.000000,0.000000,2.062000,2.061000,2.050000,2.043000,2.028000,2.028000,2.022000,2.014000,2.014000,2.014000,2.014000,2.014000,2.003000,2.000000,2.000000,2.000000,2.000000,2.000000,2.000000,2.000000,2.000000,2.000000,2.013000,2.000000,1.994000,1.986000,0.000000,0.000000,0.000000,0.000000,0.000000,0.000000,0.000000,
0.000000,0.000000,0.000000,0.000000,0.000000,0.000000,0.000000,0.000000,2.044000,2.043000,2.043000,2.028000,2.028000,2.022000,2.014000,2.014000,2.014000,2.014000,2.014000,2.003000,2.000000,2.000000,2.000000,2.000000,2.000000,2.000000,2.000000,2.000000,2.000000,2.001000,2.000000,2.000000,1.999000,0.000000,0.000000,0.000000,0.000000,0.000000,0.000000,0.000000,
0.000000,0.000000,0.000000,0.000000,0.000000,0.000000,0.000000,0.000000,2.026000,2.034000,2.041000,2.028000,2.028000,2.023000,2.015000,2.014000,2.014000,2.012000,2.012000,2.003000,2.000000,2.000000,2.000000,2.000000,2.000000,2.000000,1.998000,1.999000,2.000000,2.000000,2.000000,2.000000,2.000000,0.000000,0.000000,0.000000,0.000000,0.000000,0.000000,0.000000,
0.000000,0.000000,0.000000,0.000000,0.000000,0.000000,0.000000,2.014000,2.014000,2.022000,2.028000,2.028000,2.028000,2.028000,2.019000,2.009000,2.008000,2.000000,2.000000,2.000000,2.000000,2.000000,2.000000,2.000000,1.995000,1.994000,1.986000,1.993000,2.000000,2.000000,2.000000,2.000000,2.000000,0.000000,0.000000,0.000000,0.000000,0.000000,0.000000,0.000000,
0.000000,0.000000,0.000000,0.000000,0.000000,0.000000,0.000000,2.022000,2.022000,2.025000,2.028000,2.028000,2.028000,2.028000,2.019000,2.002000,2.000000,2.000000,2.000000,2.000000,2.000000,2.000000,2.000000,2.000000,1.988000,1.986000,1.986000,1.993000,2.000000,2.000000,2.000000,2.000000,2.000000,0.000000,0.000000,0.000000,0.000000,0.000000,0.000000,0.000000,
0.000000,0.000000,0.000000,0.000000,0.000000,0.000000,0.000000,0.000000,2.028000,2.028000,2.028000,2.028000,2.028000,2.023000,2.015000,2.002000,2.000000,2.004000,2.011000,2.003000,2.000000,2.000000,2.000000,2.000000,1.998000,1.997000,1.997000,1.999000,2.000000,2.000000,2.000000,2.000000,2.000000,0.000000,0.000000,0.000000,0.000000,0.000000,0.000000,0.000000,
0.000000,0.000000,0.000000,0.000000,0.000000,0.000000,0.000000,0.000000,0.000000,0.000000,2.149000,2.145000,2.145000,2.137000,2.129000,2.029000,2.001000,2.005000,2.016000,2.017000,0.000000,0.000000,0.000000,1.142000,1.989000,2.104000,2.104000,2.111000,0.000000,0.000000,0.000000,0.000000,0.000000,0.000000,0.000000,0.000000,0.000000,0.000000,0.000000,0.000000,
0.000000,0.000000,0.000000,0.000000,0.000000,0.000000,0.000000,0.000000,0.000000,0.000000,0.000000,0.000000,0.000000,0.000000,0.000000,2.409000,2.014000,2.023000,2.067000,2.088000,2.088000,0.000000,0.000000,0.000000,1.715000,0.000000,0.000000,0.000000,0.000000,0.000000,0.000000,0.000000,0.000000,0.000000,0.000000,0.000000,0.000000,0.000000,0.000000,0.000000,
0.000000,0.000000,0.000000,0.000000,0.000000,0.000000,0.000000,0.000000,0.000000,0.000000,0.000000,0.000000,0.000000,0.000000,0.000000,0.000000,0.000000,0.000000,0.000000,0.000000,0.000000,0.000000,0.000000,0.000000,0.000000,0.000000,0.000000,0.000000,0.000000,0.000000,0.000000,0.000000,0.000000,0.000000,0.000000,0.000000,0.000000,0.000000,0.000000,0.000000,
