40 40
0.000000 0.000000 0.000000 0.000000 0.000000 0.000000 0.000000 0.000000 0.000000 0.000000 0.000000 0.000000 0.000000 0.000000 0.000000 0.000000 0.000000 0.000000 0.000000 0.000000 0.000000 0.000000 0.000000 0.000000 0.000000 0.000000 0.000000 0.000000 0.000000 0.000000 0.000000 0.000000 0.000000 0.000000 0.000000 0.000000 0.000000 0.000000 0.000000 0.000000 
0.000000 0.000000 0.000000 0.000000 0.000000 0.000000 0.000000 0.000000 0.000000 0.000000 0.000000 0.000000 0.000000 0.000000 0.000000 0.000000 0.000000 0.000000 0.000000 0.000000 0.000000 0.000000 0.000000 0.000000 0.000000 0.000000 0.000000 0.000000 0.000000 0.000000 0.000000 0.000000 0.000000 0.000000 0.000000 0.000000 0.000000 0.000000 0.000000 0.000000 
0.000000 0.000000 0.000000 0.000000 0.000000 0.000000 0.000000 0.000000 0.000000 0.000000 0.000000 0.000000 0.000000 0.000000 0.000000 0.000000 0.000000 0.000000 0.000000 0.000000 0.000000 0.000000 0.000000 0.000000 0.000000 0.000000 0.000000 0.000000 0.000000 0.000000 0.000000 0.000000 0.000000 0.000000 0.000000 0.000000 0.000000 0.000000 0.000000 0.000000 
0.000000 0.000000 0.000000 0.000000 0.000000 0.000000 0.000000 0.000000 0.000000 0.000000 0.000000 0.000000 0.000000 0.000000 0.000000 0.000000 0.000000 0.000000 0.000000 0.000000 0.000000 0.000000 0.000000 0.000000 0.000000 0.000000 0.000000 0.000000 0.000000 0.000000 0.000000 0.000000 0.000000 0.000000 0.000000 0.000000 0.000000 0.000000 0.000000 0.000000 
0.000000 0.000000 0.000000 0.000000 0.000000 0.000000 0.000000 0.000000 0.000000 0.000000 0.000000 0.000000 0.000000 0.000000 0.000000 0.000000 0.000000 0.000000 0.000000 0.000000 0.000000 0.000000 0.000000 0.000000 0.000000 0.000000 0.000000 0.000000 0.000000 0.000000 0.000000 0.000000 0.000000 0.000000 0.000000 0.000000 0.000000 0.000000 0.000000 0.000000 
0.000000 0.000000 0.000000 0.000000 0.000000 0.000000 0.000000 0.000000 0.000000 0.000000 0.000000 0.000000 0.000000 0.000000 0.000000 0.000000 0.000000 0.000000 0.000000 0.000000 0.000000 0.000000 0.000000 0.000000 0.000000 0.000000 0.000000 0.000000 0.000000 0.000000 0.000000 0.000000 0.000000 0.000000 0.000000 0.000000 0.000000 0.000000 0.000000 0.000000 
0.000000 0.000000 0.000000 0.000000 2.060000 2.049000 2.049000 2.049000 2.049000 2.049000 2.052000 2.869000 0.000000 0.000000 0.000000 0.000000 0.000000 0.000000 0.000000 0.000000 0.000000 0.000000 0.000000 0.000000 0.000000 0.000000 0.000000 0.000000 0.000000 0.000000 0.000000 0.000000 0.000000 0.000000 0.000000 0.000000 0.000000 0.000000 0.000000 0.000000 
0.000000 0.000000 0.000000 0.000000 2.056000 2.045000 2.045000 2.045000 2.045000 2.049000 2.049000 2.054000 0.000000 0.000000 0.000000 0.000000 0.000000 0.000000 0.000000 0.000000 0.000000 0.000000 0.000000 0.000000 0.000000 0.000000 0.000000 0.000000 0.000000 0.000000 0.000000 0.000000 0.000000 0.000000 0.000000 0.000000 0.000000 0.000000 0.000000 0.000000 
0.000000 0.000000 0.000000 2.062000 2.043000 2.032000 2.032000 2.032000 2.032000 2.049000 2.043000 2.043000 2.043000 0.000000 0.000000 0.000000 0.000000 0.000000 0.000000 0.000000 0.000000 0.000000 0.000000 0.000000 0.000000 0.000000 0.000000 0.000000 0.000000 0.000000 0.000000 0.000000 0.000000 0.000000 0.000000 0.000000 0.000000 0.000000 0.000000 0.000000 
0.000000 0.000000 0.000000 0.000000 2.038000 2.032000 2.032000 2.032000 2.032000 2.040000 2.032000 2.032000 2.032000 2.032000 2.026000 0.000000 0.000000 0.000000 0.000000 0.000000 0.000000 0.000000 0.000000 0.000000 0.000000 0.000000 0.000000 0.000000 0.000000 0.000000 0.000000 0.000000 0.000000 0.000000 0.000000 0.000000 0.000000 0.000000 0.000000 0.000000 
0.000000 0.000000 0.000000 0.000000 2.028000 2.022000 2.028000 2.032000 2.032000 2.032000 2.032000 2.032000 2.032000 2.026000 2.017000 2.016000 2.949000 0.000000 0.000000 0.000000 0.000000 0.000000 0.000000 0.000000 0.000000 0.000000 0.000000 0.000000 0.000000 0.000000 0.000000 0.000000 0.000000 0.000000 0.000000 0.000000 0.000000 0.000000 0.000000 0.000000 
0.000000 0.000000 0.000000 2.481000 2.026000 2.016000 2.026000 2.032000 2.032000 2.032000 2.029000 2.020000 2.026000 2.022000 2.016000 2.016000 2.033000 2.156000 2.589000 0.000000 0.000000 0.000000 0.000000 0.000000 0.000000 0.000000 0.000000 0.000000 0.000000 0.000000 0.000000 0.000000 0.000000 0.000000 0.000000 0.000000 0.000000 0.000000 0.000000 0.000000 
0.000000 0.000000 2.187000 2.007000 2.017000 2.016000 2.017000 2.029000 2.018000 2.017000 2.017000 2.016000 2.024000 2.022000 2.016000 2.016000 2.032000 2.033000 2.027000 2.113000 0.000000 2.769000 2.216000 0.000000 0.000000 0.000000 0.000000 0.000000 0.000000 0.000000 0.000000 0.000000 0.000000 0.000000 0.000000 0.000000 0.000000 0.000000 0.000000 0.000000 
0.000000 0.000000 2.000000 2.004000 2.017000 2.017000 2.016000 2.016000 2.016000 2.016000 2.016000 2.016000 2.016000 2.016000 2.016000 2.016000 2.017000 2.031000 2.026000 2.016000 2.016000 2.016000 2.016000 2.146000 0.000000 0.000000 0.000000 0.000000 0.000000 0.000000 0.000000 0.000000 0.000000 0.000000 0.000000 0.000000 0.000000 0.000000 0.000000 0.000000 
0.000000 0.000000 2.003000 2.009000 2.032000 2.026000 2.017000 2.016000 2.016000 2.016000 2.015000 2.013000 2.014000 2.016000 2.016000 2.016000 2.016000 2.016000 2.016000 2.016000 2.016000 2.016000 2.016000 2.029000 2.421000 0.000000 0.000000 0.000000 0.000000 0.000000 0.000000 0.000000 0.000000 0.000000 0.000000 0.000000 0.000000 0.000000 0.000000 0.000000 
0.000000 0.000000 2.016000 2.019000 2.032000 2.032000 2.022000 2.016000 2.016000 2.010000 2.008000 2.000000 2.008000 2.016000 2.016000 2.016000 2.010000 2.010000 2.010000 2.013000 2.016000 2.016000 2.016000 2.016000 2.016000 2.567000 0.000000 0.000000 0.000000 0.000000 0.000000 0.000000 0.000000 0.000000 0.000000 0.000000 0.000000 0.000000 0.000000 0.000000 
0.000000 0.000000 2.024000 2.026000 2.032000 2.032000 2.022000 2.016000 2.016000 2.000000 2.000000 2.000000 2.004000 2.008000 2.008000 2.008000 2.000000 2.000000 2.000000 2.008000 2.011000 2.008000 2.008000 2.008000 2.010000 2.016000 2.024000 2.032000 2.979000 0.000000 0.000000 0.000000 0.000000 0.000000 0.000000 0.000000 0.000000 0.000000 0.000000 0.000000 
0.000000 0.000000 2.043000 2.043000 2.039000 2.032000 2.028000 2.018000 2.016000 2.000000 2.000000 2.000000 2.000000 2.000000 2.000000 2.000000 2.000000 2.002000 2.010000 2.013000 2.006000 2.000000 2.000000 2.000000 2.003000 2.016000 2.019000 2.028000 2.020000 2.016000 2.053000 2.932000 0.000000 0.000000 0.000000 0.000000 0.000000 0.000000 0.000000 0.000000 
0.000000 0.000000 2.074000 2.059000 2.048000 2.039000 2.032000 2.020000 2.016000 2.012000 2.000000 2.000000 2.000000 2.000000 2.000000 2.000000 2.000000 2.003000 2.016000 2.016000 2.006000 2.000000 2.000000 2.000000 2.003000 2.016000 2.016000 2.018000 2.017000 2.016000 2.016000 2.004000 2.186000 2.576000 0.000000 0.000000 0.000000 0.000000 0.000000 0.000000 
0.000000 0.000000 2.083000 2.078000 2.065000 2.056000 2.048000 2.034000 2.031000 2.016000 2.012000 2.000000 2.000000 2.000000 2.000000 2.000000 2.000000 2.000000 2.001000 2.001000 2.001000 2.000000 2.000000 2.000000 2.000000 2.001000 2.001000 2.001000 2.001000 2.001000 2.001000 2.000000 2.000000 2.000000 2.147000 0.000000 0.000000 0.000000 0.000000 0.000000 
0.000000 0.000000 2.117000 2.098000 2.084000 2.076000 2.067000 2.054000 2.050000 2.033000 2.029000 2.017000 2.009000 2.001000 2.000000 2.000000 2.000000 2.000000 2.000000 2.000000 2.000000 2.000000 2.000000 2.000000 2.000000 2.000000 2.000000 2.000000 2.000000 2.000000 2.000000 2.000000 2.005000 2.016000 2.016000 2.028000 2.061000 2.066000 0.000000 0.000000 
0.000000 0.000000 2.118000 2.115000 2.104000 2.096000 2.084000 2.072000 2.066000 2.051000 2.035000 2.030000 2.019000 2.017000 2.004000 2.000000 2.000000 2.000000 2.000000 2.000000 2.000000 2.000000 2.000000 2.000000 2.000000 2.000000 2.000000 2.000000 2.000000 2.000000 2.000000 2.000000 2.005000 2.016000 2.016000 2.026000 2.044000 2.059000 0.000000 0.000000 
0.000000 0.000000 2.130000 2.124000 2.124000 2.116000 2.095000 2.089000 2.073000 2.071000 2.055000 2.049000 2.038000 2.027000 2.009000 2.000000 2.000000 2.000000 2.000000 2.000000 2.000000 2.000000 2.000000 2.000000 2.000000 2.000000 2.000000 2.000000 2.000000 2.000000 2.000000 2.001000 2.009000 2.016000 2.016000 2.016000 2.025000 2.032000 0.000000 0.000000 
0.000000 0.000000 0.000000 2.978000 2.136000 2.131000 2.116000 2.109000 2.101000 2.091000 2.081000 2.068000 2.057000 2.046000 2.027000 2.009000 2.007000 2.000000 2.000000 2.000000 2.000000 2.000000 2.000000 2.000000 2.000000 2.000000 2.000000 2.000000 2.000000 2.000000 2.000000 2.003000 2.016000 2.016000 2.016000 2.016000 2.016000 2.032000 0.000000 0.000000 
0.000000 0.000000 0.000000 0.000000 0.000000 0.000000 2.640000 2.132000 2.129000 2.122000 2.110000 2.095000 2.071000 2.055000 2.044000 2.027000 2.025000 2.010000 2.007000 2.000000 2.000000 2.000000 2.000000 2.000000 2.000000 2.000000 2.000000 2.000000 2.000000 2.000000 2.000000 2.003000 2.016000 2.016000 2.016000 2.016000 2.016000 2.032000 0.000000 0.000000 
0.000000 0.000000 0.000000 0.000000 0.000000 0.000000 0.000000 0.000000 2.269000 2.136000 2.132000 2.124000 2.101000 2.082000 2.065000 2.046000 2.044000 2.028000 2.023000 2.006000 2.000000 2.000000 2.000000 2.000000 2.000000 2.000000 2.000000 2.000000 2.000000 2.000000 2.000000 2.001000 2.004000 2.004000 2.011000 2.016000 2.016000 2.032000 0.000000 0.000000 
0.000000 0.000000 0.000000 0.000000 0.000000 0.000000 0.000000 0.000000 0.000000 0.000000 0.000000 2.146000 2.126000 2.106000 2.085000 2.066000 2.064000 2.060000 2.042000 2.023000 2.005000 2.000000 2.000000 2.000000 2.000000 2.000000 2.000000 2.000000 2.000000 2.000000 2.000000 2.000000 2.000000 2.000000 2.010000 2.027000 2.030000 1.620000 0.000000 0.000000 
0.000000 0.000000 0.000000 0.000000 0.000000 0.000000 0.000000 0.000000 0.000000 0.000000 0.000000 2.296000 2.270000 2.175000 2.110000 2.102000 2.083000 2.067000 2.061000 2.050000 2.030000 2.017000 2.002000 2.000000 2.000000 2.000000 2.000000 2.000000 2.000000 1.999000 1.984000 1.987000 2.000000 2.000000 2.009000 2.000000 1.994000 1.577000 0.000000 0.000000 
0.000000 0.000000 0.000000 0.000000 0.000000 0.000000 0.000000 0.000000 0.000000 0.000000 0.000000 0.000000 0.000000 0.000000 2.221000 2.118000 2.103000 2.089000 2.082000 2.071000 2.059000 2.039000 2.021000 2.003000 2.002000 2.000000 2.000000 2.000000 2.000000 1.986000 1.984000 1.986000 1.970000 1.914000 1.915000 1.652000 1.566000 1.577000 0.000000 0.000000 
0.000000 0.000000 0.000000 0.000000 0.000000 0.000000 0.000000 0.000000 0.000000 0.000000 0.000000 0.000000 0.000000 0.000000 0.000000 2.189000 2.124000 2.122000 2.111000 2.101000 2.084000 2.060000 2.044000 2.027000 2.024000 2.009000 2.005000 2.002000 2.000000 1.986000 1.984000 1.984000 1.842000 1.545000 1.551000 1.555000 1.565000 1.573000 0.000000 0.000000 
0.000000 0.000000 0.000000 0.000000 0.000000 0.000000 0.000000 0.000000 0.000000 0.000000 0.000000 0.000000 0.000000 0.000000 0.000000 0.000000 0.000000 2.982000 2.138000 2.127000 2.116000 2.089000 2.075000 2.057000 2.054000 2.035000 2.024000 2.014000 2.002000 1.986000 1.984000 1.946000 1.701000 1.547000 1.556000 1.560000 1.565000 1.566000 0.000000 0.000000 
0.000000 0.000000 0.000000 0.000000 0.000000 0.000000 0.000000 0.000000 0.000000 0.000000 0.000000 0.000000 0.000000 0.000000 0.000000 0.000000 0.000000 0.000000 0.000000 2.857000 2.147000 2.127000 2.106000 2.087000 2.073000 2.054000 2.042000 2.032000 2.006000 1.731000 1.701000 1.671000 1.538000 1.543000 1.559000 1.566000 1.566000 1.573000 0.000000 0.000000 
0.000000 0.000000 0.000000 0.000000 0.000000 0.000000 0.000000 0.000000 0.000000 0.000000 0.000000 0.000000 0.000000 0.000000 0.000000 0.000000 0.000000 0.000000 0.000000 0.000000 2.176000 2.154000 2.133000 2.127000 2.106000 2.087000 2.069000 2.051000 1.738000 1.536000 1.524000 1.526000 1.534000 1.539000 1.804000 1.961000 1.957000 1.960000 0.000000 0.000000 
0.000000 0.000000 0.000000 0.000000 0.000000 0.000000 0.000000 0.000000 0.000000 0.000000 0.000000 0.000000 0.000000 0.000000 0.000000 0.000000 0.000000 0.000000 0.000000 0.000000 2.894000 2.172000 2.154000 2.151000 2.131000 2.105000 1.840000 1.569000 1.528000 1.523000 1.524000 1.535000 1.544000 1.777000 2.079000 2.088000 2.083000 2.083000 0.000000 0.000000 
0.000000 0.000000 0.000000 0.000000 0.000000 0.000000 0.000000 0.000000 0.000000 0.000000 0.000000 0.000000 0.000000 0.000000 0.000000 0.000000 0.000000 0.000000 0.000000 0.000000 0.000000 0.000000 0.000000 0.000000 0.000000 0.000000 0.000000 0.000000 0.000000 0.000000 0.000000 0.000000 0.000000 0.000000 0.000000 0.000000 0.000000 0.000000 0.000000 0.000000 
0.000000 0.000000 0.000000 0.000000 0.000000 0.000000 0.000000 0.000000 0.000000 0.000000 0.000000 0.000000 0.000000 0.000000 0.000000 0.000000 0.000000 0.000000 0.000000 0.000000 0.000000 0.000000 0.000000 0.000000 0.000000 0.000000 0.000000 0.000000 0.000000 0.000000 0.000000 0.000000 0.000000 0.000000 0.000000 0.000000 0.000000 0.000000 0.000000 0.000000 
0.000000 0.000000 0.000000 0.000000 0.000000 0.000000 0.000000 0.000000 0.000000 0.000000 0.000000 0.000000 0.000000 0.000000 0.000000 0.000000 0.000000 0.000000 0.000000 0.000000 0.000000 0.000000 0.000000 0.000000 0.000000 0.000000 0.000000 0.000000 0.000000 0.000000 0.000000 0.000000 0.000000 0.000000 0.000000 0.000000 0.000000 0.000000 0.000000 0.000000 
0.000000 0.000000 0.000000 0.000000 0.000000 0.000000 0.000000 0.000000 0.000000 0.000000 0.000000 0.000000 0.000000 0.000000 0.000000 0.000000 0.000000 0.000000 0.000000 0.000000 0.000000 0.000000 0.000000 0.000000 0.000000 0.000000 0.000000 0.000000 0.000000 0.000000 0.000000 0.000000 0.000000 0.000000 0.000000 0.000000 0.000000 0.000000 0.000000 0.000000 
0.000000 0.000000 0.000000 0.000000 0.000000 0.000000 0.000000 0.000000 0.000000 0.000000 0.000000 0.000000 0.000000 0.000000 0.000000 0.000000 0.000000 0.000000 0.000000 0.000000 0.000000 0.000000 0.000000 0.000000 0.000000 0.000000 0.000000 0.000000 0.000000 0.000000 0.000000 0.000000 0.000000 0.000000 0.000000 0.000000 0.000000 0.000000 0.000000 0.000000 
0.000000 0.000000 0.000000 0.000000 0.000000 0.000000 0.000000 0.000000 0.000000 0.000000 0.000000 0.000000 0.000000 0.000000 0.000000 0.000000 0.000000 0.000000 0.000000 0.000000 0.000000 0.000000 0.000000 0.000000 0.000000 0.000000 0.000000 0.000000 0.000000 0.000000 0.000000 0.000000 0.000000 0.000000 0.000000 0.000000 0.000000 0.000000 0.000000 0.000000 
