40 40
0.000000 0.000000 0.000000 0.000000 0.000000 0.000000 0.000000 0.000000 0.000000 0.000000 0.000000 0.000000 0.000000 0.000000 0.000000 0.000000 0.000000 0.000000 0.000000 0.000000 0.000000 0.000000 0.000000 0.000000 0.000000 0.000000 0.000000 0.000000 0.000000 0.000000 0.000000 0.000000 0.000000 0.000000 0.000000 0.000000 0.000000 0.000000 0.000000 0.000000 
0.000000 0.000000 0.000000 0.000000 0.000000 0.000000 0.000000 0.000000 0.000000 0.000000 0.000000 0.000000 0.000000 0.000000 0.000000 0.000000 0.000000 0.000000 0.000000 0.000000 0.000000 0.000000 0.000000 0.000000 0.000000 0.000000 0.000000 0.000000 0.000000 0.000000 0.000000 0.000000 0.000000 0.000000 0.000000 0.000000 0.000000 0.000000 0.000000 0.000000 
0.000000 0.000000 0.000000 0.000000 0.000000 0.000000 0.000000 0.000000 0.000000 0.000000 0.000000 0.000000 0.000000 0.000000 0.000000 0.000000 0.000000 0.000000 0.000000 0.000000 0.000000 0.000000 0.000000 0.000000 0.000000 0.000000 0.000000 0.000000 0.000000 0.000000 0.000000 0.000000 0.000000 0.000000 0.000000 0.000000 0.000000 0.000000 0.000000 0.000000 
0.000000 0.000000 0.000000 0.000000 0.000000 0.000000 0.000000 0.000000 0.000000 0.000000 0.000000 0.000000 0.000000 0.000000 0.000000 0.000000 0.000000 0.000000 0.000000 0.000000 0.000000 0.000000 0.000000 0.000000 0.000000 0.000000 0.000000 0.000000 0.000000 0.000000 0.000000 0.000000 0.000000 0.000000 0.000000 0.000000 0.000000 0.000000 0.000000 0.000000 
0.000000 0.000000 0.000000 0.000000 0.000000 0.000000 0.000000 0.000000 0.000000 0.000000 0.000000 0.000000 0.000000 0.000000 0.000000 0.000000 0.000000 0.000000 0.000000 0.000000 0.000000 0.000000 2.016000 0.000000 2.770000 1.309000 0.000000 0.000000 0.000000 0.000000 0.000000 0.000000 0.000000 0.000000 0.000000 0.000000 0.000000 0.000000 0.000000 0.000000 
0.000000 0.000000 0.000000 0.000000 0.000000 0.000000 0.000000 0.000000 0.000000 0.000000 0.000000 0.000000 0.000000 1.309000 0.000000 0.000000 1.991000 1.812000 1.995000 1.999000 2.000000 2.002000 2.005000 2.007000 2.009000 1.547000 1.309000 0.000000 0.000000 0.000000 0.000000 0.000000 0.000000 0.000000 0.000000 0.000000 0.000000 0.000000 0.000000 0.000000 
0.000000 0.000000 0.000000 0.000000 0.000000 0.000000 0.000000 0.000000 0.000000 0.000000 2.200000 1.309000 1.309000 1.511000 2.011000 1.993000 1.992000 1.993000 1.996000 1.999000 2.000000 2.003000 2.005000 2.008000 2.012000 2.009000 1.309000 1.309000 0.000000 0.000000 0.000000 0.000000 0.000000 0.000000 0.000000 0.000000 0.000000 0.000000 0.000000 0.000000 
0.000000 0.000000 0.000000 0.000000 0.000000 0.000000 0.000000 0.000000 0.000000 0.000000 2.193000 2.126000 1.377000 2.056000 2.026000 1.994000 1.991000 1.993000 1.996000 1.999000 2.002000 2.005000 2.005000 2.007000 2.012000 1.974000 1.309000 0.000000 0.000000 0.000000 0.000000 0.000000 0.000000 0.000000 0.000000 0.000000 0.000000 0.000000 0.000000 0.000000 
0.000000 0.000000 0.000000 0.000000 0.000000 0.000000 0.000000 0.000000 0.000000 0.000000 2.191000 2.156000 2.103000 2.059000 2.026000 1.993000 1.992000 1.993000 1.996000 1.999000 2.002000 2.005000 2.005000 2.007000 2.012000 2.012000 1.309000 1.399000 0.000000 0.000000 0.000000 0.000000 0.000000 0.000000 0.000000 0.000000 0.000000 0.000000 0.000000 0.000000 
0.000000 0.000000 0.000000 0.000000 0.000000 0.000000 0.000000 0.000000 0.000000 0.000000 2.193000 2.163000 2.114000 2.064000 2.038000 2.010000 1.992000 1.995000 1.996000 1.999000 2.002000 2.003000 2.006000 2.009000 2.010000 2.012000 1.309000 1.309000 0.000000 0.000000 0.000000 0.000000 0.000000 0.000000 0.000000 0.000000 0.000000 0.000000 0.000000 0.000000 
0.000000 0.000000 0.000000 0.000000 0.000000 0.000000 0.000000 0.000000 0.000000 0.000000 2.198000 2.181000 2.110000 2.094000 2.054000 2.011000 1.993000 1.996000 1.996000 1.999000 2.002000 2.005000 2.007000 2.009000 2.010000 2.012000 1.309000 1.309000 0.000000 0.000000 0.000000 0.000000 0.000000 0.000000 0.000000 0.000000 0.000000 0.000000 0.000000 0.000000 
0.000000 0.000000 0.000000 0.000000 0.000000 0.000000 0.000000 0.000000 0.000000 0.000000 2.202000 2.176000 2.114000 2.103000 2.046000 2.017000 1.992000 1.994000 1.996000 1.999000 2.001000 2.005000 2.007000 2.009000 2.010000 2.015000 1.309000 1.309000 0.000000 0.000000 0.000000 0.000000 0.000000 0.000000 0.000000 0.000000 0.000000 0.000000 0.000000 0.000000 
0.000000 0.000000 0.000000 0.000000 0.000000 0.000000 0.000000 0.000000 0.000000 0.000000 2.209000 2.177000 2.115000 2.089000 2.032000 2.018000 1.993000 1.993000 1.996000 2.000000 2.003000 2.005000 2.007000 2.010000 2.010000 2.015000 1.631000 1.309000 0.000000 0.000000 0.000000 0.000000 0.000000 0.000000 0.000000 0.000000 0.000000 0.000000 0.000000 0.000000 
0.000000 0.000000 0.000000 0.000000 0.000000 0.000000 0.000000 0.000000 0.000000 0.000000 1.705000 2.179000 2.148000 2.099000 2.053000 2.012000 1.994000 1.995000 1.996000 1.999000 2.002000 2.005000 2.007000 2.009000 2.010000 2.015000 1.309000 1.309000 0.000000 0.000000 0.000000 0.000000 0.000000 0.000000 0.000000 0.000000 0.000000 0.000000 0.000000 0.000000 
0.000000 0.000000 0.000000 0.000000 0.000000 0.000000 0.000000 0.000000 0.000000 0.000000 1.837000 2.188000 2.150000 2.109000 2.053000 2.020000 1.996000 1.994000 1.997000 1.999000 2.003000 2.005000 2.007000 2.009000 2.010000 2.014000 1.633000 1.309000 1.309000 0.000000 0.000000 0.000000 0.000000 0.000000 0.000000 0.000000 0.000000 0.000000 0.000000 0.000000 
0.000000 0.000000 0.000000 0.000000 0.000000 0.000000 0.000000 0.000000 0.000000 0.000000 1.652000 2.195000 2.150000 2.102000 2.063000 2.023000 1.997000 1.994000 1.997000 1.999000 2.003000 2.005000 2.007000 2.009000 2.010000 2.014000 2.015000 1.309000 1.309000 0.000000 0.000000 0.000000 0.000000 0.000000 0.000000 0.000000 0.000000 0.000000 0.000000 0.000000 
0.000000 0.000000 0.000000 0.000000 0.000000 0.000000 0.000000 0.000000 0.000000 0.000000 1.309000 2.199000 2.156000 2.102000 2.061000 2.028000 1.996000 1.996000 1.997000 2.001000 2.003000 2.005000 2.006000 2.010000 2.010000 2.014000 2.015000 1.309000 1.309000 0.000000 0.000000 0.000000 0.000000 0.000000 0.000000 0.000000 0.000000 0.000000 0.000000 0.000000 
0.000000 0.000000 0.000000 0.000000 0.000000 0.000000 0.000000 0.000000 0.000000 0.000000 1.309000 2.197000 2.154000 2.107000 2.066000 2.031000 1.997000 1.996000 1.997000 2.000000 2.003000 2.005000 2.007000 2.009000 2.010000 2.013000 2.015000 1.715000 1.309000 0.000000 0.000000 0.000000 0.000000 0.000000 0.000000 0.000000 0.000000 0.000000 0.000000 0.000000 
0.000000 0.000000 0.000000 0.000000 0.000000 0.000000 0.000000 0.000000 0.000000 0.000000 1.309000 2.201000 2.158000 2.112000 2.096000 2.040000 2.005000 1.996000 1.997000 1.999000 2.003000 2.005000 2.006000 2.009000 2.010000 2.014000 2.016000 1.309000 1.309000 0.000000 0.000000 0.000000 0.000000 0.000000 0.000000 0.000000 0.000000 0.000000 0.000000 0.000000 
0.000000 0.000000 0.000000 0.000000 0.000000 0.000000 0.000000 0.000000 0.000000 0.000000 1.309000 2.203000 2.162000 2.121000 2.098000 2.046000 2.007000 1.996000 1.998000 2.000000 2.003000 2.005000 2.007000 2.009000 2.010000 2.014000 2.016000 1.309000 1.309000 0.000000 0.000000 0.000000 0.000000 0.000000 0.000000 0.000000 0.000000 0.000000 0.000000 0.000000 
0.000000 0.000000 0.000000 0.000000 0.000000 0.000000 0.000000 0.000000 0.000000 0.000000 1.309000 2.207000 2.166000 2.115000 2.084000 2.050000 2.018000 1.996000 1.996000 2.001000 2.003000 2.005000 2.006000 2.009000 2.011000 2.014000 2.015000 1.309000 1.309000 0.000000 0.000000 0.000000 0.000000 0.000000 0.000000 0.000000 0.000000 0.000000 0.000000 0.000000 
0.000000 0.000000 0.000000 0.000000 0.000000 0.000000 0.000000 0.000000 0.000000 0.000000 1.309000 1.598000 2.183000 2.120000 2.109000 2.049000 2.023000 1.996000 1.997000 2.000000 2.003000 2.005000 2.007000 2.009000 2.010000 2.013000 2.016000 1.482000 1.309000 0.000000 0.000000 0.000000 0.000000 0.000000 0.000000 0.000000 0.000000 0.000000 0.000000 0.000000 
0.000000 0.000000 0.000000 0.000000 0.000000 0.000000 0.000000 0.000000 0.000000 0.000000 1.309000 1.511000 2.188000 2.133000 2.103000 2.052000 2.020000 1.998000 1.997000 2.000000 2.003000 2.003000 2.007000 2.009000 2.010000 2.014000 2.016000 2.016000 1.309000 0.000000 0.000000 0.000000 0.000000 0.000000 0.000000 0.000000 0.000000 0.000000 0.000000 0.000000 
0.000000 0.000000 0.000000 0.000000 0.000000 0.000000 0.000000 0.000000 0.000000 0.000000 1.309000 1.309000 2.190000 2.153000 2.108000 2.059000 2.021000 1.998000 1.996000 2.001000 2.003000 2.005000 2.007000 2.009000 2.010000 2.015000 2.016000 2.015000 1.309000 0.000000 0.000000 0.000000 0.000000 0.000000 0.000000 0.000000 0.000000 0.000000 0.000000 0.000000 
0.000000 0.000000 0.000000 0.000000 0.000000 0.000000 0.000000 0.000000 0.000000 0.000000 1.309000 1.603000 2.193000 2.156000 2.106000 2.070000 2.029000 2.001000 1.997000 2.002000 2.003000 2.005000 2.007000 2.009000 2.012000 2.015000 2.016000 2.017000 1.309000 0.000000 0.000000 0.000000 0.000000 0.000000 0.000000 0.000000 0.000000 0.000000 0.000000 0.000000 
0.000000 0.000000 0.000000 0.000000 0.000000 0.000000 0.000000 0.000000 0.000000 0.000000 1.309000 1.603000 2.197000 2.163000 2.116000 2.067000 2.029000 2.007000 1.997000 2.003000 2.003000 2.005000 2.007000 2.009000 2.012000 2.014000 2.016000 2.016000 1.309000 0.000000 0.000000 0.000000 0.000000 0.000000 0.000000 0.000000 0.000000 0.000000 0.000000 0.000000 
0.000000 0.000000 0.000000 0.000000 0.000000 0.000000 0.000000 0.000000 0.000000 0.000000 1.309000 1.309000 2.204000 2.168000 2.112000 2.066000 2.034000 2.008000 1.998000 2.002000 2.003000 2.005000 2.009000 2.010000 2.012000 2.015000 2.016000 2.017000 1.309000 0.000000 0.000000 0.000000 0.000000 0.000000 0.000000 0.000000 0.000000 0.000000 0.000000 0.000000 
0.000000 0.000000 0.000000 0.000000 0.000000 0.000000 0.000000 0.000000 0.000000 0.000000 1.309000 1.309000 2.198000 2.170000 2.122000 2.073000 2.051000 2.012000 1.997000 2.002000 2.005000 2.005000 2.007000 2.010000 2.013000 2.015000 2.016000 2.019000 1.662000 0.000000 0.000000 0.000000 0.000000 0.000000 0.000000 0.000000 0.000000 0.000000 0.000000 0.000000 
0.000000 0.000000 0.000000 0.000000 0.000000 0.000000 0.000000 0.000000 0.000000 0.000000 1.309000 1.309000 2.207000 2.184000 2.124000 2.075000 2.049000 2.011000 2.000000 2.000000 2.003000 2.006000 2.007000 2.009000 2.012000 2.015000 2.016000 2.019000 1.799000 0.000000 0.000000 0.000000 0.000000 0.000000 0.000000 0.000000 0.000000 0.000000 0.000000 0.000000 
0.000000 0.000000 0.000000 0.000000 0.000000 0.000000 0.000000 0.000000 0.000000 0.000000 1.309000 1.309000 2.205000 2.186000 2.126000 2.081000 2.053000 2.021000 1.999000 2.001000 2.004000 2.006000 2.007000 2.010000 2.012000 2.016000 2.017000 2.019000 2.019000 0.000000 0.000000 0.000000 0.000000 0.000000 0.000000 0.000000 0.000000 0.000000 0.000000 0.000000 
0.000000 0.000000 0.000000 0.000000 0.000000 0.000000 0.000000 0.000000 0.000000 0.000000 1.309000 1.309000 1.309000 2.186000 2.133000 2.105000 2.062000 2.021000 2.000000 2.002000 2.004000 2.006000 2.007000 2.009000 2.014000 2.015000 2.016000 2.020000 1.878000 0.000000 0.000000 0.000000 0.000000 0.000000 0.000000 0.000000 0.000000 0.000000 0.000000 0.000000 
0.000000 0.000000 0.000000 0.000000 0.000000 0.000000 0.000000 0.000000 0.000000 0.000000 1.309000 1.309000 1.493000 2.207000 2.150000 2.111000 2.065000 2.024000 2.000000 2.002000 2.003000 2.006000 2.007000 2.010000 2.013000 2.015000 2.016000 2.020000 1.801000 0.000000 0.000000 0.000000 0.000000 0.000000 0.000000 0.000000 0.000000 0.000000 0.000000 0.000000 
0.000000 0.000000 0.000000 0.000000 0.000000 0.000000 0.000000 0.000000 0.000000 0.000000 1.309000 1.309000 1.472000 2.205000 2.148000 2.108000 2.070000 2.024000 2.003000 2.002000 2.005000 2.006000 2.007000 2.010000 2.012000 2.015000 2.017000 2.019000 2.020000 0.000000 0.000000 0.000000 0.000000 0.000000 0.000000 0.000000 0.000000 0.000000 0.000000 0.000000 
0.000000 0.000000 0.000000 0.000000 0.000000 0.000000 0.000000 0.000000 0.000000 0.000000 1.309000 1.309000 1.309000 1.309000 2.150000 2.099000 2.072000 2.042000 2.001000 2.002000 2.005000 2.005000 2.009000 2.010000 2.013000 2.015000 2.016000 2.019000 2.016000 0.000000 0.000000 0.000000 0.000000 0.000000 0.000000 0.000000 0.000000 0.000000 0.000000 0.000000 
0.000000 0.000000 0.000000 0.000000 0.000000 0.000000 0.000000 0.000000 0.000000 0.000000 1.309000 1.309000 1.309000 1.309000 2.148000 2.121000 2.071000 2.044000 2.002000 2.002000 2.005000 2.005000 2.009000 2.010000 2.013000 2.015000 2.016000 2.019000 1.994000 0.000000 0.000000 0.000000 0.000000 0.000000 0.000000 0.000000 0.000000 0.000000 0.000000 0.000000 
0.000000 0.000000 0.000000 0.000000 0.000000 0.000000 0.000000 0.000000 0.000000 0.000000 1.309000 1.309000 1.309000 1.309000 1.309000 2.114000 2.078000 2.040000 2.011000 2.002000 2.004000 2.006000 2.007000 2.010000 2.012000 2.015000 2.016000 2.020000 2.020000 0.000000 0.000000 0.000000 0.000000 0.000000 0.000000 0.000000 0.000000 0.000000 0.000000 0.000000 
0.000000 0.000000 0.000000 0.000000 0.000000 0.000000 0.000000 0.000000 0.000000 0.000000 0.000000 0.000000 0.000000 0.000000 0.000000 0.000000 0.000000 0.000000 0.000000 0.000000 0.000000 0.000000 0.000000 0.000000 0.000000 0.000000 0.000000 0.000000 0.000000 0.000000 0.000000 0.000000 0.000000 0.000000 0.000000 0.000000 0.000000 0.000000 0.000000 0.000000 
0.000000 0.000000 0.000000 0.000000 0.000000 0.000000 0.000000 0.000000 0.000000 0.000000 0.000000 0.000000 0.000000 0.000000 0.000000 0.000000 0.000000 0.000000 0.000000 0.000000 0.000000 0.000000 0.000000 0.000000 0.000000 0.000000 0.000000 0.000000 0.000000 0.000000 0.000000 0.000000 0.000000 0.000000 0.000000 0.000000 0.000000 0.000000 0.000000 0.000000 
0.000000 0.000000 0.000000 0.000000 0.000000 0.000000 0.000000 0.000000 0.000000 0.000000 0.000000 0.000000 0.000000 0.000000 0.000000 0.000000 0.000000 0.000000 0.000000 0.000000 0.000000 0.000000 0.000000 0.000000 0.000000 0.000000 0.000000 0.000000 0.000000 0.000000 0.000000 0.000000 0.000000 0.000000 0.000000 0.000000 0.000000 0.000000 0.000000 0.000000 
0.000000 0.000000 0.000000 0.000000 0.000000 0.000000 0.000000 0.000000 0.000000 0.000000 0.000000 0.000000 0.000000 0.000000 0.000000 0.000000 0.000000 0.000000 0.000000 0.000000 0.000000 0.000000 0.000000 0.000000 0.000000 0.000000 0.000000 0.000000 0.000000 0.000000 0.000000 0.000000 0.000000 0.000000 0.000000 0.000000 0.000000 0.000000 0.000000 0.000000 
