40 40
0.000000 0.000000 0.000000 0.000000 0.000000 0.000000 0.000000 0.000000 0.000000 0.000000 0.000000 0.000000 0.000000 2.056000 2.067000 2.067000 2.064000 2.061000 2.056000 2.056000 2.057000 2.059000 2.055000 2.051000 2.296000 0.000000 0.000000 0.000000 0.000000 0.000000 0.000000 0.000000 0.000000 0.000000 0.000000 0.000000 0.000000 0.000000 0.000000 0.000000 
0.000000 0.000000 0.000000 0.000000 0.000000 0.000000 0.000000 0.000000 0.000000 0.000000 0.000000 0.000000 2.277000 2.061000 2.062000 2.061000 2.059000 2.056000 2.056000 2.056000 2.056000 2.055000 2.054000 2.056000 2.063000 2.504000 0.000000 0.000000 0.000000 0.000000 0.000000 0.000000 0.000000 0.000000 0.000000 0.000000 0.000000 0.000000 0.000000 0.000000 
0.000000 0.000000 0.000000 0.000000 0.000000 0.000000 0.000000 0.000000 0.000000 0.000000 0.000000 0.000000 1.256000 2.056000 2.060000 2.059000 2.056000 2.056000 2.056000 2.056000 2.053000 2.050000 2.050000 2.057000 2.068000 2.093000 0.000000 0.000000 0.000000 0.000000 0.000000 0.000000 0.000000 0.000000 0.000000 0.000000 0.000000 0.000000 0.000000 0.000000 
0.000000 0.000000 0.000000 0.000000 0.000000 0.000000 0.000000 0.000000 0.000000 0.000000 0.000000 0.000000 1.258000 2.061000 2.059000 2.056000 2.050000 2.050000 2.051000 2.054000 2.050000 2.047000 2.045000 2.058000 2.076000 2.093000 2.136000 2.333000 0.000000 0.000000 0.000000 0.000000 0.000000 0.000000 0.000000 0.000000 0.000000 0.000000 0.000000 0.000000 
0.000000 0.000000 0.000000 0.000000 0.000000 0.000000 0.000000 0.000000 0.000000 0.000000 0.000000 0.000000 2.052000 2.055000 2.059000 2.055000 2.050000 2.050000 2.050000 2.050000 2.044000 2.044000 2.044000 2.058000 2.081000 2.100000 2.130000 2.151000 2.268000 0.000000 0.000000 0.000000 0.000000 0.000000 0.000000 0.000000 0.000000 0.000000 0.000000 0.000000 
0.000000 0.000000 0.000000 0.000000 0.000000 0.000000 0.000000 0.000000 0.000000 0.000000 0.000000 0.000000 2.050000 2.048000 2.050000 2.050000 2.050000 2.048000 2.048000 2.046000 2.042000 2.042000 2.045000 2.051000 2.077000 2.103000 2.130000 2.152000 2.178000 0.000000 0.000000 0.000000 0.000000 0.000000 0.000000 0.000000 0.000000 0.000000 0.000000 0.000000 
0.000000 0.000000 0.000000 0.000000 0.000000 0.000000 0.000000 0.000000 0.000000 0.000000 0.000000 0.000000 2.048000 2.044000 2.043000 2.044000 2.048000 2.044000 2.042000 2.038000 2.033000 2.033000 2.044000 2.056000 2.076000 2.107000 2.136000 2.155000 2.203000 2.210000 0.000000 0.000000 0.000000 0.000000 0.000000 0.000000 0.000000 0.000000 0.000000 0.000000 
0.000000 0.000000 0.000000 0.000000 0.000000 0.000000 0.000000 0.000000 0.000000 0.000000 0.000000 0.000000 2.044000 2.042000 2.040000 2.037000 2.037000 2.036000 2.036000 2.035000 2.033000 2.033000 2.041000 2.058000 2.081000 2.107000 2.143000 2.156000 2.204000 2.218000 0.000000 0.000000 0.000000 0.000000 0.000000 0.000000 0.000000 0.000000 0.000000 0.000000 
0.000000 0.000000 0.000000 0.000000 0.000000 0.000000 0.000000 0.000000 0.000000 0.000000 0.000000 0.000000 2.043000 2.038000 2.040000 2.036000 2.033000 2.033000 2.033000 2.033000 2.033000 2.033000 2.040000 2.058000 2.081000 2.108000 2.142000 2.158000 2.199000 2.223000 2.245000 0.000000 0.000000 0.000000 0.000000 0.000000 0.000000 0.000000 0.000000 0.000000 
0.000000 0.000000 0.000000 0.000000 0.000000 0.000000 0.000000 0.000000 0.000000 0.000000 0.000000 1.275000 2.038000 2.038000 2.037000 2.033000 2.031000 2.033000 2.032000 2.030000 2.029000 2.033000 2.039000 2.058000 2.075000 2.112000 2.137000 2.156000 2.199000 2.227000 2.240000 0.000000 0.000000 0.000000 0.000000 0.000000 0.000000 0.000000 0.000000 0.000000 
0.000000 0.000000 0.000000 0.000000 0.000000 0.000000 0.000000 0.000000 0.000000 0.000000 0.000000 1.507000 2.044000 2.036000 2.033000 2.033000 2.027000 2.027000 2.030000 2.027000 2.027000 2.027000 2.039000 2.057000 2.081000 2.111000 2.131000 2.151000 2.205000 2.231000 2.242000 0.000000 0.000000 0.000000 0.000000 0.000000 0.000000 0.000000 0.000000 0.000000 
0.000000 0.000000 0.000000 0.000000 0.000000 0.000000 0.000000 0.000000 0.000000 0.000000 0.000000 1.495000 2.040000 2.035000 2.033000 2.031000 2.027000 2.027000 2.027000 2.022000 2.022000 2.023000 2.035000 2.052000 2.082000 2.107000 2.132000 2.154000 2.205000 2.228000 2.247000 0.000000 0.000000 0.000000 0.000000 0.000000 0.000000 0.000000 0.000000 0.000000 
0.000000 0.000000 0.000000 0.000000 0.000000 0.000000 0.000000 0.000000 0.000000 0.000000 0.000000 2.036000 2.030000 2.027000 2.027000 2.027000 2.027000 2.027000 2.022000 2.020000 2.019000 2.018000 2.030000 2.054000 2.081000 2.108000 2.142000 2.161000 2.211000 2.233000 2.251000 0.000000 0.000000 0.000000 0.000000 0.000000 0.000000 0.000000 0.000000 0.000000 
0.000000 0.000000 0.000000 0.000000 0.000000 0.000000 0.000000 0.000000 0.000000 0.000000 0.000000 2.033000 2.027000 2.026000 2.026000 2.024000 2.023000 2.026000 2.019000 2.015000 2.016000 2.018000 2.030000 2.054000 2.079000 2.107000 2.142000 2.164000 2.213000 2.232000 2.234000 0.000000 0.000000 0.000000 0.000000 0.000000 0.000000 0.000000 0.000000 0.000000 
0.000000 0.000000 0.000000 0.000000 0.000000 0.000000 0.000000 0.000000 0.000000 0.000000 0.000000 2.031000 2.026000 2.022000 2.021000 2.021000 2.021000 2.022000 2.014000 2.011000 2.015000 2.022000 2.031000 2.054000 2.075000 2.105000 2.136000 2.162000 2.211000 2.232000 2.232000 0.000000 0.000000 0.000000 0.000000 0.000000 0.000000 0.000000 0.000000 0.000000 
0.000000 0.000000 0.000000 0.000000 0.000000 0.000000 0.000000 0.000000 0.000000 0.000000 0.000000 2.020000 2.020000 2.021000 2.018000 2.011000 2.015000 2.019000 2.011000 2.011000 2.011000 2.018000 2.034000 2.057000 2.077000 2.103000 2.132000 2.164000 2.204000 2.224000 0.000000 0.000000 0.000000 0.000000 0.000000 0.000000 0.000000 0.000000 0.000000 0.000000 
0.000000 0.000000 0.000000 0.000000 0.000000 0.000000 0.000000 0.000000 0.000000 0.000000 0.000000 2.011000 2.011000 2.011000 2.011000 2.011000 2.013000 2.014000 2.011000 2.008000 2.005000 2.013000 2.030000 2.054000 2.082000 2.100000 2.133000 2.164000 2.204000 2.217000 0.000000 0.000000 0.000000 0.000000 0.000000 0.000000 0.000000 0.000000 0.000000 0.000000 
0.000000 0.000000 0.000000 0.000000 0.000000 0.000000 0.000000 0.000000 0.000000 0.000000 2.868000 2.011000 2.011000 2.011000 2.011000 2.010000 2.011000 2.010000 2.005000 2.005000 2.004000 2.007000 2.030000 2.052000 2.085000 2.108000 2.143000 2.158000 2.204000 2.211000 0.000000 0.000000 0.000000 0.000000 0.000000 0.000000 0.000000 0.000000 0.000000 0.000000 
0.000000 0.000000 0.000000 0.000000 0.000000 0.000000 0.000000 0.000000 0.000000 0.000000 2.025000 2.016000 2.011000 2.010000 2.008000 2.005000 2.005000 2.005000 2.003000 2.000000 2.000000 2.006000 2.031000 2.052000 2.084000 2.113000 2.143000 2.176000 2.204000 2.225000 0.000000 0.000000 0.000000 0.000000 0.000000 0.000000 0.000000 0.000000 0.000000 0.000000 
0.000000 0.000000 0.000000 0.000000 0.000000 0.000000 0.000000 0.000000 0.000000 2.328000 2.011000 2.011000 2.011000 2.005000 2.005000 2.005000 2.005000 2.005000 2.003000 2.000000 2.000000 2.003000 2.031000 2.054000 2.092000 2.105000 2.144000 2.176000 2.204000 2.218000 0.000000 0.000000 0.000000 0.000000 0.000000 0.000000 0.000000 0.000000 0.000000 0.000000 
0.000000 0.000000 0.000000 0.000000 0.000000 0.000000 0.000000 0.000000 0.000000 0.000000 1.286000 2.005000 2.008000 2.005000 2.004000 2.005000 2.005000 2.003000 2.000000 2.000000 2.000000 2.008000 2.036000 2.055000 2.091000 2.106000 2.140000 2.176000 2.204000 2.218000 0.000000 0.000000 0.000000 0.000000 0.000000 0.000000 0.000000 0.000000 0.000000 0.000000 
0.000000 0.000000 0.000000 0.000000 0.000000 0.000000 0.000000 0.000000 0.000000 0.000000 1.284000 2.002000 2.005000 2.003000 2.000000 2.000000 2.000000 1.998000 1.995000 1.995000 2.000000 2.008000 2.034000 2.058000 2.081000 2.106000 2.145000 2.176000 2.197000 2.228000 0.000000 0.000000 0.000000 0.000000 0.000000 0.000000 0.000000 0.000000 0.000000 0.000000 
0.000000 0.000000 0.000000 0.000000 0.000000 0.000000 0.000000 0.000000 0.000000 0.000000 1.335000 2.005000 2.005000 2.003000 2.000000 2.000000 1.995000 1.995000 1.995000 1.995000 1.996000 2.008000 2.034000 2.052000 2.077000 2.110000 2.146000 2.176000 2.197000 2.332000 0.000000 0.000000 0.000000 0.000000 0.000000 0.000000 0.000000 0.000000 0.000000 0.000000 
0.000000 0.000000 0.000000 0.000000 0.000000 0.000000 0.000000 0.000000 0.000000 0.000000 2.005000 2.005000 2.005000 2.003000 1.995000 1.995000 1.995000 1.993000 1.989000 1.989000 1.991000 2.009000 2.030000 2.051000 2.094000 2.112000 2.150000 2.177000 2.198000 2.338000 0.000000 0.000000 0.000000 0.000000 0.000000 0.000000 0.000000 0.000000 0.000000 0.000000 
0.000000 0.000000 0.000000 0.000000 0.000000 0.000000 0.000000 0.000000 0.000000 1.328000 2.005000 2.005000 2.000000 2.000000 1.993000 1.989000 1.989000 1.993000 1.989000 1.989000 1.991000 2.009000 2.030000 2.051000 2.094000 2.114000 2.151000 2.172000 2.203000 2.207000 0.000000 0.000000 0.000000 0.000000 0.000000 0.000000 0.000000 0.000000 0.000000 0.000000 
0.000000 0.000000 0.000000 0.000000 0.000000 0.000000 0.000000 0.000000 0.000000 2.000000 1.995000 1.989000 1.998000 1.995000 1.989000 1.989000 1.989000 1.989000 1.989000 1.989000 1.992000 2.009000 2.029000 2.051000 2.084000 2.117000 2.152000 2.175000 2.196000 2.327000 0.000000 0.000000 0.000000 0.000000 0.000000 0.000000 0.000000 0.000000 0.000000 0.000000 
0.000000 0.000000 0.000000 0.000000 0.000000 0.000000 0.000000 0.000000 0.000000 1.989000 1.994000 1.989000 1.989000 1.987000 1.984000 1.989000 1.984000 1.989000 1.987000 1.984000 1.992000 2.014000 2.036000 2.052000 2.088000 2.111000 2.141000 2.176000 2.189000 0.000000 0.000000 0.000000 0.000000 0.000000 0.000000 0.000000 0.000000 0.000000 0.000000 0.000000 
0.000000 0.000000 0.000000 0.000000 0.000000 0.000000 0.000000 0.000000 0.000000 2.000000 1.998000 1.989000 1.989000 1.984000 1.984000 1.984000 1.984000 1.984000 1.979000 1.980000 1.989000 2.010000 2.034000 2.054000 2.099000 2.111000 2.145000 2.176000 2.182000 0.000000 0.000000 0.000000 0.000000 0.000000 0.000000 0.000000 0.000000 0.000000 0.000000 0.000000 
0.000000 0.000000 0.000000 0.000000 0.000000 0.000000 0.000000 0.000000 0.000000 1.337000 1.989000 1.989000 1.987000 1.984000 1.984000 1.984000 1.982000 1.981000 1.984000 1.984000 1.991000 2.003000 2.034000 2.059000 2.098000 2.112000 2.145000 2.176000 2.182000 0.000000 0.000000 0.000000 0.000000 0.000000 0.000000 0.000000 0.000000 0.000000 0.000000 0.000000 
0.000000 0.000000 0.000000 0.000000 0.000000 0.000000 0.000000 0.000000 0.000000 1.944000 1.987000 1.984000 1.984000 1.984000 1.979000 1.984000 1.984000 1.984000 1.984000 1.984000 1.987000 2.007000 2.036000 2.061000 2.098000 2.112000 2.144000 2.176000 2.189000 0.000000 0.000000 0.000000 0.000000 0.000000 0.000000 0.000000 0.000000 0.000000 0.000000 0.000000 
0.000000 0.000000 0.000000 0.000000 0.000000 0.000000 0.000000 0.000000 0.000000 1.984000 1.984000 1.984000 1.982000 1.979000 1.979000 1.984000 1.984000 1.979000 1.979000 1.979000 1.986000 2.008000 2.032000 2.061000 2.093000 2.107000 2.151000 2.177000 2.197000 2.422000 0.000000 0.000000 0.000000 0.000000 0.000000 0.000000 0.000000 0.000000 0.000000 0.000000 
0.000000 0.000000 0.000000 0.000000 0.000000 0.000000 0.000000 0.000000 0.000000 1.975000 1.977000 1.980000 1.977000 1.975000 1.983000 1.978000 1.971000 1.974000 1.974000 1.975000 1.982000 2.003000 2.030000 2.063000 2.088000 2.114000 2.150000 2.175000 2.175000 0.000000 0.000000 0.000000 0.000000 0.000000 0.000000 0.000000 0.000000 0.000000 0.000000 0.000000 
0.000000 0.000000 0.000000 0.000000 0.000000 0.000000 0.000000 0.000000 0.000000 1.987000 1.983000 1.983000 1.979000 1.974000 1.972000 1.968000 1.968000 1.974000 1.968000 1.971000 1.987000 2.006000 2.035000 2.059000 2.083000 2.118000 2.151000 2.176000 2.326000 0.000000 0.000000 0.000000 0.000000 0.000000 0.000000 0.000000 0.000000 0.000000 0.000000 0.000000 
0.000000 0.000000 0.000000 0.000000 0.000000 0.000000 0.000000 0.000000 0.000000 0.000000 1.988000 1.984000 1.989000 1.974000 0.000000 0.000000 0.000000 0.000000 1.199000 1.980000 1.992000 2.008000 2.045000 2.058000 2.084000 2.114000 2.151000 2.178000 2.335000 0.000000 0.000000 0.000000 0.000000 0.000000 0.000000 0.000000 0.000000 0.000000 0.000000 0.000000 
0.000000 0.000000 0.000000 0.000000 0.000000 0.000000 0.000000 0.000000 0.000000 0.000000 0.000000 2.896000 2.012000 1.541000 0.000000 0.000000 0.000000 0.000000 0.000000 2.070000 2.046000 2.045000 2.056000 2.062000 2.084000 2.125000 2.153000 2.171000 2.480000 0.000000 0.000000 0.000000 0.000000 0.000000 0.000000 0.000000 0.000000 0.000000 0.000000 0.000000 
0.000000 0.000000 0.000000 0.000000 0.000000 0.000000 0.000000 0.000000 0.000000 0.000000 0.000000 0.000000 0.000000 0.000000 2.298000 0.000000 0.000000 0.000000 1.109000 2.087000 2.056000 2.057000 2.070000 2.111000 2.140000 2.150000 2.166000 2.174000 0.000000 0.000000 0.000000 0.000000 0.000000 0.000000 0.000000 0.000000 0.000000 0.000000 0.000000 0.000000 
0.000000 0.000000 0.000000 0.000000 0.000000 0.000000 0.000000 0.000000 0.000000 0.000000 0.000000 0.000000 0.000000 0.000000 0.000000 0.000000 0.000000 0.000000 0.000000 2.756000 2.050000 2.059000 0.000000 0.000000 0.000000 0.000000 0.000000 0.000000 0.000000 0.000000 0.000000 0.000000 0.000000 0.000000 0.000000 0.000000 0.000000 0.000000 0.000000 0.000000 
0.000000 0.000000 0.000000 0.000000 0.000000 0.000000 0.000000 0.000000 0.000000 0.000000 0.000000 0.000000 0.000000 0.000000 0.000000 2.835000 0.000000 0.000000 0.000000 2.920000 2.053000 2.309000 0.000000 0.000000 0.000000 0.000000 0.000000 0.000000 0.000000 0.000000 0.000000 0.000000 0.000000 0.000000 0.000000 0.000000 0.000000 0.000000 0.000000 0.000000 
0.000000 0.000000 0.000000 0.000000 0.000000 0.000000 0.000000 0.000000 0.000000 0.000000 0.000000 0.000000 0.000000 0.000000 0.000000 2.835000 0.000000 0.000000 0.000000 2.908000 2.062000 2.378000 0.000000 0.000000 0.000000 0.000000 0.000000 0.000000 0.000000 0.000000 0.000000 0.000000 0.000000 0.000000 0.000000 0.000000 0.000000 0.000000 0.000000 0.000000 
0.000000 0.000000 0.000000 0.000000 0.000000 0.000000 0.000000 0.000000 0.000000 0.000000 0.000000 0.000000 0.000000 0.000000 0.000000 0.000000 0.000000 0.000000 0.000000 0.000000 0.000000 0.000000 0.000000 0.000000 0.000000 0.000000 0.000000 0.000000 0.000000 0.000000 0.000000 0.000000 0.000000 0.000000 0.000000 0.000000 0.000000 0.000000 0.000000 0.000000 
