40 40
0.000000 0.000000 0.000000 0.000000 0.000000 0.000000 0.000000 0.000000 0.000000 0.000000 0.000000 0.000000 0.000000 0.000000 0.000000 0.000000 0.000000 0.000000 0.000000 0.000000 0.000000 0.000000 0.000000 0.000000 0.000000 0.000000 0.000000 0.000000 0.000000 0.000000 0.000000 0.000000 0.000000 0.000000 0.000000 0.000000 0.000000 0.000000 0.000000 0.000000 
0.000000 0.000000 0.000000 0.000000 0.000000 0.000000 0.000000 0.000000 0.000000 0.000000 0.000000 0.000000 0.000000 0.000000 0.000000 0.000000 0.000000 0.000000 0.000000 0.000000 0.000000 0.000000 0.000000 0.000000 0.000000 0.000000 0.000000 0.000000 0.000000 0.000000 0.000000 0.000000 0.000000 0.000000 0.000000 0.000000 0.000000 0.000000 0.000000 0.000000 
0.000000 0.000000 0.000000 0.000000 0.000000 0.000000 0.000000 0.000000 0.000000 0.000000 1.998000 2.001000 2.001000 1.348000 2.706000 0.000000 1.348000 2.731000 0.000000 2.194000 2.654000 0.000000 0.000000 0.000000 0.000000 0.000000 0.000000 0.000000 0.000000 0.000000 0.000000 0.000000 0.000000 0.000000 0.000000 0.000000 0.000000 0.000000 0.000000 0.000000 
0.000000 0.000000 0.000000 0.000000 0.000000 0.000000 0.000000 0.000000 1.992000 1.990000 1.986000 1.987000 1.985000 1.982000 1.929000 1.903000 1.976000 1.348000 1.846000 1.982000 1.348000 1.348000 1.348000 1.348000 1.348000 1.348000 1.348000 1.348000 1.348000 1.348000 1.348000 0.000000 0.000000 0.000000 0.000000 0.000000 0.000000 0.000000 0.000000 0.000000 
0.000000 0.000000 0.000000 0.000000 0.000000 0.000000 0.000000 0.000000 1.996000 1.994000 1.989000 1.988000 1.984000 1.980000 1.977000 1.973000 1.971000 1.969000 1.966000 1.963000 1.961000 1.958000 1.956000 1.955000 1.951000 1.948000 1.946000 1.944000 1.917000 1.939000 1.810000 0.000000 0.000000 0.000000 0.000000 0.000000 0.000000 0.000000 0.000000 0.000000 
0.000000 0.000000 0.000000 0.000000 0.000000 0.000000 0.000000 0.000000 1.996000 1.996000 1.990000 1.988000 1.986000 1.983000 1.979000 1.977000 1.974000 1.970000 1.969000 1.966000 1.963000 1.960000 1.958000 1.957000 1.952000 1.950000 1.947000 1.945000 1.943000 1.940000 1.939000 0.000000 0.000000 0.000000 0.000000 0.000000 0.000000 0.000000 0.000000 0.000000 
0.000000 0.000000 0.000000 0.000000 0.000000 0.000000 0.000000 0.000000 1.998000 1.998000 1.992000 1.991000 1.988000 1.984000 1.982000 1.978000 1.976000 1.972000 1.970000 1.969000 1.967000 1.962000 1.960000 1.959000 1.955000 1.952000 1.950000 1.947000 1.944000 1.942000 1.941000 0.000000 0.000000 0.000000 0.000000 0.000000 0.000000 0.000000 0.000000 0.000000 
0.000000 0.000000 0.000000 0.000000 0.000000 0.000000 0.000000 0.000000 2.000000 1.998000 1.995000 1.992000 1.990000 1.986000 1.983000 1.980000 1.978000 1.975000 1.973000 1.971000 1.969000 1.964000 1.962000 1.961000 1.957000 1.955000 1.951000 1.950000 1.946000 1.945000 1.942000 0.000000 0.000000 0.000000 0.000000 0.000000 0.000000 0.000000 0.000000 0.000000 
0.000000 0.000000 0.000000 0.000000 0.000000 0.000000 0.000000 0.000000 1.712000 2.003000 1.998000 1.996000 1.991000 1.989000 1.986000 1.983000 1.981000 1.977000 1.976000 1.973000 1.970000 1.968000 1.964000 1.962000 1.960000 1.957000 1.955000 1.951000 1.948000 1.946000 1.944000 0.000000 0.000000 0.000000 0.000000 0.000000 0.000000 0.000000 0.000000 0.000000 
0.000000 0.000000 0.000000 0.000000 0.000000 0.000000 0.000000 0.000000 1.903000 2.006000 2.001000 1.997000 1.995000 1.991000 1.988000 1.985000 1.983000 1.980000 1.978000 1.976000 1.973000 1.970000 1.969000 1.965000 1.961000 1.958000 1.956000 1.953000 1.951000 1.948000 1.948000 0.000000 0.000000 0.000000 0.000000 0.000000 0.000000 0.000000 0.000000 0.000000 
0.000000 0.000000 0.000000 0.000000 0.000000 0.000000 0.000000 0.000000 1.713000 2.006000 2.002000 2.000000 1.996000 1.994000 1.991000 1.988000 1.986000 1.983000 1.980000 1.978000 1.976000 1.972000 1.970000 1.967000 1.963000 1.960000 1.958000 1.956000 1.954000 1.949000 1.947000 0.000000 0.000000 0.000000 0.000000 0.000000 0.000000 0.000000 0.000000 0.000000 
0.000000 0.000000 0.000000 0.000000 0.000000 0.000000 0.000000 0.000000 1.839000 2.008000 2.004000 2.001000 1.998000 1.996000 1.992000 1.990000 1.988000 1.984000 1.983000 1.979000 1.978000 1.974000 1.972000 1.969000 1.967000 1.963000 1.961000 1.958000 1.956000 1.953000 1.950000 0.000000 0.000000 0.000000 0.000000 0.000000 0.000000 0.000000 0.000000 0.000000 
0.000000 0.000000 0.000000 0.000000 0.000000 0.000000 0.000000 0.000000 1.718000 2.011000 2.007000 2.003000 2.001000 1.999000 1.994000 1.992000 1.990000 1.986000 1.985000 1.983000 1.979000 1.977000 1.974000 1.972000 1.969000 1.966000 1.962000 1.960000 1.957000 1.956000 1.952000 0.000000 0.000000 0.000000 0.000000 0.000000 0.000000 0.000000 0.000000 0.000000 
0.000000 0.000000 0.000000 0.000000 0.000000 0.000000 0.000000 0.000000 1.776000 2.014000 2.007000 2.006000 2.002000 2.002000 1.997000 1.996000 1.993000 1.990000 1.988000 1.983000 1.983000 1.979000 1.977000 1.974000 1.970000 1.968000 1.965000 1.963000 1.959000 1.957000 1.955000 0.000000 0.000000 0.000000 0.000000 0.000000 0.000000 0.000000 0.000000 0.000000 
0.000000 0.000000 0.000000 0.000000 0.000000 0.000000 0.000000 0.000000 1.348000 2.016000 2.011000 2.009000 2.006000 2.005000 2.001000 1.997000 1.996000 1.992000 1.991000 1.988000 1.984000 1.982000 1.978000 1.976000 1.973000 1.970000 1.968000 1.966000 1.961000 1.959000 1.958000 0.000000 0.000000 0.000000 0.000000 0.000000 0.000000 0.000000 0.000000 0.000000 
0.000000 0.000000 0.000000 0.000000 0.000000 0.000000 0.000000 0.000000 1.348000 2.018000 2.013000 2.011000 2.009000 2.006000 2.002000 1.999000 1.997000 1.994000 1.992000 1.990000 1.986000 1.983000 1.982000 1.978000 1.976000 1.973000 1.969000 1.967000 1.963000 1.961000 1.959000 0.000000 0.000000 0.000000 0.000000 0.000000 0.000000 0.000000 0.000000 0.000000 
0.000000 0.000000 0.000000 0.000000 0.000000 0.000000 0.000000 0.000000 1.348000 2.022000 2.018000 2.014000 2.011000 2.009000 2.005000 2.002000 2.001000 1.997000 1.994000 1.992000 1.989000 1.986000 1.983000 1.980000 1.978000 1.975000 1.972000 1.969000 1.966000 1.964000 1.961000 0.000000 0.000000 0.000000 0.000000 0.000000 0.000000 0.000000 0.000000 0.000000 
0.000000 0.000000 0.000000 0.000000 0.000000 0.000000 0.000000 0.000000 1.348000 2.023000 2.019000 2.018000 2.014000 2.012000 2.008000 2.005000 2.003000 1.999000 1.997000 1.994000 1.991000 1.988000 1.985000 1.984000 1.980000 1.978000 1.975000 1.971000 1.968000 1.967000 1.963000 0.000000 0.000000 0.000000 0.000000 0.000000 0.000000 0.000000 0.000000 0.000000 
0.000000 0.000000 0.000000 0.000000 0.000000 0.000000 0.000000 0.000000 1.348000 2.026000 2.023000 2.021000 2.017000 2.014000 2.011000 2.007000 2.005000 2.001000 2.000000 1.997000 1.995000 1.990000 1.988000 1.984000 1.983000 1.980000 1.976000 1.975000 1.971000 1.969000 1.946000 0.000000 0.000000 0.000000 0.000000 0.000000 0.000000 0.000000 0.000000 0.000000 
0.000000 0.000000 0.000000 0.000000 0.000000 0.000000 0.000000 0.000000 1.348000 2.027000 2.024000 2.022000 2.019000 2.016000 2.012000 2.010000 2.007000 2.004000 2.002000 1.998000 1.996000 1.992000 1.991000 1.988000 1.985000 1.983000 1.979000 1.978000 1.973000 1.971000 1.953000 0.000000 0.000000 0.000000 0.000000 0.000000 0.000000 0.000000 0.000000 0.000000 
0.000000 0.000000 0.000000 0.000000 0.000000 0.000000 0.000000 0.000000 1.348000 2.030000 2.027000 2.024000 2.022000 2.019000 2.014000 2.012000 2.010000 2.007000 2.003000 2.002000 1.999000 1.996000 1.993000 1.990000 1.988000 1.984000 1.983000 1.979000 1.976000 1.973000 1.938000 0.000000 0.000000 0.000000 0.000000 0.000000 0.000000 0.000000 0.000000 0.000000 
0.000000 0.000000 0.000000 0.000000 0.000000 0.000000 0.000000 0.000000 1.348000 2.032000 2.031000 2.027000 2.024000 2.023000 2.018000 2.015000 2.012000 2.009000 2.007000 2.003000 2.002000 1.997000 1.996000 1.992000 1.990000 1.987000 1.984000 1.982000 1.978000 1.976000 1.972000 0.000000 0.000000 0.000000 0.000000 0.000000 0.000000 0.000000 0.000000 0.000000 
0.000000 0.000000 0.000000 0.000000 0.000000 0.000000 0.000000 0.000000 1.348000 2.034000 2.032000 2.030000 2.026000 2.023000 2.021000 2.017000 2.015000 2.012000 2.010000 2.006000 2.003000 2.000000 1.997000 1.996000 1.991000 1.989000 1.985000 1.984000 1.980000 1.978000 1.975000 0.000000 0.000000 0.000000 0.000000 0.000000 0.000000 0.000000 0.000000 0.000000 
0.000000 0.000000 0.000000 0.000000 0.000000 0.000000 0.000000 0.000000 1.348000 2.036000 2.034000 2.032000 2.028000 2.027000 2.023000 2.021000 2.016000 2.012000 2.011000 2.009000 2.006000 2.002000 2.001000 1.997000 1.994000 1.991000 1.989000 1.986000 1.983000 1.980000 1.978000 0.000000 0.000000 0.000000 0.000000 0.000000 0.000000 0.000000 0.000000 0.000000 
0.000000 0.000000 0.000000 0.000000 0.000000 0.000000 0.000000 0.000000 1.348000 2.039000 2.037000 2.034000 2.032000 2.028000 2.025000 2.023000 2.019000 2.015000 2.014000 2.012000 2.007000 2.003000 2.002000 2.000000 1.996000 1.993000 1.990000 1.989000 1.986000 1.983000 1.948000 0.000000 0.000000 0.000000 0.000000 0.000000 0.000000 0.000000 0.000000 0.000000 
0.000000 0.000000 0.000000 0.000000 0.000000 0.000000 0.000000 0.000000 1.348000 2.041000 2.042000 2.038000 2.035000 2.032000 2.027000 2.024000 2.022000 2.018000 2.016000 2.014000 2.010000 2.007000 2.003000 2.002000 1.997000 1.996000 1.994000 1.991000 1.988000 1.986000 1.984000 0.000000 0.000000 0.000000 0.000000 0.000000 0.000000 0.000000 0.000000 0.000000 
0.000000 0.000000 0.000000 0.000000 0.000000 0.000000 0.000000 0.000000 1.348000 2.045000 2.042000 2.040000 2.038000 2.034000 2.030000 2.027000 2.026000 2.022000 2.019000 2.017000 2.013000 2.009000 2.009000 2.003000 2.001000 1.998000 1.995000 1.994000 1.990000 1.988000 1.954000 0.000000 0.000000 0.000000 0.000000 0.000000 0.000000 0.000000 0.000000 0.000000 
0.000000 0.000000 0.000000 0.000000 0.000000 0.000000 0.000000 0.000000 1.348000 2.047000 2.046000 2.044000 2.039000 2.038000 2.033000 2.031000 2.027000 2.023000 2.022000 2.019000 2.017000 2.012000 2.010000 2.007000 2.003000 2.000000 1.998000 1.995000 1.993000 1.989000 1.587000 0.000000 0.000000 0.000000 0.000000 0.000000 0.000000 0.000000 0.000000 0.000000 
0.000000 0.000000 0.000000 0.000000 0.000000 0.000000 0.000000 0.000000 1.348000 2.050000 2.049000 2.045000 2.043000 2.038000 2.035000 2.033000 2.030000 2.027000 2.024000 2.023000 2.019000 2.017000 2.012000 2.009000 2.006000 2.003000 2.001000 1.998000 1.995000 1.993000 1.958000 0.000000 0.000000 0.000000 0.000000 0.000000 0.000000 0.000000 0.000000 0.000000 
0.000000 0.000000 0.000000 0.000000 0.000000 0.000000 0.000000 0.000000 1.348000 1.821000 2.053000 2.047000 2.046000 2.042000 2.038000 2.035000 2.033000 2.030000 2.028000 2.024000 2.022000 2.018000 2.015000 2.012000 2.009000 2.006000 2.003000 2.001000 1.997000 1.995000 1.580000 0.000000 0.000000 0.000000 0.000000 0.000000 0.000000 0.000000 0.000000 0.000000 
0.000000 0.000000 0.000000 0.000000 0.000000 0.000000 0.000000 0.000000 1.348000 1.822000 2.055000 2.051000 2.049000 2.045000 2.042000 2.038000 2.036000 2.032000 2.030000 2.027000 2.024000 2.020000 2.018000 2.015000 2.010000 2.008000 2.006000 2.003000 2.000000 1.997000 1.348000 0.000000 0.000000 0.000000 0.000000 0.000000 0.000000 0.000000 0.000000 0.000000 
0.000000 0.000000 0.000000 0.000000 0.000000 0.000000 0.000000 0.000000 1.348000 1.823000 2.057000 2.055000 2.052000 2.049000 2.045000 2.042000 2.039000 2.034000 2.034000 2.030000 2.027000 2.023000 2.020000 2.018000 2.015000 2.010000 2.009000 2.006000 2.002000 2.000000 1.441000 0.000000 0.000000 0.000000 0.000000 0.000000 0.000000 0.000000 0.000000 0.000000 
0.000000 0.000000 0.000000 0.000000 0.000000 0.000000 0.000000 0.000000 1.348000 1.348000 2.061000 2.056000 2.055000 2.051000 2.048000 2.044000 2.041000 2.037000 2.035000 2.034000 2.030000 2.026000 2.023000 2.020000 2.017000 2.014000 2.011000 2.009000 2.005000 2.002000 1.944000 0.000000 0.000000 0.000000 0.000000 0.000000 0.000000 0.000000 0.000000 0.000000 
0.000000 0.000000 0.000000 0.000000 0.000000 0.000000 0.000000 0.000000 1.348000 1.827000 2.062000 2.061000 2.059000 2.055000 2.051000 2.046000 2.044000 2.041000 2.038000 2.035000 2.032000 2.030000 2.026000 2.023000 2.019000 2.016000 2.014000 2.011000 2.007000 2.006000 1.967000 0.000000 0.000000 0.000000 0.000000 0.000000 0.000000 0.000000 0.000000 0.000000 
0.000000 0.000000 0.000000 0.000000 0.000000 0.000000 0.000000 0.000000 0.000000 2.583000 2.243000 2.062000 2.061000 2.056000 2.055000 2.050000 2.047000 2.044000 2.041000 2.038000 2.034000 2.031000 2.028000 2.024000 2.023000 2.019000 2.016000 2.013000 2.010000 2.007000 1.348000 0.000000 0.000000 0.000000 0.000000 0.000000 0.000000 0.000000 0.000000 0.000000 
0.000000 0.000000 0.000000 0.000000 0.000000 0.000000 0.000000 0.000000 2.983000 2.996000 0.000000 2.995000 0.000000 0.000000 2.339000 1.839000 2.049000 2.045000 2.044000 2.041000 2.038000 2.034000 2.030000 2.028000 2.024000 2.021000 2.019000 2.018000 2.012000 2.010000 2.010000 0.000000 0.000000 0.000000 0.000000 0.000000 0.000000 0.000000 0.000000 0.000000 
0.000000 0.000000 0.000000 0.000000 0.000000 0.000000 0.000000 0.000000 2.955000 2.946000 2.954000 2.972000 2.961000 2.976000 2.964000 1.348000 1.348000 2.070000 2.075000 2.142000 2.143000 2.035000 2.033000 2.027000 2.027000 2.024000 2.021000 2.019000 2.015000 2.012000 2.035000 0.000000 0.000000 0.000000 0.000000 0.000000 0.000000 0.000000 0.000000 0.000000 
0.000000 0.000000 0.000000 0.000000 0.000000 0.000000 0.000000 0.000000 2.915000 2.923000 2.926000 2.912000 2.938000 2.928000 2.934000 1.348000 1.348000 2.074000 2.076000 2.125000 2.125000 2.126000 2.058000 2.059000 2.024000 2.102000 2.023000 2.021000 2.019000 2.015000 1.996000 0.000000 0.000000 0.000000 0.000000 0.000000 0.000000 0.000000 0.000000 0.000000 
0.000000 0.000000 0.000000 0.000000 0.000000 0.000000 0.000000 0.000000 0.000000 0.000000 0.000000 0.000000 0.000000 0.000000 0.000000 0.000000 0.000000 0.000000 0.000000 0.000000 0.000000 0.000000 0.000000 0.000000 0.000000 0.000000 0.000000 0.000000 0.000000 0.000000 0.000000 0.000000 0.000000 0.000000 0.000000 0.000000 0.000000 0.000000 0.000000 0.000000 
0.000000 0.000000 0.000000 0.000000 0.000000 0.000000 0.000000 0.000000 0.000000 0.000000 0.000000 0.000000 0.000000 0.000000 0.000000 0.000000 0.000000 0.000000 0.000000 0.000000 0.000000 0.000000 0.000000 0.000000 0.000000 0.000000 0.000000 0.000000 0.000000 0.000000 0.000000 0.000000 0.000000 0.000000 0.000000 0.000000 0.000000 0.000000 0.000000 0.000000 
