0.000000,0.000000,0.000000,0.000000,0.000000,0.000000,0.000000,0.000000,0.000000,0.000000,0.000000,0.000000,0.000000,0.000000,0.000000,0.000000,0.000000,0.000000,0.000000,0.000000,0.000000,0.000000,0.000000,0.000000,0.000000,0.000000,0.000000,0.000000,0.000000,0.000000,0.000000,0.000000,0.000000,0.000000,0.000000,0.000000,0.000000,0.000000,0.000000,0.000000,
0.000000,0.000000,0.000000,0.000000,0.000000,0.000000,0.000000,0.000000,0.000000,0.000000,0.000000,0.000000,0.000000,0.000000,0.000000,0.000000,0.000000,0.000000,0.000000,0.000000,0.000000,0.000000,0.000000,0.000000,0.000000,0.000000,0.000000,0.000000,0.000000,0.000000,0.000000,0.000000,0.000000,0.000000,0.000000,0.000000,0.000000,0.000000,0.000000,0.000000,
0.000000,0.000000,0.000000,0.000000,0.000000,0.000000,0.000000,0.000000,0.000000,0.000000,0.000000,0.000000,0.000000,0.000000,0.000000,0.000000,0.000000,0.000000,0.000000,0.000000,0.000000,0.000000,0.000000,0.000000,0.000000,0.000000,0.000000,0.000000,0.000000,0.000000,0.000000,0.000000,0.000000,0.000000,0.000000,0.000000,0.000000,0.000000,0.000000,0.000000,
0.000000,0.000000,0.000000,0.000000,0.000000,0.000000,0.000000,0.000000,0.000000,0.000000,0.000000,0.000000,0.000000,0.000000,0.000000,0.000000,0.000000,0.000000,0.000000,0.000000,0.000000,0.000000,0.000000,0.000000,0.000000,0.000000,0.000000,0.000000,0.000000,0.000000,0.000000,0.000000,0.000000,0.000000,0.000000,0.000000,0.000000,0.000000,0.000000,0.000000,
0.000000,0.000000,0.000000,0.000000,0.000000,0.000000,0.000000,0.000000,0.000000,0.000000,0.000000,0.000000,0.000000,0.000000,0.000000,0.000000,0.000000,0.000000,0.000000,0.000000,0.000000,0.000000,0.000000,0.000000,0.000000,0.000000,0.000000,0.000000,0.000000,0.000000,0.000000,0.000000,0.000000,0.000000,0.000000,0.000000,0.000000,0.000000,0.000000,0.000000,
0.000000,0.000000,0.000000,0.000000,0.000000,0.000000,0.000000,0.000000,0.000000,0.000000,0.000000,0.000000,0.000000,0.000000,0.000000,0.000000,0.000000,0.000000,0.000000,0.000000,0.000000,0.000000,0.000000,0.000000,0.000000,0.000000,0.000000,0.000000,0.000000,0.000000,0.000000,0.000000,0.000000,0.000000,0.000000,0.000000,0.000000,0.000000,0.000000,0.000000,
0.000000,0.000000,0.000000,0.000000,0.000000,0.000000,0.000000,0.000000,0.000000,0.000000,0.000000,2.883000,2.369000,1.855000,1.807000,1.807000,1.807000,1.807000,1.807000,1.807000,1.807000,1.807000,1.807000,1.807000,1.807000,1.807000,1.807000,1.807000,1.807000,1.807000,0.000000,0.000000,0.000000,0.000000,0.000000,0.000000,0.000000,0.000000,0.000000,0.000000,
0.000000,0.000000,0.000000,0.000000,0.000000,0.000000,0.000000,0.000000,0.000000,0.000000,0.000000,2.883000,2.369000,1.855000,1.807000,1.807000,1.807000,1.807000,1.807000,1.807000,1.807000,1.807000,1.807000,1.807000,1.807000,1.807000,1.807000,1.807000,1.807000,1.807000,0.000000,0.000000,0.000000,0.000000,0.000000,0.000000,0.000000,0.000000,0.000000,0.000000,
0.000000,0.000000,0.000000,0.000000,0.000000,0.000000,0.000000,0.000000,0.000000,0.000000,0.000000,2.647000,2.275000,1.903000,1.850000,1.830000,1.810000,1.807000,1.807000,1.807000,1.807000,1.807000,1.807000,1.807000,1.807000,1.807000,1.807000,1.807000,1.807000,1.807000,0.000000,0.000000,0.000000,0.000000,0.000000,0.000000,0.000000,0.000000,0.000000,0.000000,
0.000000,0.000000,0.000000,0.000000,0.000000,0.000000,0.000000,0.000000,0.000000,2.622000,2.622000,2.403000,2.178000,1.952000,1.894000,1.854000,1.813000,1.807000,1.807000,1.807000,1.807000,1.807000,1.807000,1.807000,1.807000,1.807000,1.807000,1.807000,1.807000,1.807000,0.000000,0.000000,0.000000,0.000000,0.000000,0.000000,0.000000,0.000000,0.000000,0.000000,
0.000000,0.000000,0.000000,0.000000,0.000000,0.000000,0.000000,0.000000,0.000000,2.237000,2.237000,2.160000,2.081000,2.002000,1.939000,1.878000,1.816000,1.807000,1.807000,1.807000,1.807000,1.807000,1.807000,1.807000,1.807000,1.807000,1.807000,1.807000,1.807000,1.807000,0.000000,0.000000,0.000000,0.000000,0.000000,0.000000,0.000000,0.000000,0.000000,0.000000,
0.000000,0.000000,0.000000,0.000000,0.000000,0.000000,0.000000,0.000000,0.000000,2.201000,2.201000,2.137000,2.072000,2.006000,1.943000,1.880000,1.817000,1.807000,1.807000,1.807000,1.807000,1.807000,1.807000,1.807000,1.807000,1.807000,1.819000,1.838000,1.857000,1.864000,0.000000,0.000000,0.000000,0.000000,0.000000,0.000000,0.000000,0.000000,0.000000,0.000000,
0.000000,0.000000,0.000000,0.000000,0.000000,0.000000,0.000000,0.000000,0.000000,2.201000,2.201000,2.137000,2.072000,2.006000,1.943000,1.880000,1.817000,1.807000,1.807000,1.807000,1.807000,1.807000,1.807000,1.807000,1.807000,1.807000,1.833000,1.872000,1.911000,1.927000,0.000000,0.000000,0.000000,0.000000,0.000000,0.000000,0.000000,0.000000,0.000000,0.000000,
0.000000,0.000000,0.000000,0.000000,0.000000,0.000000,0.000000,0.000000,0.000000,2.201000,2.201000,2.137000,2.072000,2.006000,1.943000,1.880000,1.817000,1.807000,1.807000,1.807000,1.807000,1.807000,1.807000,1.807000,1.807000,1.807000,1.846000,1.906000,1.966000,1.990000,0.000000,0.000000,0.000000,0.000000,0.000000,0.000000,0.000000,0.000000,0.000000,0.000000,
0.000000,0.000000,0.000000,0.000000,0.000000,0.000000,0.000000,0.000000,0.000000,2.201000,2.201000,2.137000,2.072000,2.006000,1.959000,1.913000,1.867000,1.860000,1.860000,1.860000,1.847000,1.829000,1.812000,1.807000,1.807000,1.807000,1.837000,1.883000,1.928000,1.947000,0.000000,0.000000,0.000000,0.000000,0.000000,0.000000,0.000000,0.000000,0.000000,0.000000,
0.000000,0.000000,0.000000,0.000000,0.000000,0.000000,0.000000,0.000000,0.000000,2.201000,2.201000,2.137000,2.072000,2.006000,1.977000,1.952000,1.927000,1.923000,1.923000,1.923000,1.894000,1.856000,1.818000,1.807000,1.807000,1.807000,1.824000,1.849000,1.874000,1.884000,0.000000,0.000000,0.000000,0.000000,0.000000,0.000000,0.000000,0.000000,0.000000,0.000000,
0.000000,0.000000,0.000000,0.000000,0.000000,0.000000,0.000000,0.000000,0.000000,2.201000,2.201000,2.137000,2.072000,2.006000,1.996000,1.991000,1.987000,1.986000,1.986000,1.986000,1.940000,1.882000,1.823000,1.807000,1.807000,1.807000,1.810000,1.814000,1.819000,1.821000,0.000000,0.000000,0.000000,0.000000,0.000000,0.000000,0.000000,0.000000,0.000000,0.000000,
0.000000,0.000000,0.000000,0.000000,0.000000,0.000000,0.000000,0.000000,0.000000,2.150000,2.150000,2.102000,2.053000,2.005000,2.000000,2.000000,2.000000,2.000000,2.000000,2.000000,1.951000,1.888000,1.825000,1.807000,1.807000,1.807000,1.787000,1.757000,1.727000,1.715000,0.000000,0.000000,0.000000,0.000000,0.000000,0.000000,0.000000,0.000000,0.000000,0.000000,
0.000000,0.000000,0.000000,0.000000,0.000000,0.000000,0.000000,0.000000,0.000000,2.084000,2.084000,2.057000,2.030000,2.003000,2.000000,2.000000,2.000000,2.000000,2.000000,2.000000,1.951000,1.888000,1.825000,1.807000,1.807000,1.807000,1.762000,1.694000,1.625000,1.598000,0.000000,0.000000,0.000000,0.000000,0.000000,0.000000,0.000000,0.000000,0.000000,0.000000,
0.000000,0.000000,0.000000,0.000000,0.000000,0.000000,0.000000,0.000000,0.000000,2.018000,2.018000,2.012000,2.007000,2.001000,2.000000,2.000000,2.000000,2.000000,2.000000,2.000000,1.951000,1.888000,1.825000,1.807000,1.807000,1.807000,1.737000,1.630000,1.524000,1.481000,0.000000,0.000000,0.000000,0.000000,0.000000,0.000000,0.000000,0.000000,0.000000,0.000000,
0.000000,0.000000,0.000000,0.000000,0.000000,0.000000,0.000000,0.000000,0.000000,1.955000,1.955000,1.955000,1.955000,1.955000,1.955000,1.955000,1.955000,1.955000,1.955000,1.955000,1.895000,1.819000,1.744000,1.722000,1.722000,1.722000,1.663000,1.574000,1.484000,1.448000,0.000000,0.000000,0.000000,0.000000,0.000000,0.000000,0.000000,0.000000,0.000000,0.000000,
0.000000,0.000000,0.000000,0.000000,0.000000,0.000000,0.000000,0.000000,0.000000,1.891000,1.891000,1.891000,1.891000,1.891000,1.891000,1.891000,1.891000,1.891000,1.891000,1.891000,1.818000,1.725000,1.631000,1.605000,1.605000,1.605000,1.571000,1.520000,1.469000,1.448000,0.000000,0.000000,0.000000,0.000000,0.000000,0.000000,0.000000,0.000000,0.000000,0.000000,
0.000000,0.000000,0.000000,0.000000,0.000000,0.000000,0.000000,0.000000,0.000000,1.828000,1.828000,1.828000,1.828000,1.828000,1.828000,1.828000,1.828000,1.828000,1.828000,1.828000,1.741000,1.630000,1.519000,1.488000,1.488000,1.488000,1.479000,1.466000,1.453000,1.448000,0.000000,0.000000,0.000000,0.000000,0.000000,0.000000,0.000000,0.000000,0.000000,0.000000,
0.000000,0.000000,0.000000,0.000000,0.000000,0.000000,0.000000,0.000000,0.000000,1.807000,1.807000,1.807000,1.807000,1.807000,1.807000,1.807000,1.807000,1.807000,1.807000,1.807000,1.715000,1.598000,1.481000,1.448000,1.448000,1.448000,1.448000,1.448000,1.448000,1.448000,0.000000,0.000000,0.000000,0.000000,0.000000,0.000000,0.000000,0.000000,0.000000,0.000000,
0.000000,0.000000,0.000000,0.000000,0.000000,0.000000,0.000000,0.000000,0.000000,1.807000,1.807000,1.807000,1.807000,1.807000,1.807000,1.807000,1.807000,1.807000,1.807000,1.807000,1.715000,1.598000,1.481000,1.448000,1.448000,1.448000,1.448000,1.448000,1.448000,1.448000,0.000000,0.000000,0.000000,0.000000,0.000000,0.000000,0.000000,0.000000,0.000000,0.000000,
0.000000,0.000000,0.000000,0.000000,0.000000,0.000000,0.000000,0.000000,0.000000,1.807000,1.807000,1.807000,1.807000,1.807000,1.807000,1.807000,1.807000,1.807000,1.807000,1.807000,1.715000,1.598000,1.481000,1.448000,1.448000,1.448000,1.448000,1.448000,1.448000,1.448000,0.000000,0.000000,0.000000,0.000000,0.000000,0.000000,0.000000,0.000000,0.000000,0.000000,
0.000000,0.000000,0.000000,0.000000,0.000000,0.000000,0.000000,0.000000,0.000000,1.807000,1.807000,1.807000,1.807000,1.807000,1.807000,1.807000,1.807000,1.807000,1.807000,1.807000,1.724000,1.618000,1.512000,1.482000,1.482000,1.482000,1.475000,1.464000,1.452000,1.448000,0.000000,0.000000,0.000000,0.000000,0.000000,0.000000,0.000000,0.000000,0.000000,0.000000,
0.000000,0.000000,0.000000,0.000000,0.000000,0.000000,0.000000,0.000000,0.000000,1.807000,1.807000,1.807000,1.807000,1.807000,1.807000,1.807000,1.807000,1.807000,1.807000,1.807000,1.739000,1.651000,1.564000,1.539000,1.539000,1.539000,1.520000,1.490000,1.460000,1.448000,0.000000,0.000000,0.000000,0.000000,0.000000,0.000000,0.000000,0.000000,0.000000,0.000000,
0.000000,0.000000,0.000000,0.000000,0.000000,0.000000,0.000000,0.000000,0.000000,1.807000,1.807000,1.807000,1.807000,1.807000,1.807000,1.807000,1.807000,1.807000,1.807000,1.807000,1.753000,1.684000,1.616000,1.596000,1.596000,1.596000,1.564000,1.516000,1.468000,1.448000,0.000000,0.000000,0.000000,0.000000,0.000000,0.000000,0.000000,0.000000,0.000000,0.000000,
0.000000,0.000000,0.000000,0.000000,0.000000,0.000000,0.000000,0.000000,0.000000,1.807000,1.807000,1.797000,1.786000,1.776000,1.775000,1.775000,1.775000,1.775000,1.775000,1.775000,1.744000,1.705000,1.666000,1.655000,1.655000,1.655000,1.611000,1.543000,1.475000,1.448000,0.000000,0.000000,0.000000,0.000000,0.000000,0.000000,0.000000,0.000000,0.000000,0.000000,
0.000000,0.000000,0.000000,0.000000,0.000000,0.000000,0.000000,0.000000,0.000000,1.807000,1.807000,1.778000,1.748000,1.718000,1.715000,1.715000,1.715000,1.715000,1.715000,1.715000,1.715000,1.715000,1.715000,1.715000,1.715000,1.715000,1.658000,1.570000,1.483000,1.448000,0.000000,0.000000,0.000000,0.000000,0.000000,0.000000,0.000000,0.000000,0.000000,0.000000,
0.000000,0.000000,0.000000,0.000000,0.000000,0.000000,0.000000,0.000000,0.000000,1.807000,1.807000,1.759000,1.709000,1.659000,1.655000,1.655000,1.655000,1.655000,1.655000,1.655000,1.686000,1.725000,1.764000,1.775000,1.775000,1.775000,1.705000,1.598000,1.491000,1.448000,0.000000,0.000000,0.000000,0.000000,0.000000,0.000000,0.000000,0.000000,0.000000,0.000000,
0.000000,0.000000,0.000000,0.000000,0.000000,0.000000,0.000000,0.000000,0.000000,1.807000,1.807000,1.749000,1.689000,1.629000,1.623000,1.623000,1.623000,1.623000,1.623000,1.623000,1.670000,1.730000,1.790000,1.807000,1.807000,1.807000,1.730000,1.612000,1.495000,1.448000,0.000000,0.000000,0.000000,0.000000,0.000000,0.000000,0.000000,0.000000,0.000000,0.000000,
0.000000,0.000000,0.000000,0.000000,0.000000,0.000000,0.000000,0.000000,0.000000,1.807000,1.807000,1.749000,1.689000,1.629000,1.623000,1.623000,1.623000,1.623000,1.623000,1.623000,1.670000,1.730000,1.790000,1.807000,1.807000,1.807000,1.730000,1.612000,1.495000,1.448000,0.000000,0.000000,0.000000,0.000000,0.000000,0.000000,0.000000,0.000000,0.000000,0.000000,
0.000000,0.000000,0.000000,0.000000,0.000000,0.000000,0.000000,0.000000,0.000000,0.000000,0.000000,0.000000,0.000000,0.000000,0.000000,0.000000,0.000000,0.000000,0.000000,0.000000,0.000000,0.000000,0.000000,0.000000,0.000000,0.000000,0.000000,0.000000,0.000000,0.000000,0.000000,0.000000,0.000000,0.000000,0.000000,0.000000,0.000000,0.000000,0.000000,0.000000,
0.000000,0.000000,0.000000,0.000000,0.000000,0.000000,0.000000,0.000000,0.000000,0.000000,0.000000,0.000000,0.000000,0.000000,0.000000,0.000000,0.000000,0.000000,0.000000,0.000000,0.000000,0.000000,0.000000,0.000000,0.000000,0.000000,0.000000,0.000000,0.000000,0.000000,0.000000,0.000000,0.000000,0.000000,0.000000,0.000000,0.000000,0.000000,0.000000,0.000000,
0.000000,0.000000,0.000000,0.000000,0.000000,0.000000,0.000000,0.000000,0.000000,0.000000,0.000000,0.000000,0.000000,0.000000,0.000000,0.000000,0.000000,0.000000,0.000000,0.000000,0.000000,0.000000,0.000000,0.000000,0.000000,0.000000,0.000000,0.000000,0.000000,0.000000,0.000000,0.000000,0.000000,0.000000,0.000000,0.000000,0.000000,0.000000,0.000000,0.000000,
0.000000,0.000000,0.000000,0.000000,0.000000,0.000000,0.000000,0.000000,0.000000,0.000000,0.000000,0.000000,0.000000,0.000000,0.000000,0.000000,0.000000,0.000000,0.000000,0.000000,0.000000,0.000000,0.000000,0.000000,0.000000,0.000000,0.000000,0.000000,0.000000,0.000000,0.000000,0.000000,0.000000,0.000000,0.000000,0.000000,0.000000,0.000000,0.000000,0.000000,
0.000000,0.000000,0.000000,0.000000,0.000000,0.000000,0.000000,0.000000,0.000000,0.000000,0.000000,0.000000,0.000000,0.000000,0.000000,0.000000,0.000000,0.000000,0.000000,0.000000,0.000000,0.000000,0.000000,0.000000,0.000000,0.000000,0.000000,0.000000,0.000000,0.000000,0.000000,0.000000,0.000000,0.000000,0.000000,0.000000,0.000000,0.000000,0.000000,0.000000,
0.000000,0.000000,0.000000,0.000000,0.000000,0.000000,0.000000,0.000000,0.000000,0.000000,0.000000,0.000000,0.000000,0.000000,0.000000,0.000000,0.000000,0.000000,0.000000,0.000000,0.000000,0.000000,0.000000,0.000000,0.000000,0.000000,0.000000,0.000000,0.000000,0.000000,0.000000,0.000000,0.000000,0.000000,0.000000,0.000000,0.000000,0.000000,0.000000,0.000000,
