40 40
0.000000 0.000000 0.000000 0.000000 0.000000 0.000000 2.178000 2.159000 2.153000 2.149000 2.141000 2.121000 2.092000 2.074000 2.038000 2.008000 2.004000 2.003000 2.008000 2.520000 0.000000 0.000000 0.000000 0.000000 0.000000 0.000000 0.000000 0.000000 0.000000 0.000000 0.000000 0.000000 0.000000 0.000000 0.000000 0.000000 0.000000 0.000000 0.000000 0.000000 
0.000000 0.000000 0.000000 0.000000 0.000000 0.000000 2.154000 2.121000 2.107000 2.102000 2.101000 2.071000 2.064000 2.046000 2.022000 2.008000 2.001000 2.000000 2.008000 2.008000 0.000000 0.000000 0.000000 0.000000 0.000000 2.843000 0.000000 0.000000 0.000000 0.000000 0.000000 0.000000 0.000000 0.000000 0.000000 0.000000 0.000000 0.000000 0.000000 0.000000 
0.000000 0.000000 0.000000 0.000000 0.000000 0.000000 2.096000 2.066000 2.038000 2.025000 2.019000 2.011000 2.003000 2.003000 2.008000 2.008000 2.001000 2.000000 2.008000 2.008000 2.061000 0.000000 0.000000 0.000000 2.844000 2.843000 2.883000 2.856000 0.000000 0.000000 0.000000 0.000000 0.000000 0.000000 0.000000 0.000000 0.000000 0.000000 0.000000 0.000000 
0.000000 0.000000 0.000000 0.000000 0.000000 0.000000 2.089000 2.050000 2.012000 2.000000 2.003000 2.000000 2.000000 2.000000 2.000000 2.000000 2.000000 2.004000 2.008000 2.004000 2.000000 2.828000 0.000000 0.000000 0.000000 2.816000 2.808000 2.791000 2.791000 0.000000 0.000000 0.000000 0.000000 0.000000 0.000000 0.000000 0.000000 0.000000 0.000000 0.000000 
0.000000 0.000000 0.000000 0.000000 0.000000 0.000000 1.772000 2.026000 1.980000 1.979000 1.985000 1.991000 1.999000 2.000000 2.000000 2.000000 2.000000 2.004000 2.006000 2.003000 2.002000 2.008000 0.000000 0.000000 0.000000 2.868000 2.805000 2.791000 2.791000 0.000000 0.000000 0.000000 0.000000 0.000000 0.000000 0.000000 0.000000 0.000000 0.000000 0.000000 
0.000000 0.000000 0.000000 0.000000 0.000000 0.000000 0.000000 1.953000 1.980000 1.979000 1.985000 1.989000 1.994000 1.994000 1.997000 2.000000 2.000000 2.004000 2.000000 2.006000 2.008000 2.161000 0.000000 0.000000 0.000000 0.000000 2.797000 2.791000 2.791000 0.000000 0.000000 0.000000 0.000000 0.000000 0.000000 0.000000 0.000000 0.000000 0.000000 0.000000 
0.000000 0.000000 0.000000 0.000000 0.000000 0.000000 1.844000 1.103000 1.984000 1.982000 1.989000 1.991000 1.992000 1.992000 1.996000 2.000000 2.000000 2.000000 2.001000 2.007000 2.008000 2.183000 0.000000 0.000000 0.000000 0.000000 0.000000 0.000000 0.000000 0.000000 0.000000 0.000000 0.000000 0.000000 0.000000 0.000000 0.000000 0.000000 0.000000 0.000000 
0.000000 0.000000 0.000000 0.000000 0.000000 0.000000 0.000000 0.000000 1.687000 1.992000 1.991000 1.991000 1.985000 1.991000 1.996000 2.000000 2.000000 2.000000 2.000000 2.006000 2.008000 2.008000 0.000000 0.000000 0.000000 0.000000 0.000000 0.000000 0.000000 0.000000 0.000000 0.000000 0.000000 0.000000 0.000000 0.000000 0.000000 0.000000 0.000000 0.000000 
0.000000 0.000000 0.000000 0.000000 0.000000 0.000000 0.000000 0.000000 0.000000 2.002000 1.985000 1.985000 1.991000 1.992000 1.996000 2.000000 2.000000 2.000000 2.000000 2.006000 2.008000 2.008000 2.008000 0.000000 0.000000 0.000000 0.000000 0.000000 0.000000 0.000000 0.000000 0.000000 0.000000 0.000000 0.000000 0.000000 0.000000 0.000000 0.000000 0.000000 
0.000000 0.000000 0.000000 0.000000 0.000000 0.000000 0.000000 0.000000 0.000000 1.998000 1.982000 1.981000 1.989000 1.999000 2.000000 2.000000 2.000000 2.000000 2.000000 2.003000 2.006000 2.000000 2.000000 2.712000 0.000000 0.000000 0.000000 0.000000 0.000000 0.000000 0.000000 0.000000 0.000000 0.000000 0.000000 0.000000 0.000000 0.000000 0.000000 0.000000 
0.000000 0.000000 0.000000 0.000000 0.000000 0.000000 0.000000 1.123000 2.077000 0.000000 1.884000 1.978000 1.987000 1.999000 2.000000 2.000000 2.000000 2.000000 2.000000 2.000000 2.004000 2.007000 2.000000 2.008000 0.000000 0.000000 0.000000 0.000000 0.000000 0.000000 0.000000 0.000000 1.016000 0.000000 0.000000 0.000000 0.000000 0.000000 0.000000 0.000000 
0.000000 0.000000 0.000000 0.000000 0.000000 0.000000 0.000000 0.000000 0.000000 0.000000 1.985000 1.985000 1.987000 1.999000 2.000000 2.000000 2.000000 2.000000 2.000000 2.000000 2.004000 2.008000 2.006000 2.008000 0.000000 0.000000 0.000000 0.000000 0.000000 0.000000 0.000000 0.000000 0.000000 0.000000 0.000000 0.000000 0.000000 0.000000 0.000000 0.000000 
0.000000 0.000000 0.000000 0.000000 0.000000 0.000000 0.000000 0.000000 0.000000 0.000000 1.992000 1.992000 1.992000 1.996000 1.996000 1.997000 2.000000 2.000000 2.000000 2.000000 2.004000 2.008000 2.005000 2.004000 0.000000 0.000000 0.000000 0.000000 0.000000 0.000000 0.000000 0.000000 0.000000 0.000000 0.000000 0.000000 0.000000 0.000000 0.000000 0.000000 
0.000000 0.000000 0.000000 0.000000 0.000000 0.000000 0.000000 0.000000 0.000000 0.000000 1.985000 1.989000 1.985000 1.985000 1.988000 1.993000 2.000000 2.000000 2.000000 2.000000 2.007000 2.008000 2.002000 2.000000 2.097000 0.000000 0.000000 0.000000 0.000000 0.000000 0.000000 0.000000 0.000000 0.000000 0.000000 0.000000 0.000000 0.000000 0.000000 0.000000 
0.000000 0.000000 0.000000 0.000000 0.000000 0.000000 0.000000 0.000000 0.000000 0.000000 1.991000 1.987000 1.985000 1.985000 1.985000 1.992000 1.999000 2.000000 2.000000 2.000000 2.000000 2.008000 2.006000 2.000000 2.097000 0.000000 0.000000 0.000000 0.000000 0.000000 0.000000 0.000000 0.000000 0.000000 0.000000 0.000000 0.000000 0.000000 0.000000 0.000000 
0.000000 0.000000 0.000000 0.000000 0.000000 0.000000 0.000000 0.000000 0.000000 2.187000 1.992000 1.990000 1.985000 1.985000 1.989000 1.992000 1.999000 2.000000 2.000000 2.000000 2.000000 2.000000 2.000000 2.003000 2.008000 0.000000 0.000000 0.000000 0.000000 0.000000 0.000000 0.000000 0.000000 0.000000 0.000000 0.000000 0.000000 0.000000 0.000000 0.000000 
0.000000 0.000000 0.000000 0.000000 0.000000 0.000000 0.000000 0.000000 0.000000 0.000000 1.889000 2.000000 1.992000 1.992000 1.992000 2.000000 2.000000 2.000000 2.000000 2.000000 2.000000 2.000000 2.000000 2.008000 2.015000 2.023000 0.000000 0.000000 0.000000 0.000000 0.000000 0.000000 0.000000 0.000000 0.000000 0.000000 0.000000 0.000000 0.000000 0.000000 
0.000000 0.000000 0.000000 0.000000 0.000000 0.000000 0.000000 0.000000 0.000000 0.000000 0.000000 1.333000 1.999000 1.998000 1.998000 2.000000 2.000000 2.000000 2.000000 2.000000 2.000000 2.001000 2.006000 2.008000 2.008000 2.015000 0.000000 0.000000 0.000000 0.000000 0.000000 0.000000 0.000000 0.000000 0.000000 0.000000 0.000000 0.000000 0.000000 0.000000 
0.000000 0.000000 0.000000 0.000000 0.000000 0.000000 0.000000 0.000000 0.000000 0.000000 0.000000 1.073000 1.558000 2.000000 2.000000 1.999000 1.997000 1.997000 2.000000 2.000000 2.000000 2.008000 2.008000 2.008000 2.011000 2.015000 2.656000 0.000000 0.000000 0.000000 0.000000 0.000000 0.000000 0.000000 0.000000 0.000000 0.000000 0.000000 0.000000 0.000000 
0.000000 0.000000 0.000000 0.000000 0.000000 0.000000 0.000000 0.000000 0.000000 0.000000 0.000000 2.338000 0.000000 2.007000 1.996000 1.992000 1.992000 1.992000 1.993000 2.000000 2.004000 2.008000 2.008000 2.008000 2.008000 2.013000 2.008000 0.000000 0.000000 0.000000 0.000000 0.000000 0.000000 0.000000 0.000000 0.000000 0.000000 0.000000 0.000000 0.000000 
0.000000 0.000000 0.000000 0.000000 0.000000 0.000000 0.000000 0.000000 0.000000 0.000000 0.000000 0.000000 0.000000 1.944000 1.996000 1.992000 1.992000 1.992000 1.993000 2.000000 2.001000 2.008000 2.008000 2.008000 2.008000 2.010000 2.008000 2.020000 0.000000 0.000000 0.000000 0.000000 0.000000 0.000000 0.000000 0.000000 0.000000 0.000000 0.000000 0.000000 
0.000000 0.000000 0.000000 0.000000 0.000000 0.000000 0.000000 0.000000 0.000000 0.000000 0.000000 0.000000 0.000000 1.497000 1.998000 1.994000 1.992000 1.992000 1.993000 2.000000 2.002000 2.008000 2.008000 2.008000 2.008000 2.010000 2.008000 2.017000 0.000000 0.000000 0.000000 0.000000 0.000000 0.000000 0.000000 0.000000 0.000000 0.000000 0.000000 0.000000 
0.000000 0.000000 0.000000 0.000000 0.000000 0.000000 0.000000 0.000000 0.000000 0.000000 0.000000 0.000000 0.000000 2.281000 2.011000 2.000000 2.000000 1.992000 2.000000 2.000000 2.008000 2.008000 2.008000 2.008000 2.008000 2.013000 2.008000 2.008000 0.000000 0.000000 0.000000 0.000000 0.000000 0.000000 0.000000 0.000000 0.000000 0.000000 0.000000 0.000000 
0.000000 0.000000 0.000000 0.000000 0.000000 0.000000 0.000000 0.000000 0.000000 0.000000 0.000000 0.000000 0.000000 0.000000 2.012000 2.004000 2.000000 2.000000 2.000000 2.000000 2.001000 2.008000 2.008000 2.008000 2.008000 2.013000 2.014000 2.012000 2.472000 0.000000 0.000000 0.000000 0.000000 0.000000 0.000000 0.000000 0.000000 0.000000 0.000000 0.000000 
0.000000 0.000000 0.000000 0.000000 0.000000 0.000000 0.000000 0.000000 0.000000 0.000000 0.000000 0.000000 0.000000 0.000000 2.833000 2.005000 2.000000 2.000000 2.000000 2.000000 2.000000 2.008000 2.008000 2.008000 2.008000 2.013000 2.017000 2.017000 2.021000 0.000000 0.000000 0.000000 0.000000 0.000000 0.000000 0.000000 0.000000 0.000000 0.000000 0.000000 
0.000000 0.000000 0.000000 0.000000 0.000000 0.000000 0.000000 0.000000 0.000000 0.000000 0.000000 0.000000 0.000000 0.000000 1.957000 1.999000 1.993000 2.000000 2.000000 2.000000 2.000000 2.008000 2.008000 2.008000 2.008000 2.015000 2.023000 2.023000 2.015000 2.660000 0.000000 0.000000 0.000000 0.000000 0.000000 0.000000 0.000000 0.000000 0.000000 0.000000 
0.000000 0.000000 0.000000 0.000000 0.000000 0.000000 0.000000 0.000000 0.000000 0.000000 0.000000 0.000000 0.000000 0.000000 2.509000 2.014000 2.001000 2.000000 2.000000 2.000000 2.000000 2.000000 2.006000 2.008000 2.008000 2.015000 2.015000 2.018000 2.023000 2.569000 0.000000 0.000000 0.000000 0.000000 0.000000 0.000000 0.000000 0.000000 0.000000 0.000000 
0.000000 0.000000 0.000000 0.000000 0.000000 0.000000 0.000000 0.000000 0.000000 0.000000 0.000000 0.000000 0.000000 0.000000 0.000000 2.357000 2.010000 2.001000 2.000000 2.000000 2.000000 2.000000 2.006000 2.008000 2.008000 2.015000 2.015000 2.015000 2.020000 2.026000 0.000000 0.000000 0.000000 0.000000 0.000000 0.000000 0.000000 0.000000 0.000000 0.000000 
0.000000 0.000000 0.000000 0.000000 0.000000 0.000000 0.000000 0.000000 0.000000 0.000000 0.000000 0.000000 0.000000 0.000000 0.000000 0.000000 2.022000 2.004000 2.000000 2.000000 2.000000 2.007000 2.003000 2.004000 2.008000 2.015000 2.015000 2.015000 2.010000 2.008000 0.000000 0.000000 0.000000 0.000000 0.000000 0.000000 0.000000 0.000000 0.000000 0.000000 
0.000000 0.000000 0.000000 0.000000 0.000000 0.000000 0.000000 0.000000 0.000000 0.000000 0.000000 0.000000 0.000000 0.000000 0.000000 0.000000 0.000000 2.006000 2.000000 2.000000 2.004000 2.008000 2.005000 2.006000 2.020000 2.030000 2.023000 2.023000 2.023000 2.023000 2.023000 1.017000 0.000000 0.000000 0.000000 0.000000 0.000000 0.000000 0.000000 0.000000 
0.000000 0.000000 0.000000 0.000000 0.000000 0.000000 0.000000 0.000000 0.000000 0.000000 0.000000 0.000000 0.000000 0.000000 0.000000 0.000000 1.968000 2.008000 2.007000 2.000000 2.004000 2.008000 2.008000 2.008000 2.015000 2.028000 2.027000 2.023000 2.028000 2.024000 2.031000 1.017000 0.000000 0.000000 0.000000 0.000000 0.000000 0.000000 0.000000 0.000000 
0.000000 0.000000 0.000000 0.000000 0.000000 0.000000 0.000000 0.000000 0.000000 0.000000 0.000000 0.000000 0.000000 0.000000 0.000000 0.000000 0.000000 2.008000 2.008000 2.007000 2.007000 2.008000 2.008000 2.010000 2.015000 2.023000 2.023000 2.030000 2.026000 2.024000 2.031000 1.017000 0.000000 0.000000 0.000000 0.000000 0.000000 0.000000 0.000000 0.000000 
0.000000 0.000000 0.000000 0.000000 0.000000 0.000000 0.000000 0.000000 0.000000 0.000000 0.000000 0.000000 0.000000 0.000000 1.996000 0.000000 0.000000 1.181000 2.008000 2.002000 2.000000 2.008000 2.008000 2.009000 2.012000 2.015000 2.023000 2.027000 2.013000 2.010000 2.090000 0.000000 0.000000 0.000000 0.000000 0.000000 0.000000 0.000000 0.000000 0.000000 
0.000000 0.000000 0.000000 0.000000 0.000000 0.000000 0.000000 0.000000 0.000000 0.000000 0.000000 0.000000 1.100000 0.000000 0.000000 0.000000 0.000000 1.080000 2.008000 2.002000 2.000000 2.000000 2.000000 2.008000 2.007000 2.006000 2.008000 2.038000 2.112000 2.151000 2.151000 1.203000 0.000000 0.000000 0.000000 0.000000 0.000000 0.000000 0.000000 0.000000 
0.000000 0.000000 0.000000 0.000000 0.000000 0.000000 0.000000 0.000000 0.000000 0.000000 0.000000 0.000000 0.000000 0.000000 0.000000 0.000000 0.000000 0.000000 2.008000 2.007000 2.000000 2.000000 2.000000 1.999000 1.994000 1.992000 2.117000 2.135000 2.135000 2.135000 2.135000 2.144000 0.000000 0.000000 0.000000 0.000000 0.000000 0.000000 0.000000 0.000000 
0.000000 0.000000 0.000000 0.000000 0.000000 0.000000 0.000000 0.000000 0.000000 0.000000 0.000000 0.000000 0.000000 0.000000 0.000000 0.000000 0.000000 0.000000 2.014000 2.009000 2.000000 2.000000 1.995000 1.994000 2.057000 2.114000 2.134000 2.117000 2.111000 2.109000 2.112000 2.101000 1.113000 0.000000 0.000000 0.000000 0.000000 0.000000 0.000000 0.000000 
0.000000 0.000000 0.000000 0.000000 0.000000 0.000000 0.000000 0.000000 0.000000 0.000000 0.000000 0.000000 0.000000 0.000000 0.000000 0.000000 0.000000 0.000000 1.909000 2.024000 2.000000 1.999000 1.987000 2.054000 2.132000 2.125000 2.117000 2.105000 2.097000 2.094000 2.089000 2.093000 2.088000 0.000000 0.000000 0.000000 0.000000 0.000000 0.000000 0.000000 
0.000000 0.000000 0.000000 0.000000 0.000000 0.000000 0.000000 0.000000 0.000000 0.000000 0.000000 0.000000 0.000000 0.000000 0.000000 0.000000 0.000000 0.000000 1.752000 2.148000 2.101000 2.090000 2.078000 2.110000 2.111000 2.103000 2.094000 2.083000 2.082000 2.081000 2.083000 2.098000 2.081000 0.000000 0.000000 0.000000 0.000000 0.000000 0.000000 0.000000 
0.000000 0.000000 0.000000 0.000000 0.000000 0.000000 0.000000 0.000000 0.000000 0.000000 0.000000 0.000000 0.000000 0.000000 0.000000 0.000000 0.000000 0.000000 2.144000 2.122000 2.117000 2.103000 2.094000 2.091000 2.088000 2.079000 2.078000 2.077000 2.072000 2.072000 2.081000 2.098000 2.088000 0.000000 0.000000 0.000000 0.000000 0.000000 0.000000 0.000000 
0.000000 0.000000 0.000000 0.000000 0.000000 0.000000 0.000000 0.000000 0.000000 0.000000 0.000000 0.000000 0.000000 0.000000 0.000000 0.000000 0.000000 0.000000 2.107000 2.107000 2.098000 2.088000 2.074000 2.072000 2.072000 2.072000 2.072000 2.072000 2.072000 2.072000 2.088000 2.092000 2.089000 0.000000 0.000000 0.000000 0.000000 0.000000 0.000000 0.000000 
