40 40
0.000000 0.000000 0.000000 0.000000 0.000000 0.000000 0.000000 0.000000 0.000000 0.000000 0.000000 0.000000 0.000000 0.000000 0.000000 0.000000 0.000000 0.000000 0.000000 0.000000 0.000000 0.000000 0.000000 0.000000 0.000000 0.000000 0.000000 0.000000 0.000000 0.000000 0.000000 0.000000 0.000000 0.000000 0.000000 0.000000 0.000000 0.000000 0.000000 0.000000 
0.000000 0.000000 0.000000 0.000000 0.000000 0.000000 0.000000 0.000000 0.000000 0.000000 0.000000 0.000000 0.000000 0.000000 0.000000 0.000000 0.000000 0.000000 0.000000 0.000000 0.000000 0.000000 0.000000 0.000000 0.000000 0.000000 0.000000 0.000000 0.000000 0.000000 0.000000 0.000000 0.000000 0.000000 0.000000 0.000000 0.000000 0.000000 0.000000 0.000000 
0.000000 0.000000 0.000000 0.000000 0.000000 0.000000 0.000000 0.000000 0.000000 0.000000 0.000000 0.000000 0.000000 0.000000 0.000000 0.000000 0.000000 0.000000 0.000000 0.000000 0.000000 0.000000 0.000000 0.000000 0.000000 0.000000 0.000000 0.000000 0.000000 0.000000 0.000000 0.000000 0.000000 0.000000 0.000000 0.000000 0.000000 0.000000 0.000000 0.000000 
0.000000 0.000000 0.000000 0.000000 0.000000 0.000000 0.000000 0.000000 0.000000 0.000000 0.000000 0.000000 0.000000 0.000000 0.000000 0.000000 0.000000 0.000000 0.000000 0.000000 0.000000 0.000000 0.000000 0.000000 0.000000 0.000000 0.000000 0.000000 0.000000 0.000000 0.000000 0.000000 0.000000 0.000000 0.000000 0.000000 0.000000 0.000000 0.000000 0.000000 
0.000000 0.000000 0.000000 0.000000 0.000000 0.000000 0.000000 0.000000 0.000000 0.000000 0.000000 0.000000 0.000000 0.000000 0.000000 0.000000 0.000000 0.000000 0.000000 0.000000 0.000000 0.000000 0.000000 0.000000 0.000000 0.000000 0.000000 0.000000 0.000000 0.000000 0.000000 0.000000 0.000000 0.000000 0.000000 0.000000 0.000000 0.000000 0.000000 0.000000 
0.000000 0.000000 0.000000 0.000000 0.000000 0.000000 0.000000 0.000000 0.000000 0.000000 0.000000 0.000000 0.000000 0.000000 0.000000 0.000000 0.000000 0.000000 0.000000 0.000000 0.000000 0.000000 0.000000 0.000000 0.000000 0.000000 0.000000 0.000000 0.000000 0.000000 0.000000 0.000000 0.000000 0.000000 0.000000 0.000000 0.000000 0.000000 0.000000 0.000000 
0.000000 0.000000 0.000000 0.000000 0.000000 0.000000 0.000000 0.000000 0.000000 0.000000 0.000000 0.000000 0.000000 0.000000 0.000000 0.000000 0.000000 0.000000 0.000000 0.000000 0.000000 0.000000 0.000000 0.000000 0.000000 0.000000 0.000000 0.000000 0.000000 0.000000 0.000000 0.000000 0.000000 0.000000 0.000000 0.000000 0.000000 0.000000 0.000000 0.000000 
0.000000 0.000000 0.000000 0.000000 0.000000 0.000000 0.000000 0.000000 0.000000 0.000000 0.000000 0.000000 0.000000 0.000000 0.000000 0.000000 0.000000 0.000000 0.000000 0.000000 0.000000 0.000000 0.000000 0.000000 0.000000 0.000000 0.000000 0.000000 0.000000 0.000000 0.000000 0.000000 0.000000 0.000000 0.000000 0.000000 0.000000 0.000000 0.000000 0.000000 
0.000000 0.000000 0.000000 0.000000 0.000000 0.000000 0.000000 0.000000 0.000000 0.000000 0.000000 0.000000 0.000000 0.000000 0.000000 0.000000 0.000000 0.000000 0.000000 0.000000 0.000000 0.000000 0.000000 0.000000 0.000000 0.000000 0.000000 0.000000 0.000000 0.000000 0.000000 0.000000 0.000000 0.000000 0.000000 0.000000 0.000000 0.000000 0.000000 0.000000 
0.000000 0.000000 0.000000 0.000000 0.000000 0.000000 0.000000 0.000000 0.000000 0.000000 0.000000 0.000000 0.000000 0.000000 0.000000 0.000000 0.000000 0.000000 0.000000 0.000000 0.000000 0.000000 0.000000 0.000000 0.000000 0.000000 0.000000 0.000000 0.000000 0.000000 0.000000 0.000000 0.000000 0.000000 0.000000 0.000000 0.000000 0.000000 0.000000 0.000000 
0.000000 0.000000 0.000000 0.000000 0.000000 0.000000 0.000000 0.000000 0.000000 0.000000 0.000000 0.000000 0.000000 0.000000 0.000000 0.000000 0.000000 0.000000 0.000000 0.000000 0.000000 0.000000 0.000000 0.000000 0.000000 0.000000 0.000000 0.000000 0.000000 0.000000 0.000000 0.000000 0.000000 0.000000 0.000000 0.000000 0.000000 0.000000 0.000000 0.000000 
0.000000 0.000000 0.000000 0.000000 0.000000 0.000000 0.000000 0.000000 0.000000 0.000000 0.000000 0.000000 0.000000 0.000000 0.000000 0.000000 0.000000 0.000000 0.000000 0.000000 0.000000 0.000000 0.000000 0.000000 0.000000 0.000000 0.000000 0.000000 0.000000 0.000000 0.000000 0.000000 0.000000 0.000000 0.000000 0.000000 0.000000 0.000000 0.000000 0.000000 
0.000000 0.000000 0.000000 0.000000 0.000000 0.000000 0.000000 0.000000 0.000000 0.000000 0.000000 0.000000 0.000000 0.000000 0.000000 0.000000 0.000000 0.000000 0.000000 0.000000 0.000000 0.000000 0.000000 0.000000 0.000000 0.000000 0.000000 0.000000 0.000000 0.000000 0.000000 0.000000 0.000000 0.000000 0.000000 0.000000 0.000000 0.000000 0.000000 0.000000 
2.549000 2.495000 2.403000 2.283000 2.155000 2.145000 2.128000 1.938000 1.797000 1.797000 2.060000 2.674000 2.644000 2.180000 2.072000 2.072000 2.072000 2.068000 2.029000 2.000000 2.000000 2.017000 2.057000 2.072000 2.072000 2.072000 2.072000 2.149000 2.221000 2.221000 2.186000 2.066000 2.000000 2.000000 2.000000 2.000000 2.000000 2.000000 2.038000 2.072000 
2.420000 2.383000 2.320000 2.230000 2.129000 2.088000 2.042000 1.901000 1.797000 1.797000 1.981000 2.411000 2.409000 2.117000 2.049000 2.049000 2.049000 2.046000 2.019000 2.000000 2.000000 2.012000 2.039000 2.049000 2.049000 2.059000 2.071000 2.125000 2.172000 2.159000 2.127000 2.045000 1.995000 1.982000 1.978000 1.978000 1.988000 2.000000 2.026000 2.049000 
2.199000 2.192000 2.180000 2.138000 2.086000 1.991000 1.896000 1.839000 1.797000 1.797000 1.846000 1.960000 2.007000 2.009000 2.010000 2.010000 2.010000 2.009000 2.004000 2.000000 2.000000 2.002000 2.008000 2.010000 2.010000 2.036000 2.070000 2.082000 2.088000 2.054000 2.025000 2.009000 1.985000 1.953000 1.940000 1.940000 1.966000 1.999000 2.005000 2.010000 
2.085000 2.095000 2.111000 2.097000 2.074000 1.967000 1.861000 1.840000 1.824000 1.824000 1.833000 1.854000 1.908000 1.983000 1.988000 1.973000 1.972000 1.972000 1.972000 1.976000 1.991000 2.000000 2.000000 2.000000 2.000000 2.018000 2.041000 2.058000 2.067000 2.028000 2.000000 2.000000 1.983000 1.945000 1.931000 1.931000 1.961000 1.999000 2.000000 2.000000 
2.006000 2.028000 2.066000 2.074000 2.072000 1.967000 1.863000 1.861000 1.860000 1.860000 1.861000 1.862000 1.908000 1.983000 1.972000 1.936000 1.934000 1.934000 1.934000 1.944000 1.980000 2.000000 2.000000 2.000000 2.000000 2.001000 2.003000 2.039000 2.067000 2.028000 2.000000 2.000000 1.983000 1.945000 1.931000 1.931000 1.961000 1.999000 2.000000 2.000000 
2.000000 2.011000 2.031000 2.036000 2.036000 1.983000 1.929000 1.891000 1.863000 1.863000 1.871000 1.890000 1.919000 1.957000 1.937000 1.899000 1.897000 1.899000 1.917000 1.941000 1.979000 2.000000 2.000000 2.000000 2.000000 2.000000 2.000000 2.037000 2.070000 2.050000 2.031000 2.011000 1.991000 1.973000 1.966000 1.966000 1.981000 1.999000 2.000000 2.000000 
1.997000 1.995000 1.994000 1.993000 1.993000 1.995000 1.990000 1.919000 1.867000 1.869000 1.884000 1.918000 1.931000 1.931000 1.901000 1.862000 1.860000 1.864000 1.901000 1.938000 1.976000 1.997000 1.999000 2.000000 2.000000 2.000000 2.000000 2.037000 2.072000 2.072000 2.061000 2.021000 2.000000 2.000000 2.000000 2.000000 2.000000 2.000000 2.000000 2.000000 
1.959000 1.946000 1.924000 1.918000 1.918000 1.939000 1.956000 1.926000 1.909000 1.932000 1.941000 1.934000 1.931000 1.931000 1.886000 1.827000 1.824000 1.827000 1.864000 1.901000 1.938000 1.969000 1.991000 2.000000 2.000000 2.000000 2.000000 2.037000 2.072000 2.072000 2.061000 2.021000 2.000000 2.000000 2.000000 2.000000 2.000000 2.000000 2.000000 2.000000 
1.921000 1.903000 1.871000 1.863000 1.863000 1.892000 1.922000 1.927000 1.941000 1.978000 1.986000 1.954000 1.938000 1.932000 1.871000 1.793000 1.788000 1.792000 1.828000 1.864000 1.901000 1.938000 1.976000 1.993000 1.999000 2.000000 2.000000 2.037000 2.072000 2.072000 2.061000 2.021000 2.000000 2.000000 2.000000 2.000000 2.004000 2.010000 1.638000 1.302000 
1.884000 1.877000 1.866000 1.863000 1.863000 1.874000 1.887000 1.912000 1.941000 1.978000 1.995000 1.983000 1.963000 1.937000 1.857000 1.760000 1.754000 1.757000 1.792000 1.828000 1.864000 1.901000 1.938000 1.968000 1.994000 2.000000 2.000000 2.037000 2.072000 2.072000 2.061000 2.021000 2.000000 2.000000 2.000000 2.000000 2.021000 2.049000 0.000000 0.000000 
1.848000 1.848000 1.848000 1.854000 1.862000 1.863000 1.866000 1.904000 1.939000 1.967000 1.988000 1.996000 1.977000 1.940000 1.849000 1.741000 1.734000 1.738000 1.772000 1.807000 1.843000 1.879000 1.917000 1.960000 2.007000 2.017000 2.017000 2.045000 2.072000 2.072000 2.061000 2.021000 2.000000 2.000000 1.607000 0.000000 0.000000 0.000000 0.000000 0.000000 
1.811000 1.811000 1.811000 1.833000 1.861000 1.863000 1.866000 1.904000 1.933000 1.941000 1.959000 1.988000 1.977000 1.940000 1.849000 1.741000 1.734000 1.738000 1.772000 1.807000 1.843000 1.879000 1.917000 1.973000 2.041000 2.056000 2.056000 2.064000 2.072000 2.072000 2.061000 2.021000 2.000000 2.000000 0.000000 0.000000 0.000000 0.000000 0.000000 0.000000 
1.797000 1.797000 1.797000 1.824000 1.860000 1.863000 1.866000 1.904000 1.931000 1.931000 1.947000 1.985000 1.977000 1.940000 1.849000 1.741000 1.734000 1.738000 1.772000 1.807000 1.843000 1.879000 1.917000 1.978000 2.055000 2.072000 2.072000 2.072000 2.072000 2.072000 2.061000 2.021000 2.000000 2.000000 0.000000 0.000000 0.000000 0.000000 0.000000 0.000000 
0.000000 0.000000 0.000000 0.000000 0.000000 0.000000 0.000000 0.000000 0.000000 0.000000 0.000000 0.000000 0.000000 0.000000 0.000000 0.000000 0.000000 0.000000 0.000000 0.000000 0.000000 0.000000 0.000000 0.000000 0.000000 0.000000 0.000000 0.000000 0.000000 0.000000 0.000000 0.000000 0.000000 0.000000 0.000000 0.000000 0.000000 0.000000 0.000000 0.000000 
0.000000 0.000000 0.000000 0.000000 0.000000 0.000000 0.000000 0.000000 0.000000 0.000000 0.000000 0.000000 0.000000 0.000000 0.000000 0.000000 0.000000 0.000000 0.000000 0.000000 0.000000 0.000000 0.000000 0.000000 0.000000 0.000000 0.000000 0.000000 0.000000 0.000000 0.000000 0.000000 0.000000 0.000000 0.000000 0.000000 0.000000 0.000000 0.000000 0.000000 
0.000000 0.000000 0.000000 0.000000 0.000000 0.000000 0.000000 0.000000 0.000000 0.000000 0.000000 0.000000 0.000000 0.000000 0.000000 0.000000 0.000000 0.000000 0.000000 0.000000 0.000000 0.000000 0.000000 0.000000 0.000000 0.000000 0.000000 0.000000 0.000000 0.000000 0.000000 0.000000 0.000000 0.000000 0.000000 0.000000 0.000000 0.000000 0.000000 0.000000 
0.000000 0.000000 0.000000 0.000000 0.000000 0.000000 0.000000 0.000000 0.000000 0.000000 0.000000 0.000000 0.000000 0.000000 0.000000 0.000000 0.000000 0.000000 0.000000 0.000000 0.000000 0.000000 0.000000 0.000000 0.000000 0.000000 0.000000 0.000000 0.000000 0.000000 0.000000 0.000000 0.000000 0.000000 0.000000 0.000000 0.000000 0.000000 0.000000 0.000000 
0.000000 0.000000 0.000000 0.000000 0.000000 0.000000 0.000000 0.000000 0.000000 0.000000 0.000000 0.000000 0.000000 0.000000 0.000000 0.000000 0.000000 0.000000 0.000000 0.000000 0.000000 0.000000 0.000000 0.000000 0.000000 0.000000 0.000000 0.000000 0.000000 0.000000 0.000000 0.000000 0.000000 0.000000 0.000000 0.000000 0.000000 0.000000 0.000000 0.000000 
0.000000 0.000000 0.000000 0.000000 0.000000 0.000000 0.000000 0.000000 0.000000 0.000000 0.000000 0.000000 0.000000 0.000000 0.000000 0.000000 0.000000 0.000000 0.000000 0.000000 0.000000 0.000000 0.000000 0.000000 0.000000 0.000000 0.000000 0.000000 0.000000 0.000000 0.000000 0.000000 0.000000 0.000000 0.000000 0.000000 0.000000 0.000000 0.000000 0.000000 
0.000000 0.000000 0.000000 0.000000 0.000000 0.000000 0.000000 0.000000 0.000000 0.000000 0.000000 0.000000 0.000000 0.000000 0.000000 0.000000 0.000000 0.000000 0.000000 0.000000 0.000000 0.000000 0.000000 0.000000 0.000000 0.000000 0.000000 0.000000 0.000000 0.000000 0.000000 0.000000 0.000000 0.000000 0.000000 0.000000 0.000000 0.000000 0.000000 0.000000 
0.000000 0.000000 0.000000 0.000000 0.000000 0.000000 0.000000 0.000000 0.000000 0.000000 0.000000 0.000000 0.000000 0.000000 0.000000 0.000000 0.000000 0.000000 0.000000 0.000000 0.000000 0.000000 0.000000 0.000000 0.000000 0.000000 0.000000 0.000000 0.000000 0.000000 0.000000 0.000000 0.000000 0.000000 0.000000 0.000000 0.000000 0.000000 0.000000 0.000000 
0.000000 0.000000 0.000000 0.000000 0.000000 0.000000 0.000000 0.000000 0.000000 0.000000 0.000000 0.000000 0.000000 0.000000 0.000000 0.000000 0.000000 0.000000 0.000000 0.000000 0.000000 0.000000 0.000000 0.000000 0.000000 0.000000 0.000000 0.000000 0.000000 0.000000 0.000000 0.000000 0.000000 0.000000 0.000000 0.000000 0.000000 0.000000 0.000000 0.000000 
0.000000 0.000000 0.000000 0.000000 0.000000 0.000000 0.000000 0.000000 0.000000 0.000000 0.000000 0.000000 0.000000 0.000000 0.000000 0.000000 0.000000 0.000000 0.000000 0.000000 0.000000 0.000000 0.000000 0.000000 0.000000 0.000000 0.000000 0.000000 0.000000 0.000000 0.000000 0.000000 0.000000 0.000000 0.000000 0.000000 0.000000 0.000000 0.000000 0.000000 
0.000000 0.000000 0.000000 0.000000 0.000000 0.000000 0.000000 0.000000 0.000000 0.000000 0.000000 0.000000 0.000000 0.000000 0.000000 0.000000 0.000000 0.000000 0.000000 0.000000 0.000000 0.000000 0.000000 0.000000 0.000000 0.000000 0.000000 0.000000 0.000000 0.000000 0.000000 0.000000 0.000000 0.000000 0.000000 0.000000 0.000000 0.000000 0.000000 0.000000 
0.000000 0.000000 0.000000 0.000000 0.000000 0.000000 0.000000 0.000000 0.000000 0.000000 0.000000 0.000000 0.000000 0.000000 0.000000 0.000000 0.000000 0.000000 0.000000 0.000000 0.000000 0.000000 0.000000 0.000000 0.000000 0.000000 0.000000 0.000000 0.000000 0.000000 0.000000 0.000000 0.000000 0.000000 0.000000 0.000000 0.000000 0.000000 0.000000 0.000000 
0.000000 0.000000 0.000000 0.000000 0.000000 0.000000 0.000000 0.000000 0.000000 0.000000 0.000000 0.000000 0.000000 0.000000 0.000000 0.000000 0.000000 0.000000 0.000000 0.000000 0.000000 0.000000 0.000000 0.000000 0.000000 0.000000 0.000000 0.000000 0.000000 0.000000 0.000000 0.000000 0.000000 0.000000 0.000000 0.000000 0.000000 0.000000 0.000000 0.000000 
0.000000 0.000000 0.000000 0.000000 0.000000 0.000000 0.000000 0.000000 0.000000 0.000000 0.000000 0.000000 0.000000 0.000000 0.000000 0.000000 0.000000 0.000000 0.000000 0.000000 0.000000 0.000000 0.000000 0.000000 0.000000 0.000000 0.000000 0.000000 0.000000 0.000000 0.000000 0.000000 0.000000 0.000000 0.000000 0.000000 0.000000 0.000000 0.000000 0.000000 
