40 40
0.000000 0.000000 0.000000 0.000000 0.000000 0.000000 0.000000 0.000000 0.000000 0.000000 0.000000 2.734000 2.579000 2.325000 2.267000 2.246000 2.183000 2.137000 2.137000 2.118000 2.079000 2.068000 2.068000 2.068000 2.065000 2.044000 2.031000 2.031000 2.031000 0.000000 0.000000 0.000000 0.000000 0.000000 0.000000 0.000000 0.000000 0.000000 0.000000 0.000000 
0.000000 0.000000 0.000000 0.000000 0.000000 0.000000 0.000000 0.000000 0.000000 0.000000 0.000000 2.686000 2.547000 2.318000 2.246000 2.206000 2.165000 2.136000 2.136000 2.117000 2.079000 2.068000 2.068000 2.068000 2.068000 2.069000 2.069000 2.069000 2.069000 0.000000 0.000000 0.000000 0.000000 0.000000 0.000000 0.000000 0.000000 0.000000 0.000000 0.000000 
0.000000 0.000000 0.000000 0.000000 0.000000 0.000000 0.000000 0.000000 0.000000 0.000000 0.000000 2.686000 2.519000 2.245000 2.184000 2.165000 2.126000 2.097000 2.097000 2.089000 2.073000 2.068000 2.068000 2.068000 2.071000 2.094000 2.108000 2.108000 2.108000 0.000000 0.000000 0.000000 0.000000 0.000000 0.000000 0.000000 0.000000 0.000000 0.000000 0.000000 
0.000000 0.000000 0.000000 0.000000 0.000000 0.000000 0.000000 0.000000 0.000000 0.000000 0.000000 2.724000 2.523000 2.193000 2.137000 2.135000 2.096000 2.068000 2.068000 2.068000 2.068000 2.068000 2.068000 2.068000 2.074000 2.113000 2.137000 2.137000 2.137000 0.000000 0.000000 0.000000 0.000000 0.000000 0.000000 0.000000 0.000000 0.000000 0.000000 0.000000 
0.000000 0.000000 0.000000 0.000000 0.000000 0.000000 0.000000 0.000000 0.000000 0.000000 0.000000 2.878000 2.624000 2.208000 2.137000 2.135000 2.096000 2.068000 2.068000 2.068000 2.068000 2.068000 2.068000 2.068000 2.074000 2.113000 2.137000 2.137000 2.137000 0.000000 0.000000 0.000000 0.000000 0.000000 0.000000 0.000000 0.000000 0.000000 0.000000 0.000000 
0.000000 0.000000 0.000000 0.000000 0.000000 0.000000 0.000000 0.000000 0.000000 0.000000 0.000000 0.000000 2.719000 2.238000 2.147000 2.136000 2.107000 2.086000 2.086000 2.086000 2.086000 2.086000 2.086000 2.086000 2.090000 2.119000 2.141000 2.152000 2.156000 0.000000 0.000000 0.000000 0.000000 0.000000 0.000000 0.000000 0.000000 0.000000 0.000000 0.000000 
0.000000 0.000000 0.000000 0.000000 0.000000 0.000000 0.000000 0.000000 0.000000 0.000000 0.000000 0.000000 2.806000 2.285000 2.169000 2.137000 2.130000 2.125000 2.125000 2.125000 2.125000 2.125000 2.125000 2.125000 2.126000 2.133000 2.149000 2.183000 2.196000 0.000000 0.000000 0.000000 0.000000 0.000000 0.000000 0.000000 0.000000 0.000000 0.000000 0.000000 
0.000000 0.000000 0.000000 0.000000 0.000000 0.000000 0.000000 0.000000 0.000000 0.000000 0.000000 0.000000 2.960000 2.633000 2.372000 2.137000 2.137000 2.137000 2.137000 2.137000 2.137000 2.126000 2.111000 2.110000 2.110000 2.110000 2.125000 2.165000 2.181000 0.000000 0.000000 0.000000 0.000000 0.000000 0.000000 0.000000 0.000000 0.000000 0.000000 0.000000 
0.000000 0.000000 0.000000 0.000000 0.000000 0.000000 0.000000 0.000000 0.000000 0.000000 0.000000 0.000000 0.000000 0.000000 2.657000 2.137000 2.137000 2.137000 2.137000 2.137000 2.137000 2.111000 2.074000 2.071000 2.071000 2.071000 2.086000 2.125000 2.141000 0.000000 0.000000 0.000000 0.000000 0.000000 0.000000 0.000000 0.000000 0.000000 0.000000 0.000000 
0.000000 0.000000 0.000000 0.000000 0.000000 0.000000 0.000000 0.000000 0.000000 0.000000 0.000000 0.000000 0.000000 0.000000 2.711000 2.137000 2.137000 2.137000 2.137000 2.137000 2.137000 2.109000 2.071000 2.068000 2.068000 2.068000 2.082000 2.121000 2.137000 0.000000 0.000000 0.000000 0.000000 0.000000 0.000000 0.000000 0.000000 0.000000 0.000000 0.000000 
0.000000 0.000000 0.000000 0.000000 0.000000 0.000000 0.000000 0.000000 0.000000 0.000000 0.000000 0.000000 0.000000 0.000000 2.685000 2.127000 2.133000 2.137000 2.137000 2.137000 2.137000 2.111000 2.076000 2.073000 2.073000 2.073000 2.012000 1.847000 1.779000 0.000000 0.000000 0.000000 0.000000 0.000000 0.000000 0.000000 0.000000 0.000000 0.000000 0.000000 
0.000000 0.000000 0.000000 0.000000 0.000000 0.000000 0.000000 0.000000 0.000000 0.000000 0.000000 0.000000 2.989000 2.538000 2.270000 2.052000 2.101000 2.137000 2.137000 2.137000 2.137000 2.127000 2.113000 2.112000 2.112000 2.112000 1.469000 0.000000 0.000000 0.000000 0.000000 0.000000 0.000000 0.000000 0.000000 0.000000 0.000000 0.000000 0.000000 0.000000 
0.000000 0.000000 0.000000 0.000000 0.000000 0.000000 0.000000 0.000000 0.000000 0.000000 0.000000 0.000000 2.804000 2.117000 2.000000 2.004000 2.081000 2.137000 2.137000 2.137000 2.137000 2.137000 2.137000 2.137000 2.137000 2.137000 1.117000 0.000000 0.000000 0.000000 0.000000 0.000000 0.000000 0.000000 0.000000 0.000000 0.000000 0.000000 0.000000 0.000000 
0.000000 0.000000 0.000000 0.000000 0.000000 0.000000 0.000000 0.000000 0.000000 0.000000 0.000000 0.000000 2.728000 2.106000 2.000000 2.004000 2.081000 2.137000 2.137000 2.137000 2.137000 2.137000 2.137000 2.137000 2.137000 2.137000 1.117000 0.000000 0.000000 0.000000 0.000000 0.000000 0.000000 0.000000 0.000000 0.000000 0.000000 0.000000 0.000000 0.000000 
0.000000 0.000000 0.000000 0.000000 0.000000 0.000000 0.000000 0.000000 0.000000 0.000000 0.000000 0.000000 2.703000 2.121000 2.022000 2.025000 2.090000 2.137000 2.137000 2.137000 2.137000 2.137000 2.137000 2.137000 2.137000 2.137000 1.117000 0.000000 0.000000 0.000000 0.000000 0.000000 0.000000 0.000000 0.000000 0.000000 0.000000 0.000000 0.000000 0.000000 
0.000000 0.000000 0.000000 0.000000 0.000000 0.000000 0.000000 0.000000 0.000000 0.000000 0.000000 0.000000 2.716000 2.155000 2.060000 2.062000 2.105000 2.137000 2.137000 2.137000 2.137000 2.137000 2.137000 2.137000 2.137000 2.137000 1.117000 0.000000 0.000000 0.000000 0.000000 0.000000 0.000000 0.000000 0.000000 0.000000 0.000000 0.000000 0.000000 0.000000 
0.000000 0.000000 0.000000 0.000000 0.000000 0.000000 0.000000 0.000000 0.000000 0.000000 0.000000 2.714000 2.503000 2.157000 2.084000 2.069000 2.091000 2.106000 2.106000 2.106000 2.106000 2.119000 2.136000 2.137000 2.137000 2.137000 1.117000 0.000000 0.000000 0.000000 0.000000 0.000000 0.000000 0.000000 0.000000 0.000000 0.000000 0.000000 0.000000 0.000000 
0.000000 0.000000 0.000000 0.000000 0.000000 0.000000 0.000000 0.000000 0.000000 0.000000 0.000000 2.282000 2.232000 2.151000 2.105000 2.068000 2.068000 2.068000 2.068000 2.068000 2.068000 2.095000 2.134000 2.136000 2.136000 2.137000 1.117000 0.000000 0.000000 0.000000 0.000000 0.000000 0.000000 0.000000 0.000000 0.000000 0.000000 0.000000 0.000000 0.000000 
0.000000 0.000000 0.000000 0.000000 0.000000 0.000000 0.000000 0.000000 0.000000 0.000000 0.000000 2.282000 2.219000 2.115000 2.084000 2.068000 2.068000 2.062000 2.040000 2.029000 2.029000 2.041000 2.058000 2.059000 2.066000 2.109000 1.117000 0.000000 0.000000 0.000000 0.000000 0.000000 0.000000 0.000000 0.000000 0.000000 0.000000 0.000000 0.000000 0.000000 
0.000000 0.000000 0.000000 0.000000 0.000000 0.000000 0.000000 0.000000 0.000000 0.000000 0.000000 2.273000 2.202000 2.088000 2.068000 2.068000 2.068000 2.058000 2.019000 2.000000 2.000000 2.000000 2.000000 2.000000 1.958000 1.679000 0.000000 0.000000 0.000000 0.000000 0.000000 0.000000 0.000000 0.000000 0.000000 0.000000 0.000000 0.000000 0.000000 0.000000 
0.000000 0.000000 0.000000 0.000000 0.000000 0.000000 0.000000 0.000000 0.000000 0.000000 0.000000 2.232000 2.176000 2.084000 2.068000 2.068000 2.068000 2.058000 2.019000 2.000000 2.000000 2.000000 2.000000 2.000000 1.726000 0.000000 0.000000 0.000000 0.000000 0.000000 0.000000 0.000000 0.000000 0.000000 0.000000 0.000000 0.000000 0.000000 0.000000 0.000000 
0.000000 0.000000 0.000000 0.000000 0.000000 0.000000 0.000000 0.000000 0.000000 0.000000 0.000000 2.209000 2.161000 2.081000 2.068000 2.068000 2.068000 2.058000 2.019000 2.000000 2.000000 2.000000 2.000000 2.000000 1.598000 0.000000 0.000000 0.000000 0.000000 0.000000 0.000000 0.000000 0.000000 0.000000 0.000000 0.000000 0.000000 0.000000 0.000000 0.000000 
0.000000 0.000000 0.000000 0.000000 0.000000 0.000000 0.000000 0.000000 0.000000 0.000000 0.000000 2.209000 2.161000 2.081000 2.068000 2.068000 2.068000 2.058000 2.019000 2.000000 2.000000 2.000000 2.000000 2.000000 1.598000 0.000000 0.000000 0.000000 0.000000 0.000000 0.000000 0.000000 0.000000 0.000000 0.000000 0.000000 0.000000 0.000000 0.000000 0.000000 
0.000000 0.000000 0.000000 0.000000 0.000000 0.000000 0.000000 0.000000 0.000000 0.000000 0.000000 2.209000 2.161000 2.081000 2.068000 2.068000 2.068000 2.062000 2.038000 2.026000 2.026000 2.015000 2.001000 2.000000 1.598000 0.000000 0.000000 0.000000 0.000000 0.000000 0.000000 0.000000 0.000000 0.000000 0.000000 0.000000 0.000000 0.000000 0.000000 0.000000 
0.000000 0.000000 0.000000 0.000000 0.000000 0.000000 0.000000 0.000000 0.000000 0.000000 0.000000 2.209000 2.161000 2.081000 2.068000 2.068000 2.068000 2.067000 2.065000 2.064000 2.064000 2.038000 2.003000 2.000000 1.598000 0.000000 0.000000 0.000000 0.000000 0.000000 0.000000 0.000000 0.000000 0.000000 0.000000 0.000000 0.000000 0.000000 0.000000 0.000000 
0.000000 0.000000 0.000000 0.000000 0.000000 0.000000 0.000000 0.000000 0.000000 0.000000 0.000000 2.209000 2.172000 2.113000 2.102000 2.102000 2.082000 2.068000 2.068000 2.068000 2.068000 2.054000 2.035000 2.034000 1.629000 0.000000 0.000000 0.000000 0.000000 0.000000 0.000000 0.000000 0.000000 0.000000 0.000000 0.000000 0.000000 0.000000 0.000000 0.000000 
0.000000 0.000000 0.000000 0.000000 0.000000 0.000000 0.000000 0.000000 0.000000 0.000000 0.000000 2.261000 2.219000 2.149000 2.137000 2.135000 2.096000 2.068000 2.068000 2.068000 2.068000 2.068000 2.068000 2.068000 1.660000 0.000000 0.000000 0.000000 0.000000 0.000000 0.000000 0.000000 0.000000 0.000000 0.000000 0.000000 0.000000 0.000000 0.000000 0.000000 
0.000000 0.000000 0.000000 0.000000 0.000000 0.000000 0.000000 0.000000 0.000000 0.000000 0.000000 2.738000 2.532000 2.194000 2.137000 2.135000 2.096000 2.068000 2.068000 2.068000 2.068000 2.068000 2.068000 2.068000 1.660000 0.000000 0.000000 0.000000 0.000000 0.000000 0.000000 0.000000 0.000000 0.000000 0.000000 0.000000 0.000000 0.000000 0.000000 0.000000 
0.000000 0.000000 0.000000 0.000000 0.000000 0.000000 0.000000 0.000000 0.000000 0.000000 0.000000 2.887000 2.630000 2.209000 2.137000 2.135000 2.096000 2.068000 2.068000 2.068000 2.068000 2.068000 2.068000 2.068000 1.660000 0.000000 0.000000 0.000000 0.000000 0.000000 0.000000 0.000000 0.000000 0.000000 0.000000 0.000000 0.000000 0.000000 0.000000 0.000000 
0.000000 0.000000 0.000000 0.000000 0.000000 0.000000 0.000000 0.000000 0.000000 0.000000 0.000000 2.370000 2.290000 2.159000 2.137000 2.135000 2.096000 2.068000 2.068000 2.068000 2.068000 2.068000 2.068000 2.068000 1.660000 0.000000 0.000000 0.000000 0.000000 0.000000 0.000000 0.000000 0.000000 0.000000 0.000000 0.000000 0.000000 0.000000 0.000000 0.000000 
0.000000 0.000000 0.000000 0.000000 0.000000 0.000000 0.000000 0.000000 0.000000 0.000000 0.000000 2.137000 2.130000 2.118000 2.116000 2.114000 2.088000 2.068000 2.068000 2.068000 2.068000 2.060000 2.048000 2.047000 1.641000 0.000000 0.000000 0.000000 0.000000 0.000000 0.000000 0.000000 0.000000 0.000000 0.000000 0.000000 0.000000 0.000000 0.000000 0.000000 
0.000000 0.000000 0.000000 0.000000 0.000000 0.000000 0.000000 0.000000 0.000000 0.000000 0.000000 2.137000 2.116000 2.083000 2.077000 2.077000 2.072000 2.068000 2.068000 2.068000 2.068000 2.044000 2.011000 2.009000 1.606000 0.000000 0.000000 0.000000 0.000000 0.000000 0.000000 0.000000 0.000000 0.000000 0.000000 0.000000 0.000000 0.000000 0.000000 0.000000 
0.000000 0.000000 0.000000 0.000000 0.000000 0.000000 0.000000 0.000000 0.000000 0.000000 0.000000 2.137000 2.113000 2.075000 2.068000 2.068000 2.068000 2.068000 2.068000 2.068000 2.068000 2.041000 2.003000 2.000000 1.598000 0.000000 0.000000 0.000000 0.000000 0.000000 0.000000 0.000000 0.000000 0.000000 0.000000 0.000000 0.000000 0.000000 0.000000 0.000000 
0.000000 0.000000 0.000000 0.000000 0.000000 0.000000 0.000000 0.000000 0.000000 0.000000 0.000000 2.137000 2.113000 2.075000 2.068000 2.068000 2.068000 2.068000 2.068000 2.068000 2.068000 2.041000 2.003000 2.000000 1.598000 0.000000 0.000000 0.000000 0.000000 0.000000 0.000000 0.000000 0.000000 0.000000 0.000000 0.000000 0.000000 0.000000 0.000000 0.000000 
0.000000 0.000000 0.000000 0.000000 0.000000 0.000000 0.000000 0.000000 0.000000 0.000000 0.000000 2.177000 2.140000 2.078000 2.068000 2.068000 2.068000 2.068000 2.068000 2.068000 2.068000 2.056000 2.039000 0.000000 0.000000 0.000000 0.000000 0.000000 0.000000 0.000000 0.000000 0.000000 0.000000 0.000000 0.000000 0.000000 0.000000 0.000000 0.000000 0.000000 
0.000000 0.000000 0.000000 0.000000 0.000000 0.000000 0.000000 0.000000 0.000000 0.000000 0.000000 2.201000 2.155000 2.081000 2.068000 2.068000 2.068000 2.068000 2.068000 2.068000 2.068000 2.068000 2.068000 0.000000 0.000000 0.000000 0.000000 0.000000 0.000000 0.000000 0.000000 0.000000 0.000000 0.000000 0.000000 0.000000 0.000000 0.000000 0.000000 0.000000 
0.000000 0.000000 0.000000 0.000000 0.000000 0.000000 0.000000 0.000000 0.000000 0.000000 0.000000 2.160000 2.129000 2.077000 2.068000 2.068000 2.068000 2.068000 2.068000 2.068000 2.068000 2.068000 2.068000 0.000000 0.000000 0.000000 0.000000 0.000000 0.000000 0.000000 0.000000 0.000000 0.000000 0.000000 0.000000 0.000000 0.000000 0.000000 0.000000 0.000000 
0.000000 0.000000 0.000000 0.000000 0.000000 0.000000 0.000000 0.000000 0.000000 0.000000 0.000000 2.137000 2.113000 2.075000 2.068000 2.068000 2.068000 2.068000 2.068000 2.068000 2.068000 2.068000 2.068000 0.000000 0.000000 0.000000 0.000000 0.000000 0.000000 0.000000 0.000000 0.000000 0.000000 0.000000 0.000000 0.000000 0.000000 0.000000 0.000000 0.000000 
0.000000 0.000000 0.000000 0.000000 0.000000 0.000000 0.000000 0.000000 0.000000 0.000000 0.000000 2.137000 2.113000 2.075000 2.068000 2.068000 2.068000 2.068000 2.068000 2.068000 2.068000 2.068000 2.068000 0.000000 0.000000 0.000000 0.000000 0.000000 0.000000 0.000000 0.000000 0.000000 0.000000 0.000000 0.000000 0.000000 0.000000 0.000000 0.000000 0.000000 
0.000000 0.000000 0.000000 0.000000 0.000000 0.000000 0.000000 0.000000 0.000000 0.000000 0.000000 2.163000 2.131000 2.077000 2.068000 2.068000 2.068000 2.068000 2.068000 2.068000 2.068000 2.068000 2.068000 0.000000 0.000000 0.000000 0.000000 0.000000 0.000000 0.000000 0.000000 0.000000 0.000000 0.000000 0.000000 0.000000 0.000000 0.000000 0.000000 0.000000 
