40 40
0.000000 0.000000 0.000000 0.000000 0.000000 0.000000 0.000000 2.011000 2.004000 2.004000 2.004000 2.000000 1.998000 1.995000 1.992000 1.991000 1.991000 1.991000 1.991000 1.991000 1.986000 1.986000 1.986000 1.986000 1.986000 1.982000 1.982000 1.982000 1.982000 1.981000 1.978000 1.980000 1.236000 0.000000 0.000000 0.000000 0.000000 0.000000 0.000000 0.000000 
0.000000 0.000000 0.000000 0.000000 0.000000 0.000000 0.000000 2.017000 2.009000 2.005000 2.004000 1.995000 1.996000 1.995000 1.995000 1.992000 1.992000 1.991000 1.991000 1.991000 1.986000 1.986000 1.986000 1.986000 1.986000 1.984000 1.982000 1.982000 1.982000 1.981000 1.978000 1.978000 0.000000 0.000000 0.000000 0.000000 0.000000 0.000000 0.000000 0.000000 
0.000000 0.000000 0.000000 0.000000 0.000000 0.000000 0.000000 2.015000 2.009000 2.009000 2.004000 2.002000 1.996000 1.995000 1.995000 1.995000 1.995000 1.991000 1.991000 1.991000 1.991000 1.988000 1.988000 1.988000 1.986000 1.985000 1.984000 1.982000 1.982000 1.980000 1.978000 1.978000 1.235000 0.000000 0.000000 0.000000 0.000000 0.000000 0.000000 0.000000 
0.000000 0.000000 0.000000 0.000000 0.000000 0.000000 0.000000 2.014000 2.009000 2.004000 2.004000 2.004000 2.000000 1.998000 1.996000 1.995000 1.995000 1.994000 1.991000 1.991000 1.991000 1.991000 1.991000 1.991000 1.990000 1.987000 1.986000 1.982000 1.982000 1.982000 1.978000 1.978000 2.627000 0.000000 0.000000 0.000000 0.000000 0.000000 0.000000 0.000000 
0.000000 0.000000 0.000000 0.000000 0.000000 0.000000 0.000000 2.014000 2.009000 2.004000 2.004000 2.001000 2.004000 2.002000 1.996000 1.995000 1.995000 1.995000 1.993000 1.991000 1.991000 1.991000 1.991000 1.991000 1.991000 1.987000 1.984000 1.982000 1.982000 1.982000 1.978000 1.979000 2.627000 0.000000 0.000000 0.000000 0.000000 0.000000 0.000000 0.000000 
0.000000 0.000000 0.000000 0.000000 0.000000 0.000000 0.000000 2.009000 2.009000 2.009000 2.008000 2.000000 2.004000 2.004000 2.000000 1.995000 1.995000 1.995000 1.995000 1.991000 1.991000 1.991000 1.994000 1.994000 1.991000 1.986000 1.986000 1.982000 1.982000 1.982000 1.980000 1.980000 1.271000 0.000000 0.000000 0.000000 0.000000 0.000000 0.000000 0.000000 
0.000000 0.000000 0.000000 0.000000 0.000000 0.000000 0.000000 2.009000 2.014000 2.009000 2.009000 2.004000 2.004000 2.000000 2.000000 2.000000 1.995000 1.995000 1.995000 1.995000 1.991000 1.991000 1.995000 1.995000 1.994000 1.991000 1.988000 1.986000 1.986000 1.982000 1.981000 1.978000 1.235000 0.000000 0.000000 0.000000 0.000000 0.000000 0.000000 0.000000 
0.000000 0.000000 0.000000 0.000000 0.000000 0.000000 0.000000 2.014000 2.014000 2.009000 2.009000 2.008000 2.004000 2.001000 2.000000 2.000000 1.995000 1.995000 1.995000 1.995000 1.995000 1.991000 1.995000 1.995000 1.991000 1.991000 1.991000 1.986000 1.985000 1.981000 1.978000 1.978000 2.610000 0.000000 0.000000 0.000000 0.000000 0.000000 0.000000 0.000000 
0.000000 0.000000 0.000000 0.000000 0.000000 0.000000 0.000000 2.016000 2.014000 2.009000 2.011000 2.008000 2.004000 2.004000 2.004000 2.000000 1.995000 1.995000 1.995000 1.995000 1.995000 1.991000 1.995000 1.995000 1.993000 1.991000 1.991000 1.987000 1.982000 1.982000 1.980000 1.982000 2.610000 0.000000 0.000000 0.000000 0.000000 0.000000 0.000000 0.000000 
0.000000 0.000000 0.000000 0.000000 0.000000 0.000000 0.000000 2.021000 2.014000 2.009000 2.009000 2.008000 2.007000 2.004000 2.004000 2.000000 1.998000 2.000000 1.995000 1.995000 1.995000 1.991000 1.995000 1.994000 1.991000 1.991000 1.992000 1.987000 1.984000 1.984000 1.982000 1.982000 1.367000 0.000000 0.000000 0.000000 0.000000 0.000000 0.000000 0.000000 
0.000000 0.000000 0.000000 0.000000 0.000000 0.000000 0.000000 2.024000 2.014000 2.014000 2.009000 2.009000 2.009000 2.006000 2.004000 2.003000 2.000000 2.000000 1.995000 1.995000 1.995000 1.991000 1.998000 1.995000 1.993000 1.992000 1.992000 1.990000 1.989000 1.986000 1.982000 1.983000 1.237000 0.000000 0.000000 0.000000 0.000000 0.000000 0.000000 0.000000 
0.000000 0.000000 0.000000 0.000000 0.000000 0.000000 0.000000 2.023000 2.015000 2.014000 2.013000 2.009000 2.009000 2.004000 2.004000 2.004000 1.996000 1.995000 1.998000 1.995000 1.992000 1.991000 2.000000 1.995000 1.991000 1.991000 1.991000 1.991000 1.986000 1.983000 1.982000 1.979000 1.857000 0.000000 0.000000 0.000000 0.000000 0.000000 0.000000 0.000000 
0.000000 0.000000 0.000000 0.000000 0.000000 0.000000 0.000000 2.022000 2.015000 2.014000 2.014000 2.009000 2.009000 2.009000 2.004000 2.004000 1.995000 1.996000 2.000000 1.997000 1.992000 1.991000 1.995000 1.995000 1.995000 1.993000 1.994000 1.991000 1.986000 1.982000 1.982000 1.980000 1.978000 0.000000 0.000000 0.000000 0.000000 0.000000 0.000000 0.000000 
0.000000 0.000000 0.000000 0.000000 0.000000 0.000000 0.000000 2.019000 2.016000 2.014000 2.014000 2.013000 2.009000 2.009000 2.004000 2.001000 2.000000 2.000000 2.000000 1.995000 1.995000 1.992000 1.995000 1.996000 1.995000 1.995000 1.995000 1.994000 1.990000 1.983000 1.982000 1.982000 1.983000 0.000000 0.000000 0.000000 0.000000 0.000000 0.000000 0.000000 
0.000000 0.000000 0.000000 0.000000 0.000000 0.000000 0.000000 2.025000 2.018000 2.014000 2.014000 2.013000 2.009000 2.009000 2.007000 2.002000 2.001000 2.002000 2.001000 1.995000 1.995000 1.995000 2.000000 1.995000 1.995000 1.995000 1.995000 1.991000 1.988000 1.986000 1.983000 1.985000 1.990000 0.000000 0.000000 0.000000 0.000000 0.000000 0.000000 0.000000 
0.000000 0.000000 0.000000 0.000000 0.000000 0.000000 0.000000 2.023000 2.018000 2.016000 2.014000 2.013000 2.009000 2.009000 2.009000 2.007000 2.004000 2.004000 2.006000 1.997000 1.995000 1.995000 2.000000 1.997000 1.995000 1.995000 1.992000 1.991000 1.991000 1.986000 1.985000 1.982000 1.982000 0.000000 0.000000 0.000000 0.000000 0.000000 0.000000 0.000000 
0.000000 0.000000 0.000000 0.000000 0.000000 0.000000 0.000000 2.022000 2.018000 2.018000 2.014000 2.014000 2.014000 2.010000 2.009000 2.006000 2.004000 2.004000 2.004000 1.997000 1.995000 1.995000 2.000000 1.996000 2.000000 1.998000 1.991000 1.991000 1.991000 1.986000 1.985000 1.981000 1.979000 0.000000 0.000000 0.000000 0.000000 0.000000 0.000000 0.000000 
0.000000 0.000000 0.000000 0.000000 0.000000 0.000000 0.000000 2.181000 2.019000 2.018000 2.014000 2.014000 2.014000 2.011000 2.009000 2.008000 2.004000 2.004000 2.004000 2.002000 1.996000 1.995000 2.000000 1.999000 2.000000 2.000000 1.995000 1.995000 1.991000 1.986000 1.985000 1.980000 1.235000 0.000000 0.000000 0.000000 0.000000 0.000000 0.000000 0.000000 
0.000000 0.000000 0.000000 0.000000 0.000000 0.000000 0.000000 2.027000 2.024000 2.018000 2.014000 2.014000 2.014000 2.014000 2.009000 2.009000 2.009000 2.009000 2.004000 2.000000 1.995000 1.995000 2.000000 2.000000 2.000000 1.995000 1.995000 1.995000 1.991000 1.990000 1.986000 1.982000 1.238000 0.000000 0.000000 0.000000 0.000000 0.000000 0.000000 0.000000 
0.000000 0.000000 0.000000 0.000000 0.000000 0.000000 0.000000 1.402000 2.024000 2.018000 2.014000 2.014000 2.014000 2.014000 2.010000 2.009000 2.009000 2.009000 2.007000 2.000000 1.995000 1.995000 2.000000 2.000000 1.999000 1.995000 1.995000 1.995000 1.995000 1.990000 1.986000 1.986000 1.240000 0.000000 0.000000 0.000000 0.000000 0.000000 0.000000 0.000000 
0.000000 0.000000 0.000000 0.000000 0.000000 0.000000 0.000000 1.282000 2.023000 2.018000 2.014000 2.014000 2.014000 2.014000 2.014000 2.009000 2.009000 2.009000 2.006000 2.004000 1.997000 1.995000 2.000000 2.000000 1.998000 1.995000 1.995000 1.995000 1.991000 1.991000 1.990000 1.986000 1.238000 0.000000 0.000000 0.000000 0.000000 0.000000 0.000000 0.000000 
0.000000 0.000000 0.000000 0.000000 0.000000 0.000000 0.000000 1.493000 2.021000 2.018000 2.014000 2.014000 2.014000 2.014000 2.012000 2.009000 2.009000 2.009000 2.003000 2.002000 2.000000 2.000000 2.002000 2.000000 1.998000 1.995000 1.995000 1.992000 1.991000 1.991000 1.986000 1.984000 1.982000 0.000000 0.000000 0.000000 0.000000 0.000000 0.000000 0.000000 
0.000000 0.000000 0.000000 0.000000 0.000000 0.000000 0.000000 2.033000 2.018000 2.018000 2.016000 2.014000 2.014000 2.014000 2.013000 2.009000 2.009000 2.009000 2.009000 2.004000 2.004000 2.000000 2.004000 2.004000 2.000000 2.000000 1.996000 1.995000 1.991000 1.990000 1.986000 1.986000 1.986000 0.000000 0.000000 0.000000 0.000000 0.000000 0.000000 0.000000 
0.000000 0.000000 0.000000 0.000000 0.000000 0.000000 0.000000 2.192000 2.025000 2.023000 2.018000 2.017000 2.014000 2.014000 2.014000 2.014000 2.009000 2.009000 2.009000 2.004000 2.000000 2.000000 2.004000 2.004000 2.000000 2.000000 2.000000 1.996000 1.995000 1.995000 1.993000 1.988000 1.987000 0.000000 0.000000 0.000000 0.000000 0.000000 0.000000 0.000000 
0.000000 0.000000 0.000000 0.000000 0.000000 0.000000 0.000000 2.472000 2.028000 2.023000 2.018000 2.017000 2.014000 2.014000 2.014000 2.014000 2.014000 2.014000 2.009000 2.006000 2.000000 2.000000 2.004000 2.004000 2.000000 2.000000 2.000000 1.995000 1.995000 1.995000 1.992000 1.989000 1.986000 0.000000 0.000000 0.000000 0.000000 0.000000 0.000000 0.000000 
0.000000 0.000000 0.000000 0.000000 0.000000 0.000000 0.000000 2.489000 2.030000 2.024000 2.018000 2.018000 2.018000 2.018000 2.018000 2.014000 2.014000 2.014000 2.012000 2.009000 2.004000 2.004000 2.009000 2.004000 2.000000 2.000000 2.000000 1.996000 1.995000 1.991000 1.991000 1.989000 1.982000 0.000000 0.000000 0.000000 0.000000 0.000000 0.000000 0.000000 
0.000000 0.000000 0.000000 0.000000 0.000000 0.000000 0.000000 2.470000 2.028000 2.023000 2.023000 2.022000 2.018000 2.014000 2.014000 2.014000 2.009000 2.009000 2.009000 2.009000 2.004000 2.004000 2.009000 2.005000 2.003000 2.002000 2.000000 2.000000 1.996000 1.994000 1.991000 1.986000 1.991000 0.000000 0.000000 0.000000 0.000000 0.000000 0.000000 0.000000 
0.000000 0.000000 0.000000 0.000000 0.000000 0.000000 0.000000 2.464000 2.075000 2.025000 2.023000 2.022000 2.018000 2.014000 2.014000 2.014000 2.009000 2.009000 2.009000 2.009000 2.009000 2.007000 2.009000 2.009000 2.004000 2.004000 2.000000 2.000000 2.000000 1.995000 1.993000 1.991000 1.995000 0.000000 0.000000 0.000000 0.000000 0.000000 0.000000 0.000000 
0.000000 0.000000 0.000000 0.000000 0.000000 0.000000 0.000000 2.913000 2.027000 2.018000 2.023000 2.023000 2.023000 2.023000 2.017000 2.014000 2.012000 2.010000 2.012000 2.009000 2.009000 2.009000 2.009000 2.009000 2.004000 2.004000 2.001000 2.000000 2.000000 1.995000 1.995000 1.995000 1.995000 0.000000 0.000000 0.000000 0.000000 0.000000 0.000000 0.000000 
0.000000 0.000000 0.000000 0.000000 0.000000 0.000000 0.000000 2.117000 2.031000 2.026000 2.023000 2.022000 2.019000 2.019000 2.018000 2.017000 2.014000 2.014000 2.010000 2.009000 2.009000 2.009000 2.009000 2.009000 2.008000 2.006000 2.004000 2.000000 2.000000 1.995000 1.995000 1.995000 1.999000 0.000000 0.000000 0.000000 0.000000 0.000000 0.000000 0.000000 
0.000000 0.000000 0.000000 0.000000 0.000000 0.000000 0.000000 2.892000 2.032000 2.027000 2.027000 2.023000 2.018000 2.018000 2.018000 2.018000 2.014000 2.014000 2.009000 2.009000 2.009000 2.009000 2.013000 2.009000 2.003000 2.002000 2.002000 2.000000 2.000000 1.995000 1.995000 1.995000 1.996000 0.000000 0.000000 0.000000 0.000000 0.000000 0.000000 0.000000 
0.000000 0.000000 0.000000 0.000000 0.000000 0.000000 0.000000 2.874000 2.021000 2.028000 2.027000 2.023000 2.018000 2.018000 2.018000 2.015000 2.014000 2.014000 2.009000 2.014000 2.009000 2.009000 2.014000 2.009000 2.004000 2.000000 2.000000 2.000000 2.000000 1.995000 1.995000 1.995000 1.991000 0.000000 0.000000 0.000000 0.000000 0.000000 0.000000 0.000000 
0.000000 0.000000 0.000000 0.000000 0.000000 0.000000 0.000000 0.000000 2.484000 2.032000 2.031000 2.035000 2.084000 2.084000 2.089000 2.024000 2.014000 2.018000 2.017000 2.094000 2.036000 2.009000 2.014000 2.010000 2.006000 2.004000 2.000000 2.000000 2.000000 2.428000 1.996000 1.995000 2.261000 0.000000 0.000000 0.000000 0.000000 0.000000 0.000000 0.000000 
0.000000 0.000000 0.000000 0.000000 0.000000 0.000000 0.000000 0.000000 0.000000 2.147000 2.161000 2.330000 2.328000 2.323000 2.329000 2.333000 2.145000 2.029000 2.159000 2.394000 2.379000 2.375000 0.000000 2.025000 0.000000 0.000000 0.000000 0.000000 0.000000 0.000000 0.000000 0.000000 0.000000 0.000000 0.000000 0.000000 0.000000 0.000000 0.000000 0.000000 
0.000000 0.000000 0.000000 0.000000 0.000000 0.000000 0.000000 2.676000 2.334000 2.331000 2.326000 2.323000 2.323000 2.325000 2.248000 2.216000 2.222000 2.032000 2.027000 2.244000 2.236000 2.135000 2.118000 2.027000 2.018000 1.412000 0.000000 0.000000 0.000000 0.000000 0.000000 0.000000 0.000000 0.000000 0.000000 0.000000 0.000000 0.000000 0.000000 0.000000 
0.000000 0.000000 0.000000 0.000000 0.000000 0.000000 0.000000 2.318000 2.316000 2.311000 2.318000 2.323000 2.330000 2.339000 2.126000 2.109000 2.100000 2.032000 2.027000 2.107000 2.098000 2.095000 2.102000 2.029000 2.031000 2.081000 2.445000 0.000000 0.000000 0.000000 0.000000 0.000000 0.000000 0.000000 0.000000 0.000000 0.000000 0.000000 0.000000 0.000000 
0.000000 0.000000 0.000000 0.000000 0.000000 0.000000 0.000000 2.309000 2.309000 2.309000 2.317000 2.342000 2.346000 2.360000 2.088000 2.074000 2.073000 2.049000 2.051000 2.078000 2.077000 2.074000 2.067000 2.037000 2.044000 2.072000 2.068000 2.067000 0.000000 0.000000 0.000000 0.000000 0.000000 0.000000 0.000000 0.000000 0.000000 0.000000 0.000000 0.000000 
0.000000 0.000000 0.000000 0.000000 0.000000 0.000000 0.000000 2.309000 2.314000 2.323000 2.339000 2.360000 2.360000 2.364000 2.140000 2.047000 2.047000 2.042000 2.043000 2.060000 2.052000 2.051000 2.056000 2.036000 2.035000 2.051000 2.047000 2.060000 0.000000 0.000000 0.000000 0.000000 0.000000 0.000000 0.000000 0.000000 0.000000 0.000000 0.000000 0.000000 
0.000000 0.000000 0.000000 0.000000 0.000000 0.000000 0.000000 2.314000 2.331000 2.346000 2.350000 2.351000 2.345000 2.319000 2.026000 2.025000 2.025000 2.026000 2.021000 2.021000 2.013000 2.009000 2.014000 2.019000 2.012000 2.029000 2.029000 2.029000 0.000000 0.000000 0.000000 0.000000 0.000000 0.000000 0.000000 0.000000 0.000000 0.000000 0.000000 0.000000 
0.000000 0.000000 0.000000 0.000000 0.000000 0.000000 0.000000 2.339000 2.350000 2.348000 2.370000 2.370000 2.367000 2.083000 2.021000 2.014000 2.014000 2.009000 2.009000 2.009000 2.007000 2.001000 2.004000 2.003000 1.998000 1.995000 2.002000 2.003000 0.000000 0.000000 0.000000 0.000000 0.000000 0.000000 0.000000 0.000000 0.000000 0.000000 0.000000 0.000000 
