0.000000,0.000000,0.000000,0.000000,0.000000,0.000000,0.000000,0.000000,0.000000,0.000000,0.000000,0.000000,0.000000,0.000000,0.000000,0.000000,0.000000,0.000000,0.000000,0.000000,0.000000,0.000000,0.000000,0.000000,0.000000,0.000000,0.000000,0.000000,0.000000,0.000000,0.000000,0.000000,0.000000,0.000000,0.000000,0.000000,0.000000,0.000000,0.000000,0.000000,
0.000000,0.000000,0.000000,0.000000,0.000000,0.000000,0.000000,0.000000,0.000000,0.000000,0.000000,0.000000,0.000000,0.000000,0.000000,0.000000,0.000000,0.000000,0.000000,0.000000,0.000000,0.000000,0.000000,0.000000,0.000000,0.000000,0.000000,0.000000,0.000000,0.000000,0.000000,0.000000,0.000000,0.000000,0.000000,0.000000,0.000000,0.000000,0.000000,0.000000,
0.000000,0.000000,0.000000,0.000000,0.000000,0.000000,0.000000,0.000000,0.000000,0.000000,0.000000,2.839000,2.150000,2.107000,2.095000,2.064000,2.014000,1.973000,1.969000,1.975000,1.978000,1.979000,1.981000,1.973000,1.969000,1.981000,1.978000,1.980000,2.799000,0.000000,0.000000,0.000000,0.000000,0.000000,0.000000,0.000000,0.000000,0.000000,0.000000,0.000000,
0.000000,0.000000,0.000000,0.000000,0.000000,0.000000,0.000000,0.000000,0.000000,0.000000,0.000000,2.168000,2.153000,2.114000,2.081000,2.055000,2.005000,1.979000,1.975000,1.975000,1.975000,1.975000,1.975000,1.976000,1.976000,1.981000,1.981000,1.981000,1.981000,0.000000,0.000000,0.000000,0.000000,0.000000,0.000000,0.000000,0.000000,0.000000,0.000000,0.000000,
0.000000,0.000000,0.000000,0.000000,0.000000,0.000000,0.000000,0.000000,0.000000,0.000000,0.000000,2.169000,2.157000,2.120000,2.081000,2.055000,2.005000,1.983000,1.975000,1.975000,1.975000,1.975000,1.979000,1.981000,1.981000,1.981000,1.987000,1.982000,1.982000,0.000000,0.000000,0.000000,0.000000,0.000000,0.000000,0.000000,0.000000,0.000000,0.000000,0.000000,
0.000000,0.000000,0.000000,0.000000,0.000000,0.000000,0.000000,0.000000,0.000000,0.000000,0.000000,2.175000,2.162000,2.120000,2.087000,2.055000,2.002000,1.985000,1.975000,1.975000,1.981000,1.981000,1.981000,1.981000,1.981000,1.981000,1.993000,1.994000,1.994000,0.000000,0.000000,0.000000,0.000000,0.000000,0.000000,0.000000,0.000000,0.000000,0.000000,0.000000,
0.000000,0.000000,0.000000,0.000000,0.000000,0.000000,0.000000,0.000000,0.000000,0.000000,0.000000,2.180000,2.156000,2.120000,2.081000,2.061000,2.007000,1.985000,1.975000,1.975000,1.977000,1.981000,1.981000,1.981000,1.981000,1.981000,1.993000,1.994000,1.996000,0.000000,0.000000,0.000000,0.000000,0.000000,0.000000,0.000000,0.000000,0.000000,0.000000,0.000000,
0.000000,0.000000,0.000000,0.000000,0.000000,0.000000,0.000000,0.000000,0.000000,0.000000,0.000000,2.175000,2.156000,2.128000,2.082000,2.058000,2.014000,1.985000,1.975000,1.975000,1.975000,1.978000,1.981000,1.981000,1.982000,1.988000,1.993000,1.994000,1.997000,0.000000,0.000000,0.000000,0.000000,0.000000,0.000000,0.000000,0.000000,0.000000,0.000000,0.000000,
0.000000,0.000000,0.000000,0.000000,0.000000,0.000000,0.000000,0.000000,0.000000,0.000000,0.000000,2.177000,2.156000,2.135000,2.089000,2.055000,2.014000,1.989000,1.977000,1.975000,1.975000,1.975000,1.981000,1.981000,1.983000,1.994000,1.994000,1.994000,2.000000,0.000000,0.000000,0.000000,0.000000,0.000000,0.000000,0.000000,0.000000,0.000000,0.000000,0.000000,
0.000000,0.000000,0.000000,0.000000,0.000000,0.000000,0.000000,0.000000,0.000000,0.000000,0.000000,2.177000,2.159000,2.136000,2.103000,2.055000,2.017000,1.990000,1.980000,1.977000,1.981000,1.981000,1.982000,1.985000,1.988000,1.995000,1.994000,1.998000,2.346000,0.000000,0.000000,0.000000,0.000000,0.000000,0.000000,0.000000,0.000000,0.000000,0.000000,0.000000,
0.000000,0.000000,0.000000,0.000000,0.000000,0.000000,0.000000,0.000000,0.000000,0.000000,0.000000,2.183000,2.164000,2.137000,2.103000,2.061000,2.027000,1.995000,1.981000,1.981000,1.982000,1.982000,1.985000,1.988000,1.994000,2.000000,1.994000,2.000000,0.000000,0.000000,0.000000,0.000000,0.000000,0.000000,0.000000,0.000000,0.000000,0.000000,0.000000,0.000000,
0.000000,0.000000,0.000000,0.000000,0.000000,0.000000,0.000000,0.000000,0.000000,0.000000,0.000000,2.183000,2.166000,2.144000,2.103000,2.062000,2.024000,1.995000,1.981000,1.981000,1.987000,1.988000,1.991000,1.994000,2.000000,2.000000,2.000000,2.000000,0.000000,0.000000,0.000000,0.000000,0.000000,0.000000,0.000000,0.000000,0.000000,0.000000,0.000000,0.000000,
0.000000,0.000000,0.000000,0.000000,0.000000,0.000000,0.000000,0.000000,0.000000,0.000000,0.000000,2.183000,2.166000,2.143000,2.109000,2.074000,2.028000,1.995000,1.981000,1.981000,1.987000,1.988000,1.989000,1.991000,1.997000,2.000000,2.000000,1.996000,0.000000,0.000000,0.000000,0.000000,0.000000,0.000000,0.000000,0.000000,0.000000,0.000000,0.000000,0.000000,
0.000000,0.000000,0.000000,0.000000,0.000000,0.000000,0.000000,0.000000,0.000000,0.000000,0.000000,2.183000,2.169000,2.143000,2.109000,2.070000,2.032000,1.999000,1.981000,1.981000,1.987000,1.988000,1.991000,1.992000,1.994000,2.000000,2.000000,1.994000,2.000000,0.000000,0.000000,0.000000,0.000000,0.000000,0.000000,0.000000,0.000000,0.000000,0.000000,0.000000,
0.000000,0.000000,0.000000,0.000000,0.000000,0.000000,0.000000,0.000000,0.000000,0.000000,0.000000,2.183000,2.171000,2.136000,2.109000,2.069000,2.032000,2.000000,1.981000,1.981000,1.987000,1.988000,1.994000,1.994000,2.000000,2.000000,2.002000,2.000000,2.006000,0.000000,0.000000,0.000000,0.000000,0.000000,0.000000,0.000000,0.000000,0.000000,0.000000,0.000000,
0.000000,0.000000,0.000000,0.000000,0.000000,0.000000,0.000000,0.000000,0.000000,0.000000,0.000000,2.191000,2.177000,2.143000,2.109000,2.073000,2.028000,2.006000,1.988000,1.988000,1.988000,1.994000,1.994000,2.000000,2.000000,2.000000,2.000000,2.006000,2.006000,0.000000,0.000000,0.000000,0.000000,0.000000,0.000000,0.000000,0.000000,0.000000,0.000000,0.000000,
0.000000,0.000000,0.000000,0.000000,0.000000,0.000000,0.000000,0.000000,0.000000,0.000000,0.000000,2.199000,2.180000,2.143000,2.110000,2.083000,2.035000,2.011000,1.988000,1.988000,1.988000,1.994000,1.998000,2.000000,2.000000,2.000000,2.000000,2.006000,2.006000,0.000000,0.000000,0.000000,0.000000,0.000000,0.000000,0.000000,0.000000,0.000000,0.000000,0.000000,
0.000000,0.000000,0.000000,0.000000,0.000000,0.000000,0.000000,0.000000,0.000000,0.000000,0.000000,2.203000,2.187000,2.149000,2.116000,2.071000,2.033000,2.010000,1.999000,1.999000,1.994000,1.994000,2.000000,2.002000,2.004000,2.000000,2.000000,2.006000,2.006000,0.000000,0.000000,0.000000,0.000000,0.000000,0.000000,0.000000,0.000000,0.000000,0.000000,0.000000,
0.000000,0.000000,0.000000,0.000000,0.000000,0.000000,0.000000,0.000000,0.000000,0.000000,0.000000,2.204000,2.187000,2.150000,2.116000,2.070000,2.038000,2.010000,2.000000,2.000000,2.000000,2.000000,2.000000,2.000000,2.001000,2.006000,2.006000,2.011000,2.011000,0.000000,0.000000,0.000000,0.000000,0.000000,0.000000,0.000000,0.000000,0.000000,0.000000,0.000000,
0.000000,0.000000,0.000000,0.000000,0.000000,0.000000,0.000000,0.000000,0.000000,0.000000,0.000000,2.199000,2.193000,2.150000,2.116000,2.072000,2.038000,2.014000,2.002000,2.000000,2.000000,2.000000,2.000000,2.003000,2.004000,2.006000,2.013000,2.013000,2.013000,0.000000,0.000000,0.000000,0.000000,0.000000,0.000000,0.000000,0.000000,0.000000,0.000000,0.000000,
0.000000,0.000000,0.000000,0.000000,0.000000,0.000000,0.000000,0.000000,0.000000,0.000000,0.000000,2.207000,2.187000,2.161000,2.117000,2.070000,2.038000,2.014000,2.000000,2.000000,2.000000,2.000000,2.000000,2.006000,2.006000,2.006000,2.013000,2.013000,2.013000,0.000000,0.000000,0.000000,0.000000,0.000000,0.000000,0.000000,0.000000,0.000000,0.000000,0.000000,
0.000000,0.000000,0.000000,0.000000,0.000000,0.000000,0.000000,0.000000,0.000000,0.000000,0.000000,2.217000,2.193000,2.157000,2.117000,2.070000,2.038000,2.014000,2.001000,2.002000,2.002000,2.000000,2.003000,2.006000,2.006000,2.006000,2.012000,2.014000,2.014000,0.000000,0.000000,0.000000,0.000000,0.000000,0.000000,0.000000,0.000000,0.000000,0.000000,0.000000,
0.000000,0.000000,0.000000,0.000000,0.000000,0.000000,0.000000,0.000000,0.000000,0.000000,0.000000,2.222000,2.193000,2.151000,2.117000,2.070000,2.038000,2.014000,2.000000,2.006000,2.006000,2.006000,2.006000,2.006000,2.006000,2.007000,2.013000,2.019000,2.019000,0.000000,0.000000,0.000000,0.000000,0.000000,0.000000,0.000000,0.000000,0.000000,0.000000,0.000000,
0.000000,0.000000,0.000000,0.000000,0.000000,0.000000,0.000000,0.000000,0.000000,0.000000,0.000000,2.209000,2.188000,2.159000,2.124000,2.070000,2.040000,2.014000,2.005000,2.006000,2.006000,2.006000,2.006000,2.006000,2.007000,2.013000,2.018000,2.019000,0.000000,0.000000,0.000000,0.000000,0.000000,0.000000,0.000000,0.000000,0.000000,0.000000,0.000000,0.000000,
0.000000,0.000000,0.000000,0.000000,0.000000,0.000000,0.000000,0.000000,0.000000,0.000000,0.000000,2.217000,2.191000,2.164000,2.124000,2.079000,2.047000,2.018000,2.006000,2.006000,2.006000,2.006000,2.010000,2.017000,2.018000,2.019000,2.023000,2.019000,2.025000,0.000000,0.000000,0.000000,0.000000,0.000000,0.000000,0.000000,0.000000,0.000000,0.000000,0.000000,
0.000000,0.000000,0.000000,0.000000,0.000000,0.000000,0.000000,0.000000,0.000000,0.000000,0.000000,2.223000,2.197000,2.167000,2.138000,2.084000,2.053000,2.020000,2.006000,2.006000,2.006000,2.006000,2.010000,2.017000,2.019000,2.019000,2.024000,2.022000,2.689000,0.000000,0.000000,0.000000,0.000000,0.000000,0.000000,0.000000,0.000000,0.000000,0.000000,0.000000,
0.000000,0.000000,0.000000,0.000000,0.000000,0.000000,0.000000,0.000000,0.000000,0.000000,0.000000,0.000000,2.208000,2.167000,2.136000,2.091000,2.054000,2.022000,2.006000,2.006000,2.013000,2.013000,2.013000,2.015000,2.019000,2.021000,2.025000,2.025000,2.025000,0.000000,0.000000,0.000000,0.000000,0.000000,0.000000,0.000000,0.000000,0.000000,0.000000,0.000000,
0.000000,0.000000,0.000000,0.000000,0.000000,0.000000,0.000000,0.000000,0.000000,0.000000,0.000000,2.224000,2.202000,2.168000,2.133000,2.083000,2.055000,2.027000,2.013000,2.013000,2.013000,2.013000,2.013000,2.019000,2.020000,2.025000,2.025000,2.025000,2.025000,0.000000,0.000000,0.000000,0.000000,0.000000,0.000000,0.000000,0.000000,0.000000,0.000000,0.000000,
0.000000,0.000000,0.000000,0.000000,0.000000,0.000000,0.000000,0.000000,0.000000,0.000000,0.000000,2.224000,2.205000,2.174000,2.146000,2.083000,2.055000,2.027000,2.018000,2.013000,2.013000,2.013000,2.019000,2.019000,2.025000,2.025000,2.025000,2.025000,2.032000,0.000000,0.000000,0.000000,0.000000,0.000000,0.000000,0.000000,0.000000,0.000000,0.000000,0.000000,
0.000000,0.000000,0.000000,0.000000,0.000000,0.000000,0.000000,0.000000,0.000000,0.000000,0.000000,2.234000,2.213000,2.181000,2.152000,2.083000,2.061000,2.029000,2.019000,2.013000,2.018000,2.018000,2.022000,2.025000,2.025000,2.025000,2.025000,2.025000,2.026000,0.000000,0.000000,0.000000,0.000000,0.000000,0.000000,0.000000,0.000000,0.000000,0.000000,0.000000,
0.000000,0.000000,0.000000,0.000000,0.000000,0.000000,0.000000,0.000000,0.000000,0.000000,0.000000,2.245000,2.224000,2.174000,2.153000,2.099000,2.069000,2.042000,2.022000,2.019000,2.019000,2.023000,2.024000,2.025000,2.025000,2.025000,2.025000,2.030000,2.030000,0.000000,0.000000,0.000000,0.000000,0.000000,0.000000,0.000000,0.000000,0.000000,0.000000,0.000000,
0.000000,0.000000,0.000000,0.000000,0.000000,0.000000,0.000000,0.000000,0.000000,0.000000,0.000000,2.895000,2.226000,2.186000,2.147000,2.099000,2.068000,2.044000,2.024000,2.019000,2.022000,2.025000,2.025000,2.027000,2.025000,2.025000,2.028000,2.032000,2.035000,0.000000,0.000000,0.000000,0.000000,0.000000,0.000000,0.000000,0.000000,0.000000,0.000000,0.000000,
0.000000,0.000000,0.000000,0.000000,0.000000,0.000000,0.000000,0.000000,0.000000,0.000000,0.000000,0.000000,2.206000,2.188000,2.155000,2.099000,2.068000,2.044000,2.025000,2.025000,2.025000,2.025000,2.028000,2.032000,2.032000,2.032000,2.035000,2.033000,2.032000,0.000000,0.000000,0.000000,0.000000,0.000000,0.000000,0.000000,0.000000,0.000000,0.000000,0.000000,
0.000000,0.000000,0.000000,0.000000,0.000000,0.000000,0.000000,0.000000,0.000000,0.000000,0.000000,0.000000,2.551000,2.182000,2.153000,2.105000,2.069000,2.040000,2.031000,2.026000,2.025000,2.025000,2.032000,2.032000,2.034000,2.039000,2.039000,2.035000,2.033000,0.000000,0.000000,0.000000,0.000000,0.000000,0.000000,0.000000,0.000000,0.000000,0.000000,0.000000,
0.000000,0.000000,0.000000,0.000000,0.000000,0.000000,0.000000,0.000000,0.000000,0.000000,0.000000,2.569000,2.589000,2.589000,2.200000,2.109000,2.071000,2.043000,2.032000,2.031000,2.025000,2.025000,2.032000,2.032000,2.039000,2.040000,2.045000,2.039000,0.000000,0.000000,0.000000,0.000000,0.000000,0.000000,0.000000,0.000000,0.000000,0.000000,0.000000,0.000000,
0.000000,0.000000,0.000000,0.000000,0.000000,0.000000,0.000000,0.000000,0.000000,0.000000,0.000000,2.575000,2.589000,2.578000,2.578000,2.201000,2.075000,2.043000,2.032000,2.031000,2.025000,2.025000,2.029000,2.034000,2.040000,2.045000,2.045000,2.045000,2.052000,0.000000,0.000000,0.000000,0.000000,0.000000,0.000000,0.000000,0.000000,0.000000,0.000000,0.000000,
0.000000,0.000000,0.000000,0.000000,0.000000,0.000000,0.000000,0.000000,0.000000,0.000000,0.000000,2.590000,2.589000,2.576000,2.568000,2.462000,2.083000,2.048000,2.032000,2.032000,2.030000,2.028000,2.030000,2.035000,2.045000,2.045000,2.045000,2.045000,0.000000,0.000000,0.000000,0.000000,0.000000,0.000000,0.000000,0.000000,0.000000,0.000000,0.000000,0.000000,
0.000000,0.000000,0.000000,0.000000,0.000000,0.000000,0.000000,0.000000,0.000000,0.000000,0.000000,0.000000,0.000000,0.000000,0.000000,0.000000,0.000000,0.000000,0.000000,0.000000,0.000000,0.000000,0.000000,0.000000,0.000000,0.000000,0.000000,0.000000,0.000000,0.000000,0.000000,0.000000,0.000000,0.000000,0.000000,0.000000,0.000000,0.000000,0.000000,0.000000,
0.000000,0.000000,0.000000,0.000000,0.000000,0.000000,0.000000,0.000000,0.000000,0.000000,0.000000,0.000000,0.000000,0.000000,0.000000,0.000000,0.000000,0.000000,0.000000,0.000000,0.000000,0.000000,0.000000,0.000000,0.000000,0.000000,0.000000,0.000000,0.000000,0.000000,0.000000,0.000000,0.000000,0.000000,0.000000,0.000000,0.000000,0.000000,0.000000,0.000000,
0.000000,0.000000,0.000000,0.000000,0.000000,0.000000,0.000000,0.000000,0.000000,0.000000,0.000000,0.000000,0.000000,0.000000,0.000000,0.000000,0.000000,0.000000,0.000000,0.000000,0.000000,0.000000,0.000000,0.000000,0.000000,0.000000,0.000000,0.000000,0.000000,0.000000,0.000000,0.000000,0.000000,0.000000,0.000000,0.000000,0.000000,0.000000,0.000000,0.000000,
