0.000000,0.000000,0.000000,0.000000,0.000000,0.000000,0.000000,0.000000,0.000000,0.000000,0.000000,0.000000,0.000000,0.000000,0.000000,0.000000,0.000000,0.000000,0.000000,0.000000,0.000000,0.000000,0.000000,0.000000,0.000000,0.000000,0.000000,0.000000,0.000000,0.000000,0.000000,0.000000,0.000000,0.000000,0.000000,0.000000,0.000000,0.000000,0.000000,0.000000,
0.000000,0.000000,0.000000,0.000000,0.000000,0.000000,0.000000,0.000000,0.000000,0.000000,0.000000,0.000000,0.000000,0.000000,0.000000,0.000000,0.000000,0.000000,0.000000,0.000000,0.000000,0.000000,0.000000,0.000000,0.000000,0.000000,0.000000,0.000000,0.000000,0.000000,0.000000,0.000000,0.000000,0.000000,0.000000,0.000000,0.000000,0.000000,0.000000,0.000000,
0.000000,0.000000,0.000000,0.000000,0.000000,0.000000,0.000000,0.000000,0.000000,0.000000,0.000000,0.000000,0.000000,0.000000,0.000000,0.000000,0.000000,0.000000,0.000000,0.000000,0.000000,0.000000,0.000000,0.000000,0.000000,0.000000,0.000000,0.000000,0.000000,0.000000,0.000000,0.000000,0.000000,0.000000,0.000000,0.000000,0.000000,0.000000,0.000000,0.000000,
0.000000,0.000000,0.000000,0.000000,0.000000,0.000000,0.000000,0.000000,0.000000,0.000000,0.000000,0.000000,0.000000,0.000000,0.000000,0.000000,0.000000,0.000000,0.000000,0.000000,0.000000,0.000000,0.000000,0.000000,0.000000,0.000000,0.000000,0.000000,0.000000,0.000000,0.000000,0.000000,0.000000,0.000000,0.000000,0.000000,0.000000,0.000000,0.000000,0.000000,
0.000000,0.000000,0.000000,0.000000,0.000000,0.000000,0.000000,0.000000,0.000000,0.000000,0.000000,0.000000,0.000000,0.000000,0.000000,0.000000,0.000000,0.000000,0.000000,0.000000,0.000000,0.000000,0.000000,0.000000,0.000000,0.000000,0.000000,0.000000,0.000000,0.000000,0.000000,0.000000,0.000000,0.000000,0.000000,0.000000,0.000000,0.000000,0.000000,0.000000,
0.000000,0.000000,0.000000,0.000000,0.000000,0.000000,0.000000,0.000000,0.000000,0.000000,0.000000,0.000000,0.000000,0.000000,0.000000,0.000000,0.000000,0.000000,0.000000,0.000000,0.000000,0.000000,0.000000,0.000000,0.000000,0.000000,0.000000,0.000000,0.000000,0.000000,0.000000,0.000000,0.000000,0.000000,0.000000,0.000000,0.000000,0.000000,0.000000,0.000000,
0.000000,0.000000,0.000000,0.000000,0.000000,0.000000,0.000000,0.000000,0.000000,0.000000,0.000000,0.000000,0.000000,0.000000,0.000000,0.000000,0.000000,0.000000,0.000000,0.000000,0.000000,0.000000,0.000000,0.000000,0.000000,0.000000,0.000000,0.000000,0.000000,0.000000,0.000000,0.000000,0.000000,0.000000,0.000000,0.000000,0.000000,0.000000,0.000000,0.000000,
0.000000,0.000000,0.000000,0.000000,0.000000,0.000000,0.000000,0.000000,0.000000,0.000000,0.000000,0.000000,0.000000,0.000000,0.000000,0.000000,0.000000,0.000000,0.000000,0.000000,0.000000,0.000000,0.000000,0.000000,0.000000,0.000000,0.000000,0.000000,0.000000,0.000000,0.000000,0.000000,0.000000,0.000000,0.000000,0.000000,0.000000,0.000000,0.000000,0.000000,
0.000000,0.000000,0.000000,0.000000,0.000000,0.000000,0.000000,0.000000,0.000000,0.000000,0.000000,0.000000,0.000000,0.000000,0.000000,0.000000,0.000000,0.000000,0.000000,0.000000,0.000000,0.000000,0.000000,0.000000,0.000000,0.000000,0.000000,0.000000,0.000000,0.000000,0.000000,0.000000,0.000000,0.000000,0.000000,0.000000,0.000000,0.000000,0.000000,0.000000,
0.000000,0.000000,0.000000,0.000000,0.000000,0.000000,0.000000,0.000000,0.000000,0.000000,0.000000,0.000000,0.000000,0.000000,0.000000,0.000000,0.000000,0.000000,0.000000,0.000000,0.000000,0.000000,0.000000,0.000000,0.000000,0.000000,0.000000,0.000000,0.000000,0.000000,0.000000,0.000000,0.000000,0.000000,0.000000,0.000000,0.000000,0.000000,0.000000,0.000000,
0.000000,0.000000,0.000000,2.171000,2.171000,2.175000,2.180000,2.175000,2.180000,2.181000,2.177000,2.180000,2.180000,2.180000,2.181000,2.184000,2.447000,0.000000,0.000000,0.000000,2.195000,2.766000,0.000000,0.000000,0.000000,0.000000,0.000000,0.000000,0.000000,0.000000,0.000000,0.000000,0.000000,0.000000,0.000000,0.000000,0.000000,0.000000,0.000000,0.000000,
0.000000,0.000000,0.000000,2.152000,2.155000,2.152000,2.151000,2.151000,2.157000,2.161000,2.158000,2.161000,2.168000,2.166000,2.170000,2.174000,2.174000,2.177000,2.174000,2.170000,2.175000,2.180000,2.180000,2.180000,2.174000,2.174000,2.176000,2.179000,2.177000,2.179000,2.431000,2.190000,0.000000,0.000000,0.000000,0.000000,0.000000,0.000000,0.000000,0.000000,
0.000000,0.000000,2.128000,2.125000,2.130000,2.130000,2.131000,2.132000,2.144000,2.148000,2.145000,2.145000,2.148000,2.140000,2.145000,2.146000,2.151000,2.151000,2.152000,2.154000,2.154000,2.155000,2.158000,2.157000,2.157000,2.157000,2.161000,2.167000,2.167000,2.172000,2.173000,2.173000,2.176000,2.174000,2.170000,0.000000,0.000000,0.000000,0.000000,0.000000,
0.000000,0.000000,2.103000,2.104000,2.110000,2.107000,2.105000,2.107000,2.107000,2.111000,2.113000,2.113000,2.121000,2.113000,2.113000,2.119000,2.121000,2.122000,2.127000,2.137000,2.135000,2.134000,2.131000,2.134000,2.142000,2.142000,2.142000,2.143000,2.144000,2.150000,2.150000,2.148000,2.148000,2.150000,2.154000,2.228000,0.000000,0.000000,0.000000,0.000000,
0.000000,0.000000,2.083000,2.082000,2.089000,2.090000,2.090000,2.094000,2.095000,2.100000,2.095000,2.095000,2.103000,2.103000,2.100000,2.101000,2.101000,2.105000,2.105000,2.105000,2.109000,2.113000,2.110000,2.108000,2.111000,2.114000,2.113000,2.115000,2.114000,2.119000,2.120000,2.127000,2.129000,2.131000,2.131000,2.210000,0.000000,0.000000,0.000000,0.000000,
0.000000,0.000000,2.052000,2.050000,2.052000,2.050000,2.049000,2.057000,2.059000,2.064000,2.072000,2.070000,2.079000,2.080000,2.083000,2.083000,2.083000,2.089000,2.089000,2.089000,2.089000,2.090000,2.097000,2.094000,2.094000,2.097000,2.099000,2.099000,2.096000,2.098000,2.099000,2.101000,2.102000,2.116000,2.117000,2.191000,0.000000,0.000000,0.000000,0.000000,
0.000000,1.185000,2.022000,2.034000,2.038000,2.038000,2.038000,2.038000,2.042000,2.044000,2.048000,2.048000,2.042000,2.045000,2.051000,2.058000,2.060000,2.059000,2.062000,2.067000,2.066000,2.066000,2.064000,2.062000,2.067000,2.067000,2.070000,2.075000,2.077000,2.081000,2.084000,2.083000,2.083000,2.088000,2.094000,2.180000,0.000000,1.650000,0.000000,0.000000,
0.000000,1.485000,2.006000,2.009000,2.012000,2.013000,2.016000,2.021000,2.023000,2.023000,2.024000,2.028000,2.027000,2.027000,2.028000,2.038000,2.038000,2.040000,2.040000,2.040000,2.041000,2.051000,2.051000,2.043000,2.048000,2.054000,2.054000,2.055000,2.055000,2.060000,2.060000,2.060000,2.061000,2.066000,2.067000,2.033000,0.000000,0.000000,0.000000,0.000000,
0.000000,0.000000,1.996000,1.996000,1.999000,2.001000,2.001000,2.005000,2.006000,2.006000,2.006000,2.006000,2.011000,2.017000,2.017000,2.017000,2.017000,2.018000,2.022000,2.022000,2.022000,2.022000,2.025000,2.022000,2.025000,2.025000,2.033000,2.038000,2.038000,2.038000,2.043000,2.043000,2.047000,2.048000,2.048000,2.054000,0.000000,0.000000,0.000000,0.000000,
0.000000,1.897000,1.995000,1.995000,1.995000,1.995000,1.995000,1.995000,1.995000,1.995000,2.000000,2.000000,2.000000,2.000000,2.000000,2.000000,2.000000,2.000000,2.002000,2.001000,2.001000,2.003000,2.004000,2.001000,2.005000,2.006000,2.010000,2.011000,2.011000,2.011000,2.017000,2.022000,2.026000,2.027000,2.032000,2.032000,0.000000,0.000000,0.000000,0.000000,
0.000000,2.000000,1.995000,1.995000,1.995000,1.998000,1.995000,1.995000,1.995000,1.995000,2.000000,2.000000,2.000000,2.000000,1.995000,1.996000,2.000000,2.000000,2.000000,2.000000,1.998000,1.997000,1.998000,1.995000,1.995000,1.995000,1.995000,1.998000,2.000000,2.000000,2.000000,2.001000,2.005000,2.005000,2.005000,2.010000,1.963000,1.968000,0.000000,0.000000,
0.000000,1.378000,1.995000,1.995000,2.000000,2.000000,2.000000,2.000000,2.000000,2.000000,2.005000,2.000000,2.000000,2.000000,2.000000,2.000000,2.000000,2.000000,2.001000,2.003000,2.000000,2.000000,1.998000,1.995000,1.995000,1.995000,1.995000,2.000000,1.995000,1.999000,2.000000,1.996000,1.995000,2.000000,2.005000,2.005000,2.005000,2.010000,0.000000,0.000000,
0.000000,2.005000,2.000000,2.000000,2.010000,2.007000,2.005000,2.005000,2.005000,2.009000,2.010000,2.010000,2.010000,2.006000,2.005000,2.006000,2.009000,2.005000,2.010000,2.010000,2.008000,2.005000,2.003000,2.000000,2.000000,2.000000,2.003000,2.005000,2.000000,2.005000,2.005000,2.001000,1.996000,2.000000,2.005000,2.005000,2.000000,1.936000,0.000000,0.000000,
0.000000,2.008000,2.009000,2.011000,2.016000,2.011000,2.011000,2.011000,2.011000,2.011000,2.016000,2.016000,2.016000,2.016000,2.011000,2.011000,2.016000,2.016000,2.016000,2.011000,2.011000,2.010000,2.005000,2.010000,2.008000,2.005000,2.005000,2.009000,2.005000,2.010000,2.010000,2.010000,2.005000,2.010000,2.010000,2.010000,0.000000,0.000000,0.000000,0.000000,
0.000000,2.021000,2.021000,2.021000,2.021000,2.021000,2.021000,2.017000,2.017000,2.017000,2.017000,2.017000,2.017000,2.017000,2.017000,2.017000,2.021000,2.021000,2.021000,2.021000,2.017000,2.016000,2.010000,2.013000,2.016000,2.011000,2.010000,2.010000,2.010000,2.015000,2.016000,2.012000,2.011000,2.011000,2.011000,2.010000,1.918000,0.000000,0.000000,0.000000,
0.000000,1.505000,2.024000,2.022000,2.022000,2.022000,2.023000,2.021000,2.021000,2.022000,2.022000,2.022000,2.022000,2.022000,2.022000,2.021000,2.022000,2.023000,2.026000,2.025000,2.021000,2.021000,2.016000,2.016000,2.016000,2.016000,2.016000,2.016000,2.016000,2.016000,2.017000,2.017000,2.016000,2.016000,2.017000,2.017000,1.924000,0.000000,0.000000,0.000000,
0.000000,2.026000,2.026000,2.026000,2.027000,2.031000,2.027000,2.027000,2.026000,2.026000,2.026000,2.027000,2.032000,2.031000,2.027000,2.028000,2.031000,2.031000,2.030000,2.027000,2.027000,2.027000,2.021000,2.021000,2.021000,2.021000,2.021000,2.021000,2.021000,2.021000,2.022000,2.022000,2.022000,2.022000,2.026000,2.026000,1.644000,0.000000,0.000000,0.000000,
0.000000,2.846000,2.026000,2.028000,2.031000,2.037000,2.033000,2.036000,2.033000,2.033000,2.033000,2.031000,2.037000,2.033000,2.033000,2.037000,2.037000,2.033000,2.033000,2.033000,2.037000,2.037000,2.027000,2.027000,2.027000,2.027000,2.027000,2.027000,2.027000,2.026000,2.027000,2.027000,2.027000,2.031000,2.031000,2.027000,0.000000,0.000000,0.000000,0.000000,
0.000000,0.000000,0.000000,2.962000,2.969000,2.960000,0.000000,2.037000,2.802000,2.986000,2.976000,2.956000,2.039000,2.039000,2.037000,2.037000,2.037000,2.037000,2.037000,2.039000,2.042000,2.037000,2.033000,2.033000,2.035000,2.037000,2.037000,2.031000,2.033000,2.036000,2.033000,2.033000,2.031000,2.037000,2.037000,2.033000,2.039000,0.000000,0.000000,0.000000,
0.000000,0.000000,0.000000,0.000000,0.000000,0.000000,0.000000,0.000000,0.000000,0.000000,0.000000,0.000000,0.000000,0.000000,0.000000,0.000000,0.000000,0.000000,0.000000,0.000000,0.000000,0.000000,0.000000,0.000000,0.000000,0.000000,2.037000,2.038000,2.787000,2.037000,2.037000,2.042000,2.039000,2.037000,2.037000,0.000000,0.000000,0.000000,0.000000,0.000000,
0.000000,0.000000,0.000000,0.000000,0.000000,0.000000,0.000000,0.000000,0.000000,0.000000,0.000000,0.000000,0.000000,0.000000,0.000000,0.000000,0.000000,0.000000,0.000000,0.000000,0.000000,0.000000,0.000000,0.000000,0.000000,0.000000,0.000000,0.000000,0.000000,0.000000,0.000000,0.000000,0.000000,0.000000,0.000000,0.000000,0.000000,0.000000,0.000000,0.000000,
0.000000,0.000000,0.000000,0.000000,0.000000,0.000000,0.000000,0.000000,0.000000,0.000000,0.000000,0.000000,0.000000,0.000000,0.000000,0.000000,0.000000,0.000000,0.000000,0.000000,0.000000,0.000000,0.000000,0.000000,0.000000,0.000000,0.000000,0.000000,0.000000,0.000000,0.000000,0.000000,0.000000,0.000000,0.000000,0.000000,0.000000,0.000000,0.000000,0.000000,
0.000000,0.000000,0.000000,0.000000,0.000000,0.000000,0.000000,0.000000,0.000000,0.000000,0.000000,0.000000,0.000000,0.000000,0.000000,0.000000,0.000000,0.000000,0.000000,0.000000,0.000000,0.000000,0.000000,0.000000,0.000000,0.000000,0.000000,0.000000,0.000000,0.000000,0.000000,0.000000,0.000000,0.000000,0.000000,0.000000,0.000000,0.000000,0.000000,0.000000,
0.000000,0.000000,0.000000,0.000000,0.000000,0.000000,0.000000,0.000000,0.000000,0.000000,0.000000,0.000000,0.000000,0.000000,0.000000,0.000000,0.000000,0.000000,0.000000,0.000000,0.000000,0.000000,0.000000,0.000000,0.000000,0.000000,0.000000,0.000000,0.000000,0.000000,0.000000,0.000000,0.000000,0.000000,0.000000,0.000000,0.000000,0.000000,0.000000,0.000000,
0.000000,0.000000,0.000000,0.000000,0.000000,0.000000,0.000000,0.000000,0.000000,0.000000,0.000000,0.000000,0.000000,0.000000,0.000000,0.000000,0.000000,0.000000,0.000000,0.000000,0.000000,0.000000,0.000000,0.000000,0.000000,0.000000,0.000000,0.000000,0.000000,0.000000,0.000000,0.000000,0.000000,0.000000,0.000000,0.000000,0.000000,0.000000,0.000000,0.000000,
0.000000,0.000000,0.000000,0.000000,0.000000,0.000000,0.000000,0.000000,0.000000,0.000000,0.000000,0.000000,0.000000,0.000000,0.000000,0.000000,0.000000,0.000000,0.000000,0.000000,0.000000,0.000000,0.000000,0.000000,0.000000,0.000000,0.000000,0.000000,0.000000,0.000000,0.000000,0.000000,0.000000,0.000000,0.000000,0.000000,0.000000,0.000000,0.000000,0.000000,
0.000000,0.000000,0.000000,0.000000,0.000000,0.000000,0.000000,0.000000,0.000000,0.000000,0.000000,0.000000,0.000000,0.000000,0.000000,0.000000,0.000000,0.000000,0.000000,0.000000,0.000000,0.000000,0.000000,0.000000,0.000000,0.000000,0.000000,0.000000,0.000000,0.000000,0.000000,0.000000,0.000000,0.000000,0.000000,0.000000,0.000000,0.000000,0.000000,0.000000,
0.000000,0.000000,0.000000,0.000000,0.000000,0.000000,0.000000,0.000000,0.000000,0.000000,0.000000,0.000000,0.000000,0.000000,0.000000,0.000000,0.000000,0.000000,0.000000,0.000000,0.000000,0.000000,0.000000,0.000000,0.000000,0.000000,0.000000,0.000000,0.000000,0.000000,0.000000,0.000000,0.000000,0.000000,0.000000,0.000000,0.000000,0.000000,0.000000,0.000000,
0.000000,0.000000,0.000000,0.000000,0.000000,0.000000,0.000000,0.000000,0.000000,0.000000,0.000000,0.000000,0.000000,0.000000,0.000000,0.000000,0.000000,0.000000,0.000000,0.000000,0.000000,0.000000,0.000000,0.000000,0.000000,0.000000,0.000000,0.000000,0.000000,0.000000,0.000000,0.000000,0.000000,0.000000,0.000000,0.000000,0.000000,0.000000,0.000000,0.000000,
0.000000,0.000000,0.000000,0.000000,0.000000,0.000000,0.000000,0.000000,0.000000,0.000000,0.000000,0.000000,0.000000,0.000000,0.000000,0.000000,0.000000,0.000000,0.000000,0.000000,0.000000,0.000000,0.000000,0.000000,0.000000,0.000000,0.000000,0.000000,0.000000,0.000000,0.000000,0.000000,0.000000,0.000000,0.000000,0.000000,0.000000,0.000000,0.000000,0.000000,
