40 40
0.000000 0.000000 0.000000 0.000000 0.000000 0.000000 0.000000 0.000000 0.000000 0.000000 0.000000 0.000000 0.000000 0.000000 0.000000 0.000000 0.000000 0.000000 0.000000 0.000000 0.000000 0.000000 0.000000 0.000000 0.000000 0.000000 0.000000 0.000000 0.000000 0.000000 0.000000 0.000000 0.000000 0.000000 0.000000 0.000000 0.000000 0.000000 0.000000 0.000000 
0.000000 0.000000 0.000000 0.000000 0.000000 0.000000 0.000000 0.000000 0.000000 0.000000 0.000000 0.000000 0.000000 0.000000 0.000000 0.000000 0.000000 0.000000 0.000000 0.000000 0.000000 0.000000 0.000000 0.000000 0.000000 0.000000 0.000000 0.000000 0.000000 0.000000 0.000000 0.000000 0.000000 0.000000 0.000000 0.000000 0.000000 0.000000 0.000000 0.000000 
0.000000 0.000000 0.000000 0.000000 0.000000 0.000000 0.000000 0.000000 0.000000 0.000000 0.000000 0.000000 0.000000 0.000000 0.000000 0.000000 0.000000 0.000000 0.000000 0.000000 0.000000 0.000000 0.000000 0.000000 0.000000 0.000000 0.000000 0.000000 0.000000 0.000000 0.000000 0.000000 0.000000 0.000000 0.000000 0.000000 0.000000 0.000000 0.000000 0.000000 
0.000000 0.000000 0.000000 0.000000 0.000000 0.000000 0.000000 0.000000 0.000000 0.000000 0.000000 0.000000 0.000000 0.000000 0.000000 0.000000 0.000000 0.000000 0.000000 0.000000 0.000000 0.000000 0.000000 0.000000 0.000000 0.000000 0.000000 0.000000 0.000000 0.000000 0.000000 0.000000 0.000000 0.000000 0.000000 0.000000 0.000000 0.000000 0.000000 0.000000 
0.000000 0.000000 0.000000 0.000000 0.000000 0.000000 0.000000 0.000000 0.000000 0.000000 0.000000 0.000000 0.000000 0.000000 0.000000 0.000000 0.000000 0.000000 0.000000 0.000000 0.000000 0.000000 0.000000 0.000000 0.000000 0.000000 0.000000 0.000000 0.000000 0.000000 0.000000 0.000000 0.000000 0.000000 0.000000 0.000000 0.000000 0.000000 0.000000 0.000000 
0.000000 0.000000 0.000000 0.000000 0.000000 0.000000 0.000000 0.000000 0.000000 0.000000 0.000000 0.000000 0.000000 0.000000 0.000000 0.000000 0.000000 0.000000 0.000000 0.000000 0.000000 0.000000 0.000000 0.000000 0.000000 0.000000 0.000000 0.000000 0.000000 0.000000 0.000000 0.000000 0.000000 0.000000 0.000000 0.000000 0.000000 0.000000 0.000000 0.000000 
0.000000 0.000000 0.000000 0.000000 0.000000 0.000000 0.000000 0.000000 0.000000 0.000000 0.000000 0.000000 0.000000 0.000000 0.000000 0.000000 0.000000 0.000000 0.000000 0.000000 0.000000 0.000000 0.000000 0.000000 0.000000 0.000000 0.000000 0.000000 0.000000 0.000000 0.000000 0.000000 0.000000 0.000000 0.000000 0.000000 0.000000 0.000000 0.000000 0.000000 
0.000000 0.000000 0.000000 0.000000 0.000000 0.000000 0.000000 0.000000 0.000000 0.000000 0.000000 0.000000 0.000000 0.000000 0.000000 0.000000 0.000000 0.000000 0.000000 0.000000 0.000000 0.000000 0.000000 0.000000 0.000000 0.000000 0.000000 0.000000 0.000000 0.000000 0.000000 0.000000 0.000000 0.000000 0.000000 0.000000 0.000000 0.000000 0.000000 0.000000 
0.000000 0.000000 0.000000 0.000000 0.000000 0.000000 0.000000 0.000000 0.000000 0.000000 0.000000 0.000000 0.000000 0.000000 0.000000 0.000000 0.000000 0.000000 0.000000 0.000000 0.000000 0.000000 0.000000 0.000000 0.000000 0.000000 0.000000 0.000000 0.000000 0.000000 0.000000 0.000000 0.000000 0.000000 0.000000 0.000000 0.000000 0.000000 0.000000 0.000000 
0.000000 0.000000 0.000000 0.000000 0.000000 0.000000 0.000000 0.000000 0.000000 0.000000 0.000000 0.000000 0.000000 0.000000 0.000000 0.000000 0.000000 0.000000 0.000000 0.000000 0.000000 0.000000 0.000000 0.000000 0.000000 0.000000 0.000000 0.000000 0.000000 0.000000 0.000000 0.000000 0.000000 0.000000 0.000000 0.000000 0.000000 0.000000 0.000000 0.000000 
0.000000 0.000000 0.000000 0.000000 0.000000 0.000000 0.000000 0.000000 0.000000 0.000000 0.000000 0.000000 0.000000 0.000000 0.000000 0.000000 0.000000 0.000000 0.000000 0.000000 0.000000 0.000000 0.000000 0.000000 0.000000 0.000000 0.000000 0.000000 0.000000 0.000000 0.000000 0.000000 0.000000 0.000000 0.000000 0.000000 0.000000 0.000000 0.000000 0.000000 
0.000000 0.000000 0.000000 0.000000 0.000000 0.000000 0.000000 0.000000 0.000000 0.000000 0.000000 0.000000 0.000000 0.000000 0.000000 0.000000 0.000000 0.000000 0.000000 0.000000 0.000000 0.000000 0.000000 0.000000 0.000000 0.000000 0.000000 0.000000 0.000000 0.000000 0.000000 0.000000 0.000000 0.000000 0.000000 0.000000 0.000000 0.000000 0.000000 0.000000 
0.000000 0.000000 0.000000 0.000000 0.000000 0.000000 0.000000 0.000000 0.000000 0.000000 0.000000 0.000000 0.000000 0.000000 0.000000 0.000000 0.000000 0.000000 0.000000 0.000000 0.000000 0.000000 0.000000 0.000000 0.000000 0.000000 0.000000 0.000000 0.000000 0.000000 0.000000 0.000000 0.000000 0.000000 0.000000 0.000000 0.000000 0.000000 0.000000 0.000000 
0.000000 2.000000 1.982000 1.936000 1.899000 1.899000 1.899000 1.856000 1.812000 1.801000 1.801000 1.801000 1.801000 1.801000 1.801000 1.801000 1.801000 1.801000 1.801000 1.801000 1.801000 1.801000 1.801000 1.801000 1.813000 1.857000 1.899000 1.899000 1.899000 1.899000 1.899000 1.899000 1.899000 1.899000 1.899000 1.341000 0.000000 0.000000 0.000000 0.000000 
0.000000 2.000000 1.982000 1.936000 1.899000 1.899000 1.899000 1.864000 1.827000 1.818000 1.818000 1.814000 1.806000 1.801000 1.801000 1.802000 1.810000 1.818000 1.818000 1.818000 1.813000 1.805000 1.801000 1.801000 1.813000 1.857000 1.899000 1.899000 1.899000 1.899000 1.899000 1.899000 1.899000 1.899000 1.899000 1.442000 0.000000 0.000000 0.000000 0.000000 
0.000000 2.000000 1.982000 1.936000 1.899000 1.899000 1.899000 1.883000 1.867000 1.863000 1.863000 1.848000 1.820000 1.801000 1.801000 1.804000 1.832000 1.860000 1.863000 1.863000 1.843000 1.815000 1.801000 1.801000 1.813000 1.857000 1.899000 1.899000 1.899000 1.899000 1.899000 1.899000 1.899000 1.899000 1.899000 1.699000 0.000000 0.000000 0.000000 0.000000 
0.000000 2.000000 1.982000 1.936000 1.899000 1.899000 1.899000 1.899000 1.899000 1.899000 1.899000 1.877000 1.836000 1.809000 1.809000 1.814000 1.855000 1.895000 1.899000 1.899000 1.871000 1.830000 1.809000 1.809000 1.820000 1.861000 1.899000 1.899000 1.899000 1.899000 1.899000 1.899000 1.899000 1.899000 1.899000 1.909000 1.954000 2.000000 2.000000 0.000000 
0.000000 2.000000 1.982000 1.936000 1.899000 1.899000 1.899000 1.899000 1.899000 1.899000 1.899000 1.888000 1.867000 1.853000 1.853000 1.856000 1.876000 1.897000 1.899000 1.899000 1.885000 1.864000 1.853000 1.853000 1.859000 1.880000 1.899000 1.899000 1.899000 1.899000 1.899000 1.899000 1.899000 1.899000 1.899000 1.909000 1.954000 2.000000 2.000000 0.000000 
0.000000 2.000000 1.982000 1.936000 1.899000 1.899000 1.899000 1.899000 1.899000 1.899000 1.899000 1.899000 1.898000 1.898000 1.898000 1.898000 1.898000 1.899000 1.899000 1.899000 1.899000 1.898000 1.898000 1.898000 1.898000 1.898000 1.899000 1.899000 1.899000 1.899000 1.899000 1.899000 1.899000 1.899000 1.899000 1.909000 1.954000 2.000000 2.000000 0.000000 
0.000000 2.046000 2.028000 1.981000 1.943000 1.943000 1.943000 1.943000 1.943000 1.928000 1.908000 1.899000 1.899000 1.899000 1.899000 1.899000 1.899000 1.899000 1.917000 1.937000 1.943000 1.943000 1.943000 1.943000 1.943000 1.943000 1.942000 1.922000 1.902000 1.899000 1.899000 1.899000 1.899000 1.899000 1.899000 1.904000 1.930000 1.956000 1.956000 0.000000 
0.000000 2.093000 2.075000 2.028000 1.989000 1.989000 1.989000 1.989000 1.989000 1.958000 1.917000 1.899000 1.899000 1.899000 1.899000 1.899000 1.899000 1.899000 1.936000 1.977000 1.989000 1.989000 1.989000 1.989000 1.989000 1.989000 1.986000 1.946000 1.905000 1.899000 1.899000 1.899000 1.899000 1.899000 1.899000 1.900000 1.905000 1.910000 1.910000 0.000000 
0.000000 0.000000 0.000000 1.274000 2.000000 2.000000 2.000000 2.000000 2.000000 1.965000 1.920000 1.891000 1.876000 1.865000 1.865000 1.867000 1.882000 1.898000 1.940000 1.986000 2.000000 2.000000 2.000000 2.000000 2.000000 2.000000 1.998000 1.968000 1.938000 1.920000 1.905000 1.899000 1.899000 1.899000 1.899000 1.899000 1.899000 1.899000 1.899000 0.000000 
0.000000 0.000000 0.000000 0.000000 2.000000 2.000000 2.000000 2.000000 2.000000 1.965000 1.920000 1.880000 1.845000 1.821000 1.821000 1.825000 1.861000 1.896000 1.940000 1.986000 2.000000 2.000000 2.000000 2.000000 2.000000 2.000000 1.999000 1.990000 1.981000 1.948000 1.912000 1.899000 1.899000 1.899000 1.899000 1.899000 1.899000 1.899000 1.899000 0.000000 
0.000000 0.000000 0.000000 0.000000 2.000000 2.000000 2.000000 2.000000 2.000000 1.965000 1.920000 1.875000 1.831000 1.801000 1.801000 1.805000 1.838000 1.872000 1.948000 2.028000 2.053000 2.053000 2.053000 2.053000 2.049000 2.037000 2.025000 2.013000 2.002000 1.971000 1.936000 1.924000 1.924000 1.929000 1.941000 1.950000 1.950000 1.950000 1.950000 0.000000 
0.000000 0.000000 0.000000 0.000000 2.000000 2.000000 2.000000 2.000000 2.000000 1.965000 1.920000 1.875000 1.831000 1.801000 1.801000 1.803000 1.816000 1.829000 1.961000 2.105000 2.149000 2.149000 2.149000 2.149000 2.140000 2.105000 2.071000 2.038000 2.005000 1.988000 1.975000 1.970000 1.970000 1.984000 2.017000 2.043000 2.043000 2.043000 2.043000 0.000000 
0.000000 0.000000 0.000000 0.000000 2.000000 2.000000 2.000000 2.000000 2.000000 1.965000 1.920000 1.875000 1.831000 1.801000 1.801000 1.801000 1.801000 1.801000 1.970000 2.157000 2.213000 2.213000 2.213000 2.213000 2.200000 2.151000 2.102000 2.055000 2.007000 2.000000 2.000000 2.000000 2.000000 2.020000 2.068000 2.105000 2.105000 2.105000 2.105000 0.000000 
0.000000 0.000000 0.000000 0.000000 0.000000 0.000000 0.000000 0.000000 0.000000 0.000000 0.000000 0.000000 0.000000 0.000000 0.000000 0.000000 0.000000 0.000000 0.000000 0.000000 0.000000 0.000000 0.000000 0.000000 0.000000 0.000000 0.000000 0.000000 0.000000 0.000000 0.000000 0.000000 0.000000 0.000000 0.000000 0.000000 0.000000 0.000000 0.000000 0.000000 
0.000000 0.000000 0.000000 0.000000 0.000000 0.000000 0.000000 0.000000 0.000000 0.000000 0.000000 0.000000 0.000000 0.000000 0.000000 0.000000 0.000000 0.000000 0.000000 0.000000 0.000000 0.000000 0.000000 0.000000 0.000000 0.000000 0.000000 0.000000 0.000000 0.000000 0.000000 0.000000 0.000000 0.000000 0.000000 0.000000 0.000000 0.000000 0.000000 0.000000 
0.000000 0.000000 0.000000 0.000000 0.000000 0.000000 0.000000 0.000000 0.000000 0.000000 0.000000 0.000000 0.000000 0.000000 0.000000 0.000000 0.000000 0.000000 0.000000 0.000000 0.000000 0.000000 0.000000 0.000000 0.000000 0.000000 0.000000 0.000000 0.000000 0.000000 0.000000 0.000000 0.000000 0.000000 0.000000 0.000000 0.000000 0.000000 0.000000 0.000000 
0.000000 0.000000 0.000000 0.000000 0.000000 0.000000 0.000000 0.000000 0.000000 0.000000 0.000000 0.000000 0.000000 0.000000 0.000000 0.000000 0.000000 0.000000 0.000000 0.000000 0.000000 0.000000 0.000000 0.000000 0.000000 0.000000 0.000000 0.000000 0.000000 0.000000 0.000000 0.000000 0.000000 0.000000 0.000000 0.000000 0.000000 0.000000 0.000000 0.000000 
0.000000 0.000000 0.000000 0.000000 0.000000 0.000000 0.000000 0.000000 0.000000 0.000000 0.000000 0.000000 0.000000 0.000000 0.000000 0.000000 0.000000 0.000000 0.000000 0.000000 0.000000 0.000000 0.000000 0.000000 0.000000 0.000000 0.000000 0.000000 0.000000 0.000000 0.000000 0.000000 0.000000 0.000000 0.000000 0.000000 0.000000 0.000000 0.000000 0.000000 
0.000000 0.000000 0.000000 0.000000 0.000000 0.000000 0.000000 0.000000 0.000000 0.000000 0.000000 0.000000 0.000000 0.000000 0.000000 0.000000 0.000000 0.000000 0.000000 0.000000 0.000000 0.000000 0.000000 0.000000 0.000000 0.000000 0.000000 0.000000 0.000000 0.000000 0.000000 0.000000 0.000000 0.000000 0.000000 0.000000 0.000000 0.000000 0.000000 0.000000 
0.000000 0.000000 0.000000 0.000000 0.000000 0.000000 0.000000 0.000000 0.000000 0.000000 0.000000 0.000000 0.000000 0.000000 0.000000 0.000000 0.000000 0.000000 0.000000 0.000000 0.000000 0.000000 0.000000 0.000000 0.000000 0.000000 0.000000 0.000000 0.000000 0.000000 0.000000 0.000000 0.000000 0.000000 0.000000 0.000000 0.000000 0.000000 0.000000 0.000000 
0.000000 0.000000 0.000000 0.000000 0.000000 0.000000 0.000000 0.000000 0.000000 0.000000 0.000000 0.000000 0.000000 0.000000 0.000000 0.000000 0.000000 0.000000 0.000000 0.000000 0.000000 0.000000 0.000000 0.000000 0.000000 0.000000 0.000000 0.000000 0.000000 0.000000 0.000000 0.000000 0.000000 0.000000 0.000000 0.000000 0.000000 0.000000 0.000000 0.000000 
0.000000 0.000000 0.000000 0.000000 0.000000 0.000000 0.000000 0.000000 0.000000 0.000000 0.000000 0.000000 0.000000 0.000000 0.000000 0.000000 0.000000 0.000000 0.000000 0.000000 0.000000 0.000000 0.000000 0.000000 0.000000 0.000000 0.000000 0.000000 0.000000 0.000000 0.000000 0.000000 0.000000 0.000000 0.000000 0.000000 0.000000 0.000000 0.000000 0.000000 
0.000000 0.000000 0.000000 0.000000 0.000000 0.000000 0.000000 0.000000 0.000000 0.000000 0.000000 0.000000 0.000000 0.000000 0.000000 0.000000 0.000000 0.000000 0.000000 0.000000 0.000000 0.000000 0.000000 0.000000 0.000000 0.000000 0.000000 0.000000 0.000000 0.000000 0.000000 0.000000 0.000000 0.000000 0.000000 0.000000 0.000000 0.000000 0.000000 0.000000 
0.000000 0.000000 0.000000 0.000000 0.000000 0.000000 0.000000 0.000000 0.000000 0.000000 0.000000 0.000000 0.000000 0.000000 0.000000 0.000000 0.000000 0.000000 0.000000 0.000000 0.000000 0.000000 0.000000 0.000000 0.000000 0.000000 0.000000 0.000000 0.000000 0.000000 0.000000 0.000000 0.000000 0.000000 0.000000 0.000000 0.000000 0.000000 0.000000 0.000000 
0.000000 0.000000 0.000000 0.000000 0.000000 0.000000 0.000000 0.000000 0.000000 0.000000 0.000000 0.000000 0.000000 0.000000 0.000000 0.000000 0.000000 0.000000 0.000000 0.000000 0.000000 0.000000 0.000000 0.000000 0.000000 0.000000 0.000000 0.000000 0.000000 0.000000 0.000000 0.000000 0.000000 0.000000 0.000000 0.000000 0.000000 0.000000 0.000000 0.000000 
0.000000 0.000000 0.000000 0.000000 0.000000 0.000000 0.000000 0.000000 0.000000 0.000000 0.000000 0.000000 0.000000 0.000000 0.000000 0.000000 0.000000 0.000000 0.000000 0.000000 0.000000 0.000000 0.000000 0.000000 0.000000 0.000000 0.000000 0.000000 0.000000 0.000000 0.000000 0.000000 0.000000 0.000000 0.000000 0.000000 0.000000 0.000000 0.000000 0.000000 
0.000000 0.000000 0.000000 0.000000 0.000000 0.000000 0.000000 0.000000 0.000000 0.000000 0.000000 0.000000 0.000000 0.000000 0.000000 0.000000 0.000000 0.000000 0.000000 0.000000 0.000000 0.000000 0.000000 0.000000 0.000000 0.000000 0.000000 0.000000 0.000000 0.000000 0.000000 0.000000 0.000000 0.000000 0.000000 0.000000 0.000000 0.000000 0.000000 0.000000 
