0.000000,0.000000,0.000000,0.000000,0.000000,0.000000,0.000000,0.000000,0.000000,0.000000,0.000000,0.000000,0.000000,0.000000,0.000000,0.000000,0.000000,0.000000,0.000000,0.000000,0.000000,0.000000,0.000000,0.000000,0.000000,0.000000,0.000000,0.000000,0.000000,0.000000,0.000000,0.000000,0.000000,0.000000,0.000000,0.000000,0.000000,0.000000,0.000000,0.000000,
0.000000,0.000000,0.000000,0.000000,0.000000,0.000000,0.000000,0.000000,0.000000,0.000000,0.000000,0.000000,0.000000,0.000000,0.000000,0.000000,0.000000,0.000000,0.000000,0.000000,0.000000,0.000000,0.000000,0.000000,0.000000,0.000000,0.000000,0.000000,0.000000,0.000000,0.000000,0.000000,0.000000,0.000000,0.000000,0.000000,0.000000,0.000000,0.000000,0.000000,
0.000000,0.000000,0.000000,0.000000,0.000000,0.000000,0.000000,0.000000,0.000000,0.000000,0.000000,0.000000,0.000000,0.000000,0.000000,0.000000,0.000000,0.000000,0.000000,0.000000,0.000000,0.000000,0.000000,0.000000,0.000000,0.000000,0.000000,0.000000,0.000000,0.000000,0.000000,0.000000,0.000000,0.000000,0.000000,0.000000,0.000000,0.000000,0.000000,0.000000,
0.000000,0.000000,0.000000,0.000000,0.000000,0.000000,0.000000,0.000000,0.000000,0.000000,0.000000,0.000000,0.000000,0.000000,0.000000,0.000000,0.000000,0.000000,0.000000,0.000000,0.000000,0.000000,0.000000,0.000000,0.000000,0.000000,0.000000,0.000000,0.000000,0.000000,0.000000,0.000000,0.000000,0.000000,0.000000,0.000000,0.000000,0.000000,0.000000,0.000000,
0.000000,0.000000,0.000000,0.000000,0.000000,0.000000,0.000000,0.000000,0.000000,0.000000,0.000000,0.000000,0.000000,0.000000,0.000000,0.000000,0.000000,0.000000,0.000000,0.000000,0.000000,0.000000,0.000000,0.000000,0.000000,0.000000,0.000000,0.000000,0.000000,0.000000,0.000000,0.000000,0.000000,0.000000,0.000000,0.000000,0.000000,0.000000,0.000000,0.000000,
0.000000,0.000000,0.000000,0.000000,0.000000,0.000000,0.000000,0.000000,0.000000,0.000000,0.000000,0.000000,0.000000,0.000000,0.000000,0.000000,0.000000,0.000000,0.000000,0.000000,0.000000,0.000000,0.000000,0.000000,0.000000,0.000000,0.000000,0.000000,0.000000,0.000000,0.000000,0.000000,0.000000,0.000000,0.000000,0.000000,0.000000,0.000000,0.000000,0.000000,
0.000000,0.000000,0.000000,0.000000,0.000000,0.000000,0.000000,0.000000,0.000000,0.000000,0.000000,0.000000,0.000000,0.000000,0.000000,0.000000,0.000000,0.000000,0.000000,0.000000,0.000000,0.000000,0.000000,0.000000,0.000000,0.000000,0.000000,0.000000,0.000000,0.000000,0.000000,0.000000,0.000000,0.000000,0.000000,0.000000,0.000000,0.000000,0.000000,0.000000,
0.000000,0.000000,0.000000,0.000000,0.000000,0.000000,0.000000,0.000000,0.000000,0.000000,0.000000,0.000000,0.000000,0.000000,0.000000,0.000000,0.000000,0.000000,0.000000,0.000000,0.000000,0.000000,0.000000,0.000000,0.000000,0.000000,0.000000,0.000000,0.000000,0.000000,0.000000,0.000000,0.000000,0.000000,0.000000,0.000000,0.000000,0.000000,0.000000,0.000000,
0.000000,0.000000,0.000000,0.000000,0.000000,0.000000,0.000000,0.000000,0.000000,0.000000,0.000000,0.000000,0.000000,0.000000,0.000000,0.000000,0.000000,0.000000,0.000000,0.000000,0.000000,0.000000,0.000000,0.000000,0.000000,0.000000,0.000000,0.000000,0.000000,0.000000,0.000000,0.000000,0.000000,0.000000,0.000000,0.000000,0.000000,0.000000,0.000000,0.000000,
0.000000,0.000000,0.000000,0.000000,0.000000,0.000000,0.000000,0.000000,0.000000,0.000000,0.000000,0.000000,0.000000,0.000000,0.000000,0.000000,0.000000,0.000000,0.000000,0.000000,0.000000,0.000000,0.000000,0.000000,0.000000,0.000000,0.000000,0.000000,0.000000,0.000000,0.000000,0.000000,0.000000,0.000000,0.000000,0.000000,0.000000,0.000000,0.000000,0.000000,
0.000000,0.000000,0.000000,0.000000,0.000000,0.000000,0.000000,0.000000,0.000000,0.000000,0.000000,0.000000,0.000000,0.000000,0.000000,0.000000,0.000000,0.000000,0.000000,0.000000,0.000000,0.000000,0.000000,0.000000,0.000000,0.000000,0.000000,0.000000,0.000000,0.000000,0.000000,0.000000,0.000000,0.000000,0.000000,0.000000,0.000000,0.000000,0.000000,0.000000,
0.000000,0.000000,0.000000,0.000000,0.000000,0.000000,0.000000,0.000000,0.000000,0.000000,0.000000,0.000000,0.000000,0.000000,0.000000,0.000000,0.000000,0.000000,0.000000,0.000000,0.000000,0.000000,0.000000,0.000000,0.000000,0.000000,0.000000,0.000000,0.000000,0.000000,0.000000,0.000000,0.000000,0.000000,0.000000,0.000000,0.000000,0.000000,0.000000,0.000000,
2.028000,2.000000,2.000000,2.021000,2.023000,2.003000,2.000000,1.965000,1.957000,2.390000,2.525000,2.547000,2.556000,2.556000,2.598000,2.642000,2.676000,2.709000,2.724000,2.724000,2.724000,2.724000,2.724000,2.756000,2.795000,2.795000,2.795000,2.795000,2.795000,2.795000,2.817000,2.880000,2.909000,2.918000,2.948000,2.948000,2.632000,0.000000,0.000000,0.000000,
1.939000,1.977000,1.998000,2.001000,1.983000,1.962000,1.958000,1.941000,1.937000,2.385000,2.525000,2.547000,2.154000,1.964000,1.958000,2.396000,2.273000,2.024000,2.037000,2.047000,2.035000,2.025000,2.353000,2.756000,2.795000,2.795000,2.795000,2.795000,2.795000,2.563000,2.050000,2.289000,2.947000,2.947000,2.550000,0.000000,0.000000,0.000000,0.000000,0.000000,
1.936000,1.977000,1.980000,1.980000,1.961000,1.940000,1.937000,1.936000,1.936000,1.961000,1.969000,2.000000,1.974000,1.943000,1.936000,1.974000,1.987000,1.992000,2.001000,2.001000,2.001000,2.000000,2.019000,2.043000,2.045000,2.045000,2.053000,2.067000,2.067000,2.053000,2.023000,2.037000,2.080000,1.851000,0.000000,0.000000,0.000000,0.000000,0.000000,0.000000,
1.936000,1.957000,1.959000,1.959000,1.940000,1.936000,1.936000,1.936000,1.936000,1.936000,1.936000,1.952000,1.958000,1.956000,1.955000,1.956000,1.970000,1.980000,1.981000,1.981000,1.991000,2.000000,2.000000,2.000000,2.000000,2.000000,2.009000,2.023000,2.023000,2.023000,2.023000,2.028000,2.044000,1.785000,0.000000,0.000000,0.000000,0.000000,0.000000,0.000000,
1.936000,1.938000,1.956000,1.957000,1.939000,1.936000,1.936000,1.936000,1.936000,1.936000,1.936000,1.951000,1.957000,1.957000,1.970000,1.964000,1.958000,1.959000,1.970000,1.979000,1.990000,2.010000,2.021000,2.021000,2.021000,2.021000,2.029000,2.036000,2.023000,2.017000,2.002000,2.008000,2.025000,1.771000,0.000000,0.000000,0.000000,0.000000,0.000000,0.000000,
1.937000,1.936000,1.955000,1.957000,1.955000,1.939000,1.936000,1.936000,1.936000,1.936000,1.936000,1.951000,1.970000,1.976000,1.978000,1.965000,1.957000,1.957000,1.959000,1.980000,1.999000,2.001000,2.012000,2.023000,2.023000,2.023000,2.024000,2.025000,2.023000,2.016000,2.000000,2.006000,2.033000,2.031000,1.712000,0.000000,0.000000,0.000000,0.000000,0.000000,
1.937000,1.936000,1.955000,1.957000,1.957000,1.939000,1.936000,1.936000,1.936000,1.936000,1.949000,1.956000,1.972000,1.979000,1.991000,1.972000,1.957000,1.957000,1.957000,1.980000,2.000000,2.000000,2.002000,2.003000,2.003000,2.011000,2.023000,2.023000,2.023000,2.022000,2.020000,2.021000,2.029000,2.048000,2.014000,1.699000,0.000000,0.000000,0.000000,0.000000,
1.954000,1.953000,1.974000,1.959000,1.957000,1.939000,1.936000,1.936000,1.936000,1.936000,1.952000,1.970000,1.978000,1.979000,1.993000,1.984000,1.975000,1.965000,1.957000,1.980000,2.000000,2.000000,2.000000,2.000000,2.000000,2.002000,2.011000,2.023000,2.023000,2.023000,2.023000,2.028000,2.042000,2.045000,2.045000,1.841000,0.000000,0.000000,0.000000,0.000000,
1.975000,1.975000,1.979000,1.975000,1.975000,1.942000,1.936000,1.950000,1.953000,1.953000,1.969000,1.978000,1.979000,1.990000,1.999000,1.987000,1.979000,1.986000,1.992000,1.996000,2.000000,2.000000,2.000000,2.000000,2.000000,2.000000,2.009000,2.023000,2.023000,2.023000,2.028000,2.047000,2.059000,2.045000,2.045000,2.006000,1.821000,1.823000,1.736000,0.000000,
1.979000,1.979000,1.979000,1.979000,1.979000,1.956000,1.952000,1.956000,1.957000,1.957000,1.973000,1.979000,1.979000,1.993000,2.000000,1.987000,1.979000,1.991000,2.000000,2.000000,2.000000,2.000000,2.000000,2.000000,2.000000,2.007000,2.020000,2.023000,2.023000,2.023000,2.035000,2.064000,2.062000,2.045000,2.045000,2.045000,2.045000,2.048000,2.043000,1.833000,
1.979000,1.979000,1.979000,1.979000,1.979000,1.960000,1.957000,1.971000,1.974000,1.974000,1.978000,1.979000,1.990000,1.998000,2.000000,1.997000,1.995000,1.998000,2.000000,2.000000,2.000000,2.000000,2.000000,2.000000,2.000000,2.009000,2.023000,2.023000,2.023000,2.034000,2.055000,2.050000,2.049000,2.049000,2.063000,2.063000,2.063000,2.063000,2.070000,2.090000,
1.980000,1.979000,1.993000,1.981000,1.979000,1.974000,1.973000,1.978000,1.979000,1.979000,1.979000,1.979000,1.994000,2.000000,2.000000,1.990000,1.984000,1.994000,2.000000,2.000000,2.000000,2.000000,2.000000,2.008000,2.017000,2.019000,2.017000,2.006000,2.012000,2.037000,2.061000,2.045000,2.045000,2.050000,2.068000,2.068000,2.068000,2.070000,2.084000,2.073000,
1.994000,1.994000,2.000000,1.981000,1.979000,1.979000,1.979000,1.979000,1.979000,1.979000,1.979000,1.979000,1.994000,2.000000,2.000000,1.987000,1.969000,1.967000,1.986000,2.000000,2.000000,2.000000,2.000000,2.010000,2.037000,2.055000,2.034000,2.000000,2.008000,2.032000,2.050000,2.045000,2.045000,2.050000,2.068000,2.068000,2.068000,2.071000,2.089000,2.068000,
2.000000,2.000000,2.000000,1.994000,1.981000,1.979000,1.979000,1.991000,1.994000,1.994000,1.994000,1.994000,1.998000,2.000000,2.000000,1.977000,1.960000,1.957000,1.973000,1.985000,1.985000,1.993000,2.000000,2.010000,2.042000,2.049000,2.013000,2.006000,2.023000,2.040000,2.045000,2.045000,2.045000,2.050000,2.068000,2.065000,2.052000,2.057000,2.090000,2.083000,
2.000000,2.000000,2.000000,0.000000,1.752000,1.979000,1.979000,1.996000,2.000000,2.000000,2.000000,2.000000,2.000000,2.000000,2.000000,1.973000,1.957000,0.000000,1.169000,1.979000,1.979000,1.989000,2.000000,2.024000,2.060000,2.041000,2.000000,2.008000,2.020000,2.015000,2.015000,2.023000,2.045000,2.053000,2.083000,2.077000,2.045000,2.051000,2.093000,2.106000,
1.954000,2.015000,0.000000,0.000000,0.000000,0.000000,0.000000,0.000000,0.000000,0.000000,0.000000,0.000000,0.000000,1.416000,2.000000,1.991000,1.985000,0.000000,0.000000,0.000000,1.134000,2.011000,2.015000,2.026000,2.057000,2.073000,2.042000,2.018000,2.015000,2.000000,2.000000,2.012000,2.045000,2.055000,2.091000,2.083000,2.045000,2.051000,2.094000,1.957000,
0.000000,0.000000,0.000000,0.000000,0.000000,0.000000,0.000000,0.000000,0.000000,0.000000,0.000000,0.000000,0.000000,0.000000,0.000000,0.000000,0.000000,0.000000,0.000000,0.000000,0.000000,0.000000,0.000000,0.000000,0.000000,0.000000,0.000000,0.000000,0.000000,0.000000,0.000000,0.000000,0.000000,0.000000,0.000000,0.000000,0.000000,0.000000,0.000000,0.000000,
0.000000,0.000000,0.000000,0.000000,0.000000,0.000000,0.000000,0.000000,0.000000,0.000000,0.000000,0.000000,0.000000,0.000000,0.000000,0.000000,0.000000,0.000000,0.000000,0.000000,0.000000,0.000000,0.000000,0.000000,0.000000,0.000000,0.000000,0.000000,0.000000,0.000000,0.000000,0.000000,0.000000,0.000000,0.000000,0.000000,0.000000,0.000000,0.000000,0.000000,
0.000000,0.000000,0.000000,0.000000,0.000000,0.000000,0.000000,0.000000,0.000000,0.000000,0.000000,0.000000,0.000000,0.000000,0.000000,0.000000,0.000000,0.000000,0.000000,0.000000,0.000000,0.000000,0.000000,0.000000,0.000000,0.000000,0.000000,0.000000,0.000000,0.000000,0.000000,0.000000,0.000000,0.000000,0.000000,0.000000,0.000000,0.000000,0.000000,0.000000,
0.000000,0.000000,0.000000,0.000000,0.000000,0.000000,0.000000,0.000000,0.000000,0.000000,0.000000,0.000000,0.000000,0.000000,0.000000,0.000000,0.000000,0.000000,0.000000,0.000000,0.000000,0.000000,0.000000,0.000000,0.000000,0.000000,0.000000,0.000000,0.000000,0.000000,0.000000,0.000000,0.000000,0.000000,0.000000,0.000000,0.000000,0.000000,0.000000,0.000000,
0.000000,0.000000,0.000000,0.000000,0.000000,0.000000,0.000000,0.000000,0.000000,0.000000,0.000000,0.000000,0.000000,0.000000,0.000000,0.000000,0.000000,0.000000,0.000000,0.000000,0.000000,0.000000,0.000000,0.000000,0.000000,0.000000,0.000000,0.000000,0.000000,0.000000,0.000000,0.000000,0.000000,0.000000,0.000000,0.000000,0.000000,0.000000,0.000000,0.000000,
0.000000,0.000000,0.000000,0.000000,0.000000,0.000000,0.000000,0.000000,0.000000,0.000000,0.000000,0.000000,0.000000,0.000000,0.000000,0.000000,0.000000,0.000000,0.000000,0.000000,0.000000,0.000000,0.000000,0.000000,0.000000,0.000000,0.000000,0.000000,0.000000,0.000000,0.000000,0.000000,0.000000,0.000000,0.000000,0.000000,0.000000,0.000000,0.000000,0.000000,
0.000000,0.000000,0.000000,0.000000,0.000000,0.000000,0.000000,0.000000,0.000000,0.000000,0.000000,0.000000,0.000000,0.000000,0.000000,0.000000,0.000000,0.000000,0.000000,0.000000,0.000000,0.000000,0.000000,0.000000,0.000000,0.000000,0.000000,0.000000,0.000000,0.000000,0.000000,0.000000,0.000000,0.000000,0.000000,0.000000,0.000000,0.000000,0.000000,0.000000,
0.000000,0.000000,0.000000,0.000000,0.000000,0.000000,0.000000,0.000000,0.000000,0.000000,0.000000,0.000000,0.000000,0.000000,0.000000,0.000000,0.000000,0.000000,0.000000,0.000000,0.000000,0.000000,0.000000,0.000000,0.000000,0.000000,0.000000,0.000000,0.000000,0.000000,0.000000,0.000000,0.000000,0.000000,0.000000,0.000000,0.000000,0.000000,0.000000,0.000000,
0.000000,0.000000,0.000000,0.000000,0.000000,0.000000,0.000000,0.000000,0.000000,0.000000,0.000000,0.000000,0.000000,0.000000,0.000000,0.000000,0.000000,0.000000,0.000000,0.000000,0.000000,0.000000,0.000000,0.000000,0.000000,0.000000,0.000000,0.000000,0.000000,0.000000,0.000000,0.000000,0.000000,0.000000,0.000000,0.000000,0.000000,0.000000,0.000000,0.000000,
0.000000,0.000000,0.000000,0.000000,0.000000,0.000000,0.000000,0.000000,0.000000,0.000000,0.000000,0.000000,0.000000,0.000000,0.000000,0.000000,0.000000,0.000000,0.000000,0.000000,0.000000,0.000000,0.000000,0.000000,0.000000,0.000000,0.000000,0.000000,0.000000,0.000000,0.000000,0.000000,0.000000,0.000000,0.000000,0.000000,0.000000,0.000000,0.000000,0.000000,
0.000000,0.000000,0.000000,0.000000,0.000000,0.000000,0.000000,0.000000,0.000000,0.000000,0.000000,0.000000,0.000000,0.000000,0.000000,0.000000,0.000000,0.000000,0.000000,0.000000,0.000000,0.000000,0.000000,0.000000,0.000000,0.000000,0.000000,0.000000,0.000000,0.000000,0.000000,0.000000,0.000000,0.000000,0.000000,0.000000,0.000000,0.000000,0.000000,0.000000,
0.000000,0.000000,0.000000,0.000000,0.000000,0.000000,0.000000,0.000000,0.000000,0.000000,0.000000,0.000000,0.000000,0.000000,0.000000,0.000000,0.000000,0.000000,0.000000,0.000000,0.000000,0.000000,0.000000,0.000000,0.000000,0.000000,0.000000,0.000000,0.000000,0.000000,0.000000,0.000000,0.000000,0.000000,0.000000,0.000000,0.000000,0.000000,0.000000,0.000000,
