0.000000,0.000000,0.000000,0.000000,0.000000,0.000000,0.000000,0.000000,0.000000,0.000000,0.000000,0.000000,0.000000,0.000000,0.000000,0.000000,0.000000,0.000000,0.000000,0.000000,0.000000,0.000000,0.000000,0.000000,0.000000,0.000000,0.000000,0.000000,0.000000,0.000000,0.000000,0.000000,0.000000,0.000000,0.000000,0.000000,0.000000,0.000000,0.000000,0.000000,
0.000000,0.000000,0.000000,0.000000,0.000000,0.000000,0.000000,0.000000,0.000000,0.000000,0.000000,0.000000,0.000000,0.000000,0.000000,0.000000,0.000000,0.000000,0.000000,0.000000,0.000000,0.000000,0.000000,0.000000,0.000000,0.000000,0.000000,0.000000,0.000000,0.000000,0.000000,0.000000,0.000000,0.000000,0.000000,0.000000,0.000000,0.000000,0.000000,0.000000,
0.000000,0.000000,0.000000,0.000000,0.000000,0.000000,0.000000,0.000000,0.000000,0.000000,0.000000,0.000000,0.000000,0.000000,0.000000,0.000000,0.000000,0.000000,0.000000,0.000000,0.000000,0.000000,0.000000,0.000000,0.000000,0.000000,0.000000,0.000000,0.000000,0.000000,0.000000,0.000000,0.000000,0.000000,0.000000,0.000000,0.000000,0.000000,0.000000,0.000000,
0.000000,0.000000,0.000000,0.000000,0.000000,0.000000,0.000000,0.000000,0.000000,0.000000,0.000000,0.000000,0.000000,0.000000,0.000000,0.000000,0.000000,0.000000,0.000000,0.000000,0.000000,0.000000,0.000000,0.000000,0.000000,0.000000,0.000000,0.000000,0.000000,0.000000,0.000000,0.000000,0.000000,0.000000,0.000000,0.000000,0.000000,0.000000,0.000000,0.000000,
0.000000,0.000000,0.000000,0.000000,0.000000,0.000000,0.000000,0.000000,0.000000,0.000000,0.000000,0.000000,0.000000,0.000000,0.000000,0.000000,0.000000,0.000000,0.000000,0.000000,0.000000,0.000000,0.000000,0.000000,0.000000,0.000000,0.000000,0.000000,0.000000,0.000000,0.000000,0.000000,0.000000,0.000000,0.000000,0.000000,0.000000,0.000000,0.000000,0.000000,
0.000000,0.000000,0.000000,0.000000,0.000000,0.000000,0.000000,0.000000,0.000000,0.000000,0.000000,0.000000,0.000000,0.000000,0.000000,0.000000,0.000000,0.000000,0.000000,0.000000,0.000000,0.000000,0.000000,0.000000,0.000000,0.000000,0.000000,0.000000,0.000000,0.000000,0.000000,0.000000,0.000000,0.000000,0.000000,0.000000,0.000000,0.000000,0.000000,0.000000,
0.000000,0.000000,0.000000,0.000000,0.000000,0.000000,0.000000,0.000000,0.000000,0.000000,0.000000,0.000000,0.000000,0.000000,0.000000,0.000000,0.000000,0.000000,0.000000,0.000000,0.000000,0.000000,0.000000,0.000000,0.000000,0.000000,0.000000,0.000000,0.000000,0.000000,0.000000,0.000000,0.000000,0.000000,0.000000,0.000000,0.000000,0.000000,0.000000,0.000000,
0.000000,0.000000,0.000000,0.000000,0.000000,0.000000,0.000000,0.000000,0.000000,0.000000,0.000000,0.000000,0.000000,0.000000,0.000000,0.000000,0.000000,0.000000,0.000000,0.000000,0.000000,0.000000,0.000000,0.000000,0.000000,0.000000,0.000000,0.000000,0.000000,0.000000,0.000000,0.000000,0.000000,0.000000,0.000000,0.000000,0.000000,0.000000,0.000000,0.000000,
1.943000,2.201000,2.698000,2.690000,2.690000,2.690000,2.690000,2.708000,2.741000,2.755000,2.762000,2.767000,2.767000,2.767000,2.767000,2.767000,2.767000,2.825000,2.835000,2.804000,2.739000,2.702000,2.702000,2.701000,2.702000,2.698000,2.671000,2.677000,2.702000,2.702000,2.711000,2.745000,2.790000,2.834000,2.863000,2.904000,2.905000,2.923000,2.941000,2.941000,
1.943000,2.199000,2.423000,1.962000,1.970000,1.981000,1.981000,1.991000,2.022000,2.040000,2.456000,2.720000,2.730000,2.730000,2.730000,2.730000,2.731000,2.787000,2.831000,2.804000,2.769000,2.703000,2.700000,2.671000,2.673000,2.697000,2.671000,2.677000,2.702000,2.702000,2.711000,2.734000,2.757000,2.800000,2.815000,2.850000,2.886000,2.923000,2.941000,2.941000,
1.943000,1.943000,1.950000,1.962000,1.970000,1.981000,1.981000,1.981000,1.992000,2.011000,2.007000,2.000000,2.000000,2.000000,2.000000,2.000000,2.016000,2.038000,2.690000,2.744000,2.710000,2.649000,2.671000,2.671000,2.671000,2.671000,2.671000,2.677000,2.702000,2.702000,2.702000,2.712000,2.746000,2.780000,2.816000,2.853000,2.888000,2.923000,2.941000,2.941000,
1.943000,1.943000,1.950000,1.963000,1.972000,1.981000,1.981000,1.981000,1.991000,1.999000,2.000000,2.000000,2.000000,2.000000,2.000000,2.000000,2.015000,2.036000,2.041000,2.057000,2.042000,2.041000,2.601000,2.671000,2.671000,2.671000,2.671000,2.677000,2.702000,2.702000,2.702000,2.689000,2.671000,2.733000,2.833000,2.889000,2.909000,2.925000,2.941000,2.943000,
1.944000,1.946000,1.953000,1.971000,1.981000,1.981000,1.981000,1.981000,1.981000,1.992000,2.000000,2.000000,2.000000,2.000000,2.000000,2.000000,2.000000,2.017000,2.036000,2.038000,2.038000,2.038000,2.048000,2.581000,2.671000,2.671000,2.672000,2.680000,2.702000,2.680000,2.612000,2.448000,2.082000,2.323000,2.751000,2.855000,2.941000,2.941000,2.944000,2.964000,
1.951000,1.962000,1.968000,1.979000,1.981000,1.981000,1.981000,1.981000,1.981000,1.992000,2.000000,2.000000,2.000000,2.000000,2.000000,2.000000,2.000000,2.014000,2.020000,2.020000,2.020000,2.020000,2.020000,2.047000,2.556000,2.559000,2.563000,2.584000,2.585000,2.463000,2.078000,2.078000,2.078000,2.080000,2.091000,2.407000,2.796000,2.796000,2.812000,2.828000,
1.962000,1.962000,1.962000,1.970000,1.981000,1.981000,1.981000,1.981000,1.981000,1.990000,1.999000,2.000000,2.000000,2.000000,2.000000,2.000000,2.000000,2.000000,2.014000,2.016000,2.020000,2.020000,2.020000,2.020000,2.022000,2.041000,2.040000,2.037000,2.041000,2.058000,2.061000,2.061000,2.061000,2.069000,2.091000,2.109000,2.116000,2.118000,2.120000,2.132000,
1.962000,1.962000,1.964000,1.972000,1.981000,1.981000,1.981000,1.981000,1.981000,1.981000,1.990000,1.995000,1.995000,1.999000,2.000000,2.000000,2.000000,2.000000,2.000000,2.000000,2.014000,2.015000,2.025000,2.025000,2.027000,2.045000,2.038000,2.020000,2.024000,2.046000,2.062000,2.066000,2.066000,2.072000,2.088000,2.089000,2.077000,2.087000,2.098000,2.110000,
1.958000,1.962000,1.969000,1.981000,1.981000,1.983000,1.986000,1.983000,1.981000,1.981000,1.981000,1.981000,1.981000,1.995000,2.000000,2.000000,2.000000,2.000000,2.000000,2.000000,2.000000,2.000000,2.035000,2.041000,2.043000,2.059000,2.039000,2.026000,2.029000,2.046000,2.065000,2.076000,2.078000,2.082000,2.082000,2.073000,2.061000,2.072000,2.082000,2.094000,
1.949000,1.962000,1.969000,1.981000,1.981000,1.987000,1.994000,1.990000,1.984000,1.981000,1.981000,1.981000,1.981000,1.995000,2.000000,2.000000,2.000000,2.000000,2.000000,2.000000,2.000000,2.000000,2.014000,2.041000,2.048000,2.059000,2.046000,2.041000,2.041000,2.046000,2.061000,2.061000,2.066000,2.076000,2.078000,2.076000,2.067000,2.075000,2.082000,2.094000,
1.953000,1.964000,1.973000,1.981000,1.981000,1.981000,1.981000,1.991000,1.993000,1.987000,1.987000,1.987000,1.987000,1.997000,2.005000,2.007000,2.007000,2.001000,2.000000,2.000000,2.000000,2.000000,2.001000,2.048000,2.061000,2.061000,2.059000,2.048000,2.048000,2.051000,2.061000,2.061000,2.061000,2.061000,2.067000,2.078000,2.082000,2.082000,2.082000,2.094000,
1.962000,1.968000,1.981000,1.981000,1.981000,1.981000,1.981000,1.987000,1.993000,1.997000,2.000000,2.000000,2.000000,2.000000,2.010000,2.018000,2.014000,2.002000,2.000000,2.000000,2.000000,2.000000,2.008000,2.054000,2.054000,2.061000,2.061000,2.061000,2.061000,2.061000,2.061000,2.061000,2.061000,2.061000,2.061000,2.070000,2.082000,2.082000,2.082000,2.094000,
1.964000,1.974000,1.981000,1.981000,1.981000,1.981000,1.981000,1.981000,1.981000,1.992000,2.000000,2.000000,2.006000,2.002000,2.000000,2.009000,2.002000,2.000000,2.000000,2.000000,2.000000,2.008000,2.020000,2.041000,2.043000,2.061000,2.061000,2.061000,2.061000,2.061000,2.061000,2.061000,2.061000,2.061000,2.061000,2.066000,2.074000,2.074000,2.078000,2.094000,
1.965000,1.973000,1.973000,1.976000,1.981000,1.981000,1.981000,1.981000,1.981000,1.992000,2.000000,2.000000,2.008000,2.003000,2.000000,2.000000,2.000000,2.000000,2.000000,2.000000,2.017000,2.029000,2.038000,2.050000,2.051000,2.061000,2.061000,2.061000,2.061000,2.061000,2.061000,2.061000,2.061000,2.061000,2.061000,2.061000,2.061000,2.061000,2.067000,2.090000,
1.953000,1.956000,1.962000,1.966000,1.972000,1.972000,1.972000,1.977000,1.981000,1.992000,2.000000,2.000000,2.000000,2.000000,2.000000,2.000000,2.000000,2.016000,2.019000,2.019000,2.040000,2.050000,2.061000,2.061000,2.061000,2.061000,2.061000,2.061000,2.061000,2.061000,2.061000,2.061000,2.064000,2.071000,2.071000,2.067000,2.061000,2.061000,2.061000,2.085000,
1.943000,1.943000,1.943000,1.947000,1.952000,1.952000,1.957000,1.972000,1.986000,1.996000,2.000000,2.000000,2.000000,2.000000,2.000000,2.000000,2.008000,2.028000,2.030000,2.040000,2.041000,2.061000,2.061000,2.051000,2.052000,2.061000,2.061000,2.061000,2.061000,2.061000,2.064000,2.072000,2.075000,2.082000,2.082000,2.077000,2.072000,2.072000,2.072000,2.089000,
1.004000,1.937000,1.924000,1.928000,1.933000,1.938000,1.947000,1.957000,1.983000,2.006000,2.011000,2.004000,2.000000,2.000000,2.000000,2.000000,2.008000,2.018000,2.020000,2.039000,2.041000,2.050000,2.050000,2.041000,2.043000,2.061000,2.061000,2.061000,2.061000,2.061000,2.067000,2.082000,2.082000,2.082000,2.082000,2.082000,2.082000,2.082000,2.088000,2.105000,
0.000000,0.000000,1.913000,1.918000,1.924000,1.933000,1.943000,1.943000,1.143000,1.428000,2.024000,2.000000,1.989000,1.997000,2.000000,2.000000,2.000000,2.017000,2.020000,2.039000,2.041000,2.041000,2.041000,2.041000,2.043000,2.061000,2.061000,2.061000,2.061000,2.061000,2.064000,2.074000,2.082000,2.082000,2.082000,2.082000,2.088000,2.094000,2.099000,2.115000,
0.000000,0.000000,1.905000,1.303000,0.000000,0.000000,0.000000,0.000000,0.000000,0.000000,2.048000,2.002000,1.981000,0.000000,0.000000,0.000000,1.757000,2.043000,2.034000,2.040000,2.041000,2.041000,2.041000,2.028000,2.029000,2.036000,2.036000,2.036000,2.039000,2.052000,2.061000,2.064000,2.069000,2.069000,2.075000,2.082000,2.086000,2.090000,2.104000,2.121000,
0.000000,0.000000,0.000000,0.000000,0.000000,0.000000,0.000000,0.000000,0.000000,0.000000,0.000000,0.000000,0.000000,0.000000,0.000000,0.000000,0.000000,1.832000,2.068000,2.055000,2.054000,0.000000,2.041000,2.020000,2.020000,2.020000,2.018000,2.007000,2.009000,2.023000,2.052000,2.061000,2.061000,2.061000,2.070000,2.082000,2.082000,2.082000,2.105000,2.125000,
0.000000,0.000000,0.000000,0.000000,0.000000,0.000000,0.000000,0.000000,0.000000,0.000000,0.000000,0.000000,0.000000,0.000000,0.000000,0.000000,0.000000,0.000000,0.000000,0.000000,0.000000,0.000000,0.000000,0.000000,0.000000,0.000000,2.017000,1.998000,1.987000,1.994000,2.019000,2.034000,2.043000,2.066000,2.078000,2.076000,2.068000,2.075000,2.105000,1.100000,
0.000000,0.000000,0.000000,0.000000,0.000000,0.000000,0.000000,0.000000,0.000000,0.000000,0.000000,0.000000,0.000000,0.000000,0.000000,0.000000,0.000000,0.000000,0.000000,0.000000,0.000000,0.000000,0.000000,0.000000,0.000000,0.000000,0.000000,0.000000,1.981000,1.986000,1.998000,1.993000,2.016000,2.069000,2.082000,2.073000,2.061000,2.072000,1.091000,0.000000,
0.000000,0.000000,0.000000,0.000000,0.000000,0.000000,0.000000,0.000000,0.000000,0.000000,0.000000,0.000000,0.000000,0.000000,0.000000,0.000000,0.000000,0.000000,0.000000,0.000000,0.000000,0.000000,0.000000,0.000000,0.000000,0.000000,0.000000,0.000000,0.000000,0.000000,1.995000,1.981000,1.347000,0.000000,0.000000,0.000000,0.000000,0.000000,0.000000,0.000000,
0.000000,0.000000,0.000000,0.000000,0.000000,0.000000,0.000000,0.000000,0.000000,0.000000,0.000000,0.000000,0.000000,0.000000,0.000000,0.000000,0.000000,0.000000,0.000000,0.000000,0.000000,0.000000,0.000000,0.000000,0.000000,0.000000,0.000000,0.000000,0.000000,0.000000,0.000000,0.000000,0.000000,0.000000,0.000000,0.000000,0.000000,0.000000,0.000000,0.000000,
0.000000,0.000000,0.000000,0.000000,0.000000,0.000000,0.000000,0.000000,0.000000,0.000000,0.000000,0.000000,0.000000,0.000000,0.000000,0.000000,0.000000,0.000000,0.000000,0.000000,0.000000,0.000000,0.000000,0.000000,0.000000,0.000000,0.000000,0.000000,0.000000,0.000000,0.000000,0.000000,0.000000,0.000000,0.000000,0.000000,0.000000,0.000000,0.000000,0.000000,
0.000000,0.000000,0.000000,0.000000,0.000000,0.000000,0.000000,0.000000,0.000000,0.000000,0.000000,0.000000,0.000000,0.000000,0.000000,0.000000,0.000000,0.000000,0.000000,0.000000,0.000000,0.000000,0.000000,0.000000,0.000000,0.000000,0.000000,0.000000,0.000000,0.000000,0.000000,0.000000,0.000000,0.000000,0.000000,0.000000,0.000000,0.000000,0.000000,0.000000,
0.000000,0.000000,0.000000,0.000000,0.000000,0.000000,0.000000,0.000000,0.000000,0.000000,0.000000,0.000000,0.000000,0.000000,0.000000,0.000000,0.000000,0.000000,0.000000,0.000000,0.000000,0.000000,0.000000,0.000000,0.000000,0.000000,0.000000,0.000000,0.000000,0.000000,0.000000,0.000000,0.000000,0.000000,0.000000,0.000000,0.000000,0.000000,0.000000,0.000000,
0.000000,0.000000,0.000000,0.000000,0.000000,0.000000,0.000000,0.000000,0.000000,0.000000,0.000000,0.000000,0.000000,0.000000,0.000000,0.000000,0.000000,0.000000,0.000000,0.000000,0.000000,0.000000,0.000000,0.000000,0.000000,0.000000,0.000000,0.000000,0.000000,0.000000,0.000000,0.000000,0.000000,0.000000,0.000000,0.000000,0.000000,0.000000,0.000000,0.000000,
0.000000,0.000000,0.000000,0.000000,0.000000,0.000000,0.000000,0.000000,0.000000,0.000000,0.000000,0.000000,0.000000,0.000000,0.000000,0.000000,0.000000,0.000000,0.000000,0.000000,0.000000,0.000000,0.000000,0.000000,0.000000,0.000000,0.000000,0.000000,0.000000,0.000000,0.000000,0.000000,0.000000,0.000000,0.000000,0.000000,0.000000,0.000000,0.000000,0.000000,
0.000000,0.000000,0.000000,0.000000,0.000000,0.000000,0.000000,0.000000,0.000000,0.000000,0.000000,0.000000,0.000000,0.000000,0.000000,0.000000,0.000000,0.000000,0.000000,0.000000,0.000000,0.000000,0.000000,0.000000,0.000000,0.000000,0.000000,0.000000,0.000000,0.000000,0.000000,0.000000,0.000000,0.000000,0.000000,0.000000,0.000000,0.000000,0.000000,0.000000,
0.000000,0.000000,0.000000,0.000000,0.000000,0.000000,0.000000,0.000000,0.000000,0.000000,0.000000,0.000000,0.000000,0.000000,0.000000,0.000000,0.000000,0.000000,0.000000,0.000000,0.000000,0.000000,0.000000,0.000000,0.000000,0.000000,0.000000,0.000000,0.000000,0.000000,0.000000,0.000000,0.000000,0.000000,0.000000,0.000000,0.000000,0.000000,0.000000,0.000000,
0.000000,0.000000,0.000000,0.000000,0.000000,0.000000,0.000000,0.000000,0.000000,0.000000,0.000000,0.000000,0.000000,0.000000,0.000000,0.000000,0.000000,0.000000,0.000000,0.000000,0.000000,0.000000,0.000000,0.000000,0.000000,0.000000,0.000000,0.000000,0.000000,0.000000,0.000000,0.000000,0.000000,0.000000,0.000000,0.000000,0.000000,0.000000,0.000000,0.000000,
