40 40
0.000000 0.000000 0.000000 0.000000 0.000000 0.000000 0.000000 0.000000 0.000000 0.000000 0.000000 0.000000 0.000000 0.000000 0.000000 0.000000 0.000000 0.000000 0.000000 0.000000 0.000000 0.000000 0.000000 0.000000 0.000000 0.000000 0.000000 0.000000 0.000000 0.000000 0.000000 0.000000 0.000000 0.000000 0.000000 0.000000 0.000000 0.000000 0.000000 0.000000 
0.000000 0.000000 0.000000 0.000000 0.000000 0.000000 0.000000 0.000000 0.000000 0.000000 0.000000 0.000000 0.000000 0.000000 0.000000 0.000000 0.000000 0.000000 0.000000 0.000000 0.000000 0.000000 0.000000 0.000000 0.000000 0.000000 0.000000 0.000000 0.000000 0.000000 0.000000 0.000000 0.000000 0.000000 0.000000 0.000000 0.000000 0.000000 0.000000 0.000000 
0.000000 0.000000 0.000000 0.000000 0.000000 0.000000 0.000000 0.000000 0.000000 0.000000 0.000000 0.000000 0.000000 0.000000 0.000000 0.000000 0.000000 0.000000 0.000000 0.000000 0.000000 0.000000 0.000000 0.000000 0.000000 0.000000 0.000000 0.000000 0.000000 0.000000 0.000000 0.000000 0.000000 0.000000 0.000000 0.000000 0.000000 0.000000 0.000000 0.000000 
0.000000 0.000000 0.000000 0.000000 0.000000 0.000000 0.000000 0.000000 0.000000 0.000000 0.000000 0.000000 0.000000 0.000000 0.000000 0.000000 0.000000 0.000000 0.000000 0.000000 0.000000 0.000000 0.000000 0.000000 0.000000 0.000000 0.000000 0.000000 0.000000 0.000000 0.000000 0.000000 0.000000 0.000000 0.000000 0.000000 0.000000 0.000000 0.000000 0.000000 
0.000000 0.000000 0.000000 0.000000 0.000000 0.000000 0.000000 0.000000 0.000000 0.000000 0.000000 0.000000 0.000000 0.000000 0.000000 0.000000 0.000000 0.000000 0.000000 0.000000 0.000000 0.000000 0.000000 0.000000 0.000000 0.000000 0.000000 0.000000 0.000000 0.000000 0.000000 0.000000 0.000000 0.000000 0.000000 0.000000 0.000000 0.000000 0.000000 0.000000 
0.000000 0.000000 0.000000 0.000000 0.000000 0.000000 0.000000 0.000000 0.000000 0.000000 0.000000 0.000000 0.000000 0.000000 0.000000 0.000000 0.000000 0.000000 0.000000 0.000000 0.000000 0.000000 0.000000 0.000000 0.000000 0.000000 0.000000 0.000000 0.000000 0.000000 0.000000 0.000000 0.000000 0.000000 0.000000 0.000000 0.000000 0.000000 0.000000 0.000000 
0.000000 0.000000 0.000000 0.000000 0.000000 0.000000 0.000000 0.000000 0.000000 0.000000 0.000000 0.000000 0.000000 0.000000 0.000000 0.000000 0.000000 0.000000 0.000000 0.000000 0.000000 0.000000 0.000000 0.000000 0.000000 0.000000 0.000000 0.000000 0.000000 0.000000 0.000000 0.000000 0.000000 0.000000 0.000000 0.000000 0.000000 0.000000 0.000000 0.000000 
0.000000 0.000000 0.000000 0.000000 0.000000 0.000000 0.000000 0.000000 0.000000 0.000000 0.000000 0.000000 0.000000 0.000000 0.000000 0.000000 0.000000 0.000000 0.000000 0.000000 0.000000 0.000000 0.000000 0.000000 0.000000 0.000000 0.000000 0.000000 0.000000 0.000000 0.000000 0.000000 0.000000 0.000000 0.000000 0.000000 0.000000 0.000000 0.000000 0.000000 
0.000000 0.000000 0.000000 0.000000 0.000000 0.000000 0.000000 0.000000 0.000000 0.000000 0.000000 0.000000 0.000000 2.917000 2.917000 2.917000 2.994000 2.994000 2.994000 2.955000 2.955000 2.955000 2.955000 2.955000 2.917000 2.880000 2.880000 2.880000 2.085000 2.085000 2.108000 2.085000 2.085000 2.085000 2.108000 2.108000 2.108000 0.000000 0.000000 0.000000 
0.000000 0.000000 0.000000 0.000000 0.000000 0.000000 0.000000 0.000000 0.000000 0.000000 0.000000 0.000000 0.000000 2.917000 2.740000 2.740000 2.917000 2.917000 2.955000 2.955000 2.917000 2.917000 2.955000 2.917000 2.917000 2.085000 2.085000 2.108000 2.085000 2.085000 2.085000 2.108000 2.108000 2.108000 2.108000 2.085000 2.085000 0.000000 0.000000 0.000000 
0.000000 0.000000 0.000000 0.000000 0.000000 0.000000 0.000000 0.000000 0.000000 0.000000 2.994000 2.994000 2.994000 2.674000 2.674000 2.674000 2.774000 2.880000 2.917000 2.917000 2.917000 2.917000 2.064000 2.064000 2.108000 2.085000 2.085000 2.108000 2.085000 2.085000 2.085000 2.108000 2.085000 2.085000 2.064000 2.064000 2.064000 0.000000 0.000000 0.000000 
0.000000 0.000000 0.000000 0.000000 2.994000 2.994000 2.994000 2.994000 2.994000 2.994000 2.994000 2.994000 2.610000 2.610000 2.610000 2.641000 2.774000 2.880000 2.917000 2.917000 2.085000 2.085000 2.064000 2.064000 2.064000 2.085000 2.085000 2.064000 2.064000 2.042000 2.042000 2.064000 2.042000 2.042000 2.021000 2.021000 2.042000 0.000000 0.000000 0.000000 
0.000000 0.000000 0.000000 0.000000 2.994000 2.994000 2.955000 2.955000 2.955000 2.994000 2.994000 2.994000 2.610000 2.610000 1.959000 1.959000 2.064000 2.064000 2.064000 2.064000 2.085000 2.085000 2.064000 2.064000 2.064000 2.064000 2.064000 2.064000 2.042000 2.021000 2.021000 2.021000 2.021000 2.021000 2.021000 2.021000 2.042000 0.000000 0.000000 0.000000 
0.000000 0.000000 0.000000 0.000000 2.994000 2.955000 2.955000 2.955000 2.042000 2.042000 2.042000 2.042000 2.042000 2.064000 1.959000 1.959000 2.064000 2.064000 2.064000 2.064000 2.064000 2.064000 2.064000 2.021000 2.021000 2.042000 2.042000 2.042000 2.021000 2.021000 2.021000 2.021000 2.021000 2.021000 2.021000 2.042000 2.042000 0.000000 0.000000 0.000000 
0.000000 0.000000 0.000000 2.917000 2.917000 2.917000 2.917000 2.064000 2.021000 2.021000 2.021000 2.042000 2.042000 2.042000 2.064000 2.064000 2.064000 2.042000 2.021000 2.021000 2.042000 2.042000 2.000000 2.000000 2.000000 2.000000 2.021000 2.042000 2.021000 2.021000 2.021000 2.021000 2.021000 2.021000 2.021000 2.042000 2.042000 0.000000 0.000000 0.000000 
0.000000 0.000000 0.000000 1.980000 1.980000 2.021000 2.021000 2.042000 2.021000 2.021000 2.021000 2.021000 2.021000 2.042000 2.042000 2.042000 2.042000 2.021000 2.021000 2.021000 2.021000 2.000000 2.000000 2.000000 2.000000 2.000000 2.021000 2.042000 2.042000 2.042000 2.021000 2.021000 2.042000 2.042000 2.042000 2.042000 2.042000 0.000000 0.000000 0.000000 
0.000000 0.000000 0.000000 1.980000 1.980000 2.021000 2.021000 2.021000 2.000000 2.000000 2.000000 2.000000 2.000000 1.980000 1.980000 1.959000 1.959000 2.000000 2.000000 2.000000 2.000000 2.000000 2.000000 2.000000 2.000000 2.021000 2.021000 2.021000 2.021000 2.042000 2.042000 2.042000 2.042000 2.064000 2.064000 2.064000 2.064000 0.000000 0.000000 0.000000 
0.000000 0.000000 0.000000 2.000000 2.000000 2.021000 2.000000 2.000000 1.980000 1.980000 1.980000 1.980000 1.980000 1.959000 1.959000 1.959000 1.959000 1.980000 1.980000 2.000000 2.000000 2.000000 2.000000 2.021000 2.021000 2.021000 2.021000 2.021000 2.021000 2.021000 2.021000 2.042000 2.042000 2.064000 2.064000 2.064000 2.064000 0.000000 0.000000 0.000000 
0.000000 0.000000 0.000000 2.021000 2.021000 2.021000 2.000000 1.980000 1.980000 1.959000 1.959000 1.959000 1.959000 1.959000 1.959000 1.959000 1.980000 1.980000 1.980000 2.000000 2.000000 2.000000 2.000000 2.000000 2.000000 2.021000 2.021000 2.021000 2.021000 2.021000 2.021000 2.042000 2.042000 2.064000 2.064000 2.064000 2.064000 0.000000 0.000000 0.000000 
0.000000 0.000000 0.000000 0.000000 2.000000 2.000000 1.980000 1.980000 1.980000 1.959000 1.959000 1.959000 1.959000 1.959000 1.959000 1.980000 1.980000 1.980000 2.000000 2.000000 2.000000 2.000000 2.000000 2.000000 2.000000 2.021000 2.021000 2.042000 2.042000 2.021000 2.021000 2.042000 2.064000 2.064000 2.064000 2.064000 2.064000 0.000000 0.000000 0.000000 
0.000000 0.000000 0.000000 0.000000 2.000000 1.980000 1.980000 1.980000 1.980000 1.980000 1.980000 1.980000 1.980000 1.980000 1.980000 1.980000 1.980000 2.000000 2.000000 2.000000 2.000000 2.000000 2.000000 2.000000 2.000000 2.000000 2.021000 2.042000 2.042000 2.042000 2.042000 2.042000 2.042000 2.042000 2.042000 2.042000 2.042000 0.000000 0.000000 0.000000 
0.000000 0.000000 0.000000 0.000000 1.959000 1.959000 1.980000 1.980000 1.980000 1.980000 1.980000 1.980000 2.000000 2.000000 2.000000 2.000000 2.000000 2.000000 2.000000 2.000000 2.000000 2.000000 2.000000 2.000000 2.000000 2.000000 2.021000 2.042000 2.042000 2.021000 2.021000 2.042000 2.000000 2.000000 2.021000 2.021000 2.021000 0.000000 0.000000 0.000000 
0.000000 0.000000 0.000000 1.920000 1.920000 1.959000 1.959000 1.980000 1.980000 1.980000 1.980000 1.980000 2.000000 2.000000 2.000000 2.000000 2.000000 2.000000 2.000000 2.000000 2.000000 2.000000 2.000000 2.000000 2.000000 2.000000 2.021000 2.021000 2.042000 2.021000 2.021000 2.021000 1.959000 1.959000 2.021000 2.021000 2.021000 0.000000 0.000000 0.000000 
0.000000 0.000000 0.000000 1.920000 1.920000 1.959000 1.959000 1.980000 1.980000 1.980000 1.980000 1.980000 2.000000 2.000000 2.000000 2.000000 2.000000 2.000000 2.000000 2.000000 2.000000 2.000000 2.021000 2.021000 2.000000 2.000000 2.021000 2.021000 2.042000 2.000000 2.000000 2.021000 1.959000 1.959000 2.021000 2.021000 0.000000 0.000000 0.000000 0.000000 
0.000000 0.000000 0.000000 1.959000 1.959000 1.959000 1.959000 1.980000 1.980000 1.980000 1.980000 1.980000 1.980000 1.980000 1.980000 2.000000 2.000000 2.000000 2.000000 2.000000 2.000000 2.021000 2.021000 2.000000 2.000000 2.000000 2.021000 2.021000 2.021000 2.000000 2.000000 2.021000 2.021000 0.000000 0.000000 0.000000 0.000000 0.000000 0.000000 0.000000 
0.000000 0.000000 0.000000 1.959000 1.959000 1.959000 1.959000 1.980000 1.980000 1.980000 1.980000 1.980000 1.980000 1.980000 1.980000 1.980000 1.980000 1.980000 1.980000 1.980000 2.000000 2.021000 2.021000 2.000000 2.000000 2.000000 2.021000 2.021000 2.000000 2.000000 2.000000 2.042000 0.000000 0.000000 0.000000 0.000000 0.000000 0.000000 0.000000 0.000000 
0.000000 0.000000 0.000000 1.959000 1.959000 1.959000 1.959000 1.980000 1.980000 1.980000 1.980000 1.980000 1.980000 1.980000 1.980000 1.980000 1.980000 1.980000 1.959000 1.959000 1.959000 2.000000 2.042000 2.000000 2.000000 2.021000 2.021000 2.000000 2.000000 2.000000 1.901000 1.901000 0.000000 0.000000 0.000000 0.000000 0.000000 0.000000 0.000000 0.000000 
0.000000 0.000000 0.000000 1.959000 1.959000 1.959000 1.959000 1.959000 1.980000 1.980000 1.980000 1.959000 1.959000 1.959000 1.959000 1.959000 1.980000 1.959000 1.939000 1.920000 1.920000 2.000000 0.000000 2.000000 2.000000 2.021000 2.021000 2.000000 2.000000 0.000000 1.901000 1.901000 0.000000 0.000000 0.000000 0.000000 0.000000 0.000000 0.000000 0.000000 
0.000000 0.000000 0.000000 1.959000 1.959000 1.959000 1.959000 1.959000 1.959000 1.980000 1.980000 1.959000 1.939000 1.939000 1.920000 1.920000 1.939000 1.939000 1.939000 1.920000 1.920000 0.000000 0.000000 0.000000 0.000000 0.000000 0.000000 0.000000 0.000000 0.000000 0.000000 0.000000 0.000000 0.000000 0.000000 0.000000 0.000000 0.000000 0.000000 0.000000 
0.000000 0.000000 0.000000 1.939000 1.939000 1.939000 1.939000 1.939000 1.959000 1.959000 1.959000 1.959000 1.920000 1.920000 1.920000 1.920000 1.939000 1.939000 1.920000 1.920000 0.000000 0.000000 0.000000 0.000000 0.000000 0.000000 0.000000 0.000000 0.000000 0.000000 0.000000 0.000000 0.000000 0.000000 0.000000 0.000000 0.000000 0.000000 0.000000 0.000000 
0.000000 0.000000 0.000000 1.939000 1.920000 1.920000 1.939000 1.939000 1.959000 1.959000 1.959000 0.000000 1.920000 1.920000 1.920000 1.920000 1.939000 1.939000 1.920000 1.920000 0.000000 0.000000 0.000000 0.000000 0.000000 0.000000 0.000000 0.000000 0.000000 0.000000 0.000000 0.000000 0.000000 0.000000 0.000000 0.000000 0.000000 0.000000 0.000000 0.000000 
0.000000 0.000000 0.000000 1.920000 1.920000 1.920000 1.920000 1.920000 1.959000 1.959000 0.000000 0.000000 1.920000 1.920000 0.000000 0.000000 0.000000 0.000000 0.000000 0.000000 0.000000 0.000000 0.000000 0.000000 0.000000 0.000000 0.000000 0.000000 0.000000 0.000000 0.000000 0.000000 0.000000 0.000000 0.000000 0.000000 0.000000 0.000000 0.000000 0.000000 
0.000000 0.000000 0.000000 0.000000 0.000000 0.000000 0.000000 0.000000 0.000000 0.000000 0.000000 0.000000 0.000000 0.000000 0.000000 0.000000 0.000000 0.000000 0.000000 0.000000 0.000000 0.000000 0.000000 0.000000 0.000000 0.000000 0.000000 0.000000 0.000000 0.000000 0.000000 0.000000 0.000000 0.000000 0.000000 0.000000 0.000000 0.000000 0.000000 0.000000 
0.000000 0.000000 0.000000 0.000000 0.000000 0.000000 0.000000 0.000000 0.000000 0.000000 0.000000 0.000000 0.000000 0.000000 0.000000 0.000000 0.000000 0.000000 0.000000 0.000000 0.000000 0.000000 0.000000 0.000000 0.000000 0.000000 0.000000 0.000000 0.000000 0.000000 0.000000 0.000000 0.000000 0.000000 0.000000 0.000000 0.000000 0.000000 0.000000 0.000000 
0.000000 0.000000 0.000000 0.000000 0.000000 0.000000 0.000000 0.000000 0.000000 0.000000 0.000000 0.000000 0.000000 0.000000 0.000000 0.000000 0.000000 0.000000 0.000000 0.000000 0.000000 0.000000 0.000000 0.000000 0.000000 0.000000 0.000000 0.000000 0.000000 0.000000 0.000000 0.000000 0.000000 0.000000 0.000000 0.000000 0.000000 0.000000 0.000000 0.000000 
0.000000 0.000000 0.000000 0.000000 0.000000 0.000000 0.000000 0.000000 0.000000 0.000000 0.000000 0.000000 0.000000 0.000000 0.000000 0.000000 0.000000 0.000000 0.000000 0.000000 0.000000 0.000000 0.000000 0.000000 0.000000 0.000000 0.000000 0.000000 0.000000 0.000000 0.000000 0.000000 0.000000 0.000000 0.000000 0.000000 0.000000 0.000000 0.000000 0.000000 
0.000000 0.000000 0.000000 0.000000 0.000000 0.000000 0.000000 0.000000 0.000000 0.000000 0.000000 0.000000 0.000000 0.000000 0.000000 0.000000 0.000000 0.000000 0.000000 0.000000 0.000000 0.000000 0.000000 0.000000 0.000000 0.000000 0.000000 0.000000 0.000000 0.000000 0.000000 0.000000 0.000000 0.000000 0.000000 0.000000 0.000000 0.000000 0.000000 0.000000 
0.000000 0.000000 0.000000 0.000000 0.000000 0.000000 0.000000 0.000000 0.000000 0.000000 0.000000 0.000000 0.000000 0.000000 0.000000 0.000000 0.000000 0.000000 0.000000 0.000000 0.000000 0.000000 0.000000 0.000000 0.000000 0.000000 0.000000 0.000000 0.000000 0.000000 0.000000 0.000000 0.000000 0.000000 0.000000 0.000000 0.000000 0.000000 0.000000 0.000000 
0.000000 0.000000 0.000000 0.000000 0.000000 0.000000 0.000000 0.000000 0.000000 0.000000 0.000000 0.000000 0.000000 0.000000 0.000000 0.000000 0.000000 0.000000 0.000000 0.000000 0.000000 0.000000 0.000000 0.000000 0.000000 0.000000 0.000000 0.000000 0.000000 0.000000 0.000000 0.000000 0.000000 0.000000 0.000000 0.000000 0.000000 0.000000 0.000000 0.000000 
0.000000 0.000000 0.000000 0.000000 0.000000 0.000000 0.000000 0.000000 0.000000 0.000000 0.000000 0.000000 0.000000 0.000000 0.000000 0.000000 0.000000 0.000000 0.000000 0.000000 0.000000 0.000000 0.000000 0.000000 0.000000 0.000000 0.000000 0.000000 0.000000 0.000000 0.000000 0.000000 0.000000 0.000000 0.000000 0.000000 0.000000 0.000000 0.000000 0.000000 
