0.000000,0.000000,0.000000,0.000000,0.000000,2.895000,2.340000,2.026000,2.010000,1.983000,1.940000,1.914000,1.914000,1.914000,1.914000,1.919000,1.935000,1.512000,0.000000,0.000000,0.000000,0.000000,0.000000,0.000000,0.000000,0.000000,0.000000,0.000000,0.000000,0.000000,0.000000,0.000000,0.000000,0.000000,0.000000,0.000000,0.000000,0.000000,0.000000,0.000000,
0.000000,0.000000,0.000000,0.000000,0.000000,2.898000,2.320000,2.000000,2.000000,1.983000,1.940000,1.914000,1.914000,1.912000,1.908000,1.905000,1.905000,1.279000,0.000000,0.000000,0.000000,0.000000,0.000000,0.000000,0.000000,0.000000,0.000000,0.000000,0.000000,0.000000,0.000000,0.000000,0.000000,0.000000,0.000000,0.000000,0.000000,0.000000,0.000000,0.000000,
0.000000,0.000000,0.000000,0.000000,0.000000,2.947000,2.338000,2.000000,2.000000,1.983000,1.940000,1.914000,1.914000,1.906000,1.881000,1.864000,1.864000,1.585000,0.000000,0.000000,0.000000,0.000000,0.000000,0.000000,0.000000,0.000000,0.000000,0.000000,0.000000,0.000000,0.000000,0.000000,0.000000,0.000000,0.000000,0.000000,0.000000,0.000000,0.000000,0.000000,
0.000000,0.000000,0.000000,0.000000,0.000000,2.987000,2.352000,2.000000,2.000000,1.984000,1.946000,1.921000,1.917000,1.900000,1.859000,1.831000,1.831000,1.831000,1.831000,1.229000,0.000000,0.000000,0.000000,0.000000,0.000000,0.000000,0.000000,0.000000,0.000000,0.000000,0.000000,0.000000,0.000000,0.000000,0.000000,0.000000,0.000000,0.000000,0.000000,0.000000,
0.000000,0.000000,0.000000,0.000000,0.000000,2.987000,2.352000,2.000000,2.000000,1.993000,1.975000,1.955000,1.930000,1.900000,1.859000,1.831000,1.831000,1.831000,1.831000,1.229000,0.000000,0.000000,0.000000,0.000000,0.000000,0.000000,0.000000,0.000000,0.000000,0.000000,0.000000,0.000000,0.000000,0.000000,0.000000,0.000000,0.000000,0.000000,0.000000,0.000000,
0.000000,0.000000,0.000000,0.000000,0.000000,2.988000,2.357000,2.007000,2.007000,2.006000,2.002000,1.985000,1.946000,1.908000,1.870000,1.843000,1.840000,1.837000,1.833000,1.277000,0.000000,0.000000,0.000000,0.000000,0.000000,0.000000,0.000000,0.000000,0.000000,0.000000,0.000000,0.000000,0.000000,0.000000,0.000000,0.000000,0.000000,0.000000,0.000000,0.000000,
0.000000,0.000000,0.000000,0.000000,0.000000,2.999000,2.388000,2.050000,2.050000,2.040000,2.015000,1.993000,1.975000,1.957000,1.940000,1.920000,1.896000,1.872000,1.849000,1.572000,0.000000,0.000000,0.000000,0.000000,0.000000,0.000000,0.000000,0.000000,0.000000,0.000000,0.000000,0.000000,0.000000,0.000000,0.000000,0.000000,0.000000,0.000000,0.000000,0.000000,
0.000000,0.000000,0.000000,0.000000,0.000000,0.000000,2.416000,2.088000,2.088000,2.070000,2.027000,2.000000,2.000000,2.000000,2.000000,1.988000,1.948000,1.908000,1.864000,1.831000,1.831000,1.322000,0.000000,0.000000,0.000000,0.000000,0.000000,0.000000,0.000000,0.000000,0.000000,0.000000,0.000000,0.000000,0.000000,0.000000,0.000000,0.000000,0.000000,0.000000,
0.000000,0.000000,0.000000,0.000000,0.000000,0.000000,2.416000,2.088000,2.088000,2.070000,2.027000,2.000000,2.000000,2.000000,2.000000,1.994000,1.975000,1.944000,1.880000,1.831000,1.831000,1.322000,0.000000,0.000000,0.000000,0.000000,0.000000,0.000000,0.000000,0.000000,0.000000,0.000000,0.000000,0.000000,0.000000,0.000000,0.000000,0.000000,0.000000,0.000000,
0.000000,0.000000,0.000000,0.000000,0.000000,0.000000,2.416000,2.088000,2.088000,2.071000,2.030000,2.003000,2.001000,2.000000,2.000000,2.000000,2.000000,1.978000,1.897000,1.835000,1.835000,1.326000,0.000000,0.000000,0.000000,0.000000,0.000000,0.000000,0.000000,0.000000,0.000000,0.000000,0.000000,0.000000,0.000000,0.000000,0.000000,0.000000,0.000000,0.000000,
0.000000,0.000000,0.000000,0.000000,0.000000,0.000000,2.416000,2.088000,2.088000,2.080000,2.060000,2.038000,2.015000,2.000000,2.000000,2.000000,2.000000,1.984000,1.922000,1.875000,1.875000,1.362000,0.000000,0.000000,0.000000,0.000000,0.000000,0.000000,0.000000,0.000000,0.000000,0.000000,0.000000,0.000000,0.000000,0.000000,0.000000,0.000000,0.000000,0.000000,
0.000000,0.000000,0.000000,0.000000,0.000000,0.000000,2.416000,2.088000,2.086000,2.086000,2.086000,2.070000,2.028000,2.000000,2.000000,2.000000,2.001000,1.991000,1.947000,1.914000,1.914000,1.397000,0.000000,0.000000,0.000000,0.000000,0.000000,0.000000,0.000000,0.000000,0.000000,0.000000,0.000000,0.000000,0.000000,0.000000,0.000000,0.000000,0.000000,0.000000,
0.000000,0.000000,0.000000,0.000000,0.000000,0.000000,2.416000,2.078000,2.056000,2.043000,2.043000,2.035000,2.014000,2.000000,2.000000,2.007000,2.029000,2.028000,1.964000,1.914000,1.914000,1.397000,0.000000,0.000000,0.000000,0.000000,0.000000,0.000000,0.000000,0.000000,0.000000,0.000000,0.000000,0.000000,0.000000,0.000000,0.000000,0.000000,0.000000,0.000000,
0.000000,0.000000,0.000000,0.000000,0.000000,0.000000,2.422000,2.076000,2.028000,2.000000,2.000000,2.000000,2.000000,2.000000,2.000000,2.013000,2.056000,2.065000,1.980000,1.915000,1.915000,1.402000,0.000000,0.000000,0.000000,0.000000,0.000000,0.000000,0.000000,0.000000,0.000000,0.000000,0.000000,0.000000,0.000000,0.000000,0.000000,0.000000,0.000000,0.000000,
0.000000,0.000000,0.000000,0.000000,0.000000,0.000000,2.806000,2.488000,2.181000,2.000000,2.000000,2.000000,2.000000,2.000000,2.000000,2.013000,2.056000,2.071000,2.006000,1.957000,1.957000,1.698000,0.000000,0.000000,0.000000,0.000000,0.000000,0.000000,0.000000,0.000000,0.000000,0.000000,0.000000,0.000000,0.000000,0.000000,0.000000,0.000000,0.000000,0.000000,
0.000000,0.000000,0.000000,0.000000,0.000000,0.000000,0.000000,2.899000,2.334000,2.000000,2.000000,2.000000,2.000000,2.000000,2.000000,2.013000,2.056000,2.076000,2.033000,1.999000,1.999000,1.994000,1.970000,1.524000,0.000000,0.000000,0.000000,0.000000,0.000000,0.000000,0.000000,0.000000,0.000000,0.000000,0.000000,0.000000,0.000000,0.000000,0.000000,0.000000,
0.000000,0.000000,0.000000,0.000000,0.000000,0.000000,0.000000,2.860000,2.319000,2.000000,2.000000,2.008000,2.029000,2.042000,2.042000,2.049000,2.072000,2.076000,2.033000,2.000000,2.000000,2.000000,2.000000,1.571000,0.000000,0.000000,0.000000,0.000000,0.000000,0.000000,0.000000,0.000000,0.000000,0.000000,0.000000,0.000000,0.000000,0.000000,0.000000,0.000000,
0.000000,0.000000,0.000000,0.000000,0.000000,0.000000,0.000000,2.812000,2.301000,2.000000,2.000000,2.016000,2.058000,2.086000,2.086000,2.086000,2.087000,2.076000,2.033000,2.000000,2.000000,2.000000,2.000000,1.571000,0.000000,0.000000,0.000000,0.000000,0.000000,0.000000,0.000000,0.000000,0.000000,0.000000,0.000000,0.000000,0.000000,0.000000,0.000000,0.000000,
0.000000,0.000000,0.000000,0.000000,0.000000,0.000000,0.000000,2.915000,2.642000,2.401000,2.206000,2.084000,2.087000,2.088000,2.088000,2.088000,2.088000,2.076000,2.033000,2.000000,2.000000,2.000000,2.000000,1.770000,0.000000,0.000000,0.000000,0.000000,0.000000,0.000000,0.000000,0.000000,0.000000,0.000000,0.000000,0.000000,0.000000,0.000000,0.000000,0.000000,
0.000000,0.000000,0.000000,0.000000,0.000000,0.000000,0.000000,0.000000,0.000000,2.826000,2.423000,2.157000,2.115000,2.088000,2.088000,2.088000,2.088000,2.076000,2.033000,2.000000,2.000000,2.000000,2.000000,1.981000,1.862000,1.439000,0.000000,0.000000,0.000000,0.000000,0.000000,0.000000,0.000000,0.000000,0.000000,0.000000,0.000000,0.000000,0.000000,0.000000,
0.000000,0.000000,0.000000,0.000000,0.000000,0.000000,0.000000,0.000000,0.000000,2.864000,2.443000,2.163000,2.118000,2.088000,2.088000,2.088000,2.088000,2.076000,2.033000,2.000000,2.000000,2.000000,2.000000,2.000000,2.000000,1.667000,0.000000,0.000000,0.000000,0.000000,0.000000,0.000000,0.000000,0.000000,0.000000,0.000000,0.000000,0.000000,0.000000,0.000000,
0.000000,0.000000,0.000000,0.000000,0.000000,0.000000,0.000000,0.000000,0.000000,2.864000,2.443000,2.163000,2.118000,2.088000,2.088000,2.088000,2.088000,2.076000,2.033000,2.000000,2.000000,2.000000,2.000000,2.000000,2.000000,1.667000,0.000000,0.000000,0.000000,0.000000,0.000000,0.000000,0.000000,0.000000,0.000000,0.000000,0.000000,0.000000,0.000000,0.000000,
0.000000,0.000000,0.000000,0.000000,0.000000,0.000000,0.000000,0.000000,0.000000,2.881000,2.500000,2.230000,2.145000,2.088000,2.088000,2.088000,2.088000,2.076000,2.033000,2.000000,2.000000,2.000000,2.000000,2.000000,2.000000,1.667000,0.000000,0.000000,0.000000,0.000000,0.000000,0.000000,0.000000,0.000000,0.000000,0.000000,0.000000,0.000000,0.000000,0.000000,
0.000000,0.000000,0.000000,0.000000,0.000000,0.000000,0.000000,0.000000,0.000000,2.900000,2.566000,2.307000,2.175000,2.088000,2.088000,2.088000,2.088000,2.076000,2.033000,2.000000,2.000000,2.000000,2.000000,2.000000,2.000000,1.667000,0.000000,0.000000,0.000000,0.000000,0.000000,0.000000,0.000000,0.000000,0.000000,0.000000,0.000000,0.000000,0.000000,0.000000,
0.000000,0.000000,0.000000,0.000000,0.000000,0.000000,0.000000,0.000000,0.000000,2.952000,2.621000,2.354000,2.194000,2.088000,2.088000,2.088000,2.088000,2.076000,2.033000,2.000000,2.000000,2.000000,2.000000,2.000000,2.000000,1.804000,0.000000,0.000000,0.000000,0.000000,0.000000,0.000000,0.000000,0.000000,0.000000,0.000000,0.000000,0.000000,0.000000,0.000000,
0.000000,0.000000,0.000000,0.000000,0.000000,0.000000,0.000000,0.000000,0.000000,0.000000,2.674000,2.394000,2.210000,2.088000,2.088000,2.088000,2.088000,2.076000,2.033000,2.000000,2.000000,2.000000,2.000000,2.000000,2.000000,1.968000,1.707000,1.255000,0.000000,0.000000,0.000000,0.000000,0.000000,0.000000,0.000000,0.000000,0.000000,0.000000,0.000000,0.000000,
0.000000,0.000000,0.000000,0.000000,0.000000,0.000000,0.000000,0.000000,0.000000,0.000000,2.873000,2.630000,2.326000,2.118000,2.100000,2.088000,2.088000,2.076000,2.033000,2.000000,2.000000,2.000000,2.000000,2.000000,2.000000,2.000000,2.000000,1.763000,0.000000,0.000000,0.000000,0.000000,0.000000,0.000000,0.000000,0.000000,0.000000,0.000000,0.000000,0.000000,
0.000000,0.000000,0.000000,0.000000,0.000000,0.000000,0.000000,0.000000,0.000000,0.000000,0.000000,2.915000,2.466000,2.156000,2.116000,2.088000,2.088000,2.076000,2.033000,2.000000,2.000000,2.000000,2.000000,2.000000,2.000000,2.000000,2.000000,1.763000,0.000000,0.000000,0.000000,0.000000,0.000000,0.000000,0.000000,0.000000,0.000000,0.000000,0.000000,0.000000,
0.000000,0.000000,0.000000,0.000000,0.000000,0.000000,0.000000,0.000000,0.000000,0.000000,0.000000,0.000000,2.748000,2.473000,2.246000,2.088000,2.088000,2.076000,2.033000,2.000000,2.000000,2.000000,2.000000,2.000000,2.000000,2.000000,2.000000,1.763000,0.000000,0.000000,0.000000,0.000000,0.000000,0.000000,0.000000,0.000000,0.000000,0.000000,0.000000,0.000000,
0.000000,0.000000,0.000000,0.000000,0.000000,0.000000,0.000000,0.000000,0.000000,0.000000,0.000000,0.000000,0.000000,2.875000,2.411000,2.088000,2.088000,2.076000,2.033000,2.000000,2.000000,2.000000,2.000000,2.000000,2.000000,2.000000,2.000000,1.763000,0.000000,0.000000,0.000000,0.000000,0.000000,0.000000,0.000000,0.000000,0.000000,0.000000,0.000000,0.000000,
0.000000,0.000000,0.000000,0.000000,0.000000,0.000000,0.000000,0.000000,0.000000,0.000000,0.000000,0.000000,0.000000,2.983000,2.456000,2.088000,2.088000,2.076000,2.033000,2.000000,2.000000,2.000000,2.000000,2.000000,2.000000,2.000000,2.000000,1.848000,0.000000,0.000000,0.000000,0.000000,0.000000,0.000000,0.000000,0.000000,0.000000,0.000000,0.000000,0.000000,
0.000000,0.000000,0.000000,0.000000,0.000000,0.000000,0.000000,0.000000,0.000000,0.000000,0.000000,0.000000,0.000000,2.983000,2.456000,2.088000,2.088000,2.076000,2.033000,2.000000,2.000000,2.000000,2.000000,2.000000,2.000000,2.000000,2.000000,1.964000,1.562000,1.061000,0.000000,0.000000,0.000000,0.000000,0.000000,0.000000,0.000000,0.000000,0.000000,0.000000,
0.000000,0.000000,0.000000,0.000000,0.000000,0.000000,0.000000,0.000000,0.000000,0.000000,0.000000,0.000000,0.000000,2.913000,2.427000,2.084000,2.069000,2.050000,2.022000,2.000000,2.000000,2.000000,2.000000,2.000000,2.000000,2.000000,2.000000,2.000000,2.000000,1.859000,0.000000,0.000000,0.000000,0.000000,0.000000,0.000000,0.000000,0.000000,0.000000,0.000000,
0.000000,0.000000,0.000000,0.000000,0.000000,0.000000,0.000000,0.000000,0.000000,0.000000,0.000000,0.000000,2.989000,2.812000,2.385000,2.077000,2.041000,2.013000,2.006000,2.000000,2.000000,2.000000,2.000000,2.000000,2.000000,2.000000,2.000000,2.000000,2.000000,1.859000,0.000000,0.000000,0.000000,0.000000,0.000000,0.000000,0.000000,0.000000,0.000000,0.000000,
0.000000,0.000000,0.000000,0.000000,0.000000,0.000000,0.000000,0.000000,0.000000,0.000000,0.000000,0.000000,2.955000,2.816000,2.522000,2.271000,2.114000,2.000000,2.000000,2.000000,2.000000,2.000000,2.000000,2.000000,2.000000,2.000000,2.000000,2.000000,2.000000,1.859000,0.000000,0.000000,0.000000,0.000000,0.000000,0.000000,0.000000,0.000000,0.000000,0.000000,
0.000000,0.000000,0.000000,0.000000,0.000000,0.000000,0.000000,0.000000,0.000000,0.000000,0.000000,0.000000,2.955000,2.874000,2.752000,2.568000,2.240000,2.000000,2.000000,2.000000,2.000000,2.000000,2.000000,2.000000,2.000000,2.000000,2.000000,2.000000,2.000000,1.859000,0.000000,0.000000,0.000000,0.000000,0.000000,0.000000,0.000000,0.000000,0.000000,0.000000,
0.000000,0.000000,0.000000,0.000000,0.000000,0.000000,0.000000,0.000000,0.000000,0.000000,0.000000,0.000000,2.992000,2.927000,2.851000,2.684000,2.305000,2.023000,2.010000,2.000000,2.000000,2.000000,2.000000,2.000000,2.000000,2.000000,2.000000,2.000000,2.000000,1.902000,0.000000,0.000000,0.000000,0.000000,0.000000,0.000000,0.000000,0.000000,0.000000,0.000000,
0.000000,0.000000,0.000000,0.000000,0.000000,0.000000,0.000000,0.000000,0.000000,0.000000,0.000000,0.000000,0.000000,2.977000,2.872000,2.690000,2.332000,2.061000,2.026000,2.000000,2.000000,2.000000,2.000000,2.000000,2.000000,2.000000,2.000000,2.000000,2.000000,1.971000,1.428000,0.000000,0.000000,0.000000,0.000000,0.000000,0.000000,0.000000,0.000000,0.000000,
0.000000,0.000000,0.000000,0.000000,0.000000,0.000000,0.000000,0.000000,0.000000,0.000000,0.000000,0.000000,0.000000,2.997000,2.880000,2.701000,2.378000,2.126000,2.069000,2.022000,2.010000,2.000000,2.000000,2.000000,2.000000,2.000000,2.000000,2.000000,2.000000,2.000000,2.000000,1.955000,0.000000,0.000000,0.000000,0.000000,0.000000,0.000000,0.000000,0.000000,
0.000000,0.000000,0.000000,0.000000,0.000000,0.000000,0.000000,0.000000,0.000000,0.000000,0.000000,0.000000,0.000000,2.997000,2.880000,2.715000,2.437000,2.211000,2.131000,2.061000,2.027000,2.000000,2.000000,2.000000,2.000000,2.000000,2.000000,2.000000,2.000000,2.000000,2.000000,1.955000,0.000000,0.000000,0.000000,0.000000,0.000000,0.000000,0.000000,0.000000,
