0.000000,0.000000,0.000000,0.000000,0.000000,0.000000,0.000000,0.000000,0.000000,0.000000,0.000000,0.000000,0.000000,0.000000,0.000000,0.000000,0.000000,0.000000,0.000000,0.000000,0.000000,0.000000,0.000000,0.000000,0.000000,0.000000,0.000000,0.000000,0.000000,0.000000,0.000000,0.000000,0.000000,0.000000,0.000000,0.000000,0.000000,0.000000,0.000000,0.000000,
0.000000,0.000000,0.000000,0.000000,0.000000,0.000000,0.000000,0.000000,0.000000,0.000000,0.000000,0.000000,0.000000,0.000000,0.000000,0.000000,0.000000,0.000000,0.000000,0.000000,0.000000,0.000000,0.000000,0.000000,0.000000,0.000000,0.000000,0.000000,0.000000,0.000000,0.000000,0.000000,0.000000,0.000000,0.000000,0.000000,0.000000,0.000000,0.000000,0.000000,
0.000000,0.000000,0.000000,0.000000,0.000000,0.000000,0.000000,0.000000,0.000000,0.000000,0.000000,0.000000,0.000000,0.000000,0.000000,0.000000,0.000000,0.000000,0.000000,0.000000,0.000000,0.000000,0.000000,0.000000,0.000000,0.000000,0.000000,0.000000,0.000000,0.000000,0.000000,0.000000,0.000000,0.000000,0.000000,0.000000,0.000000,0.000000,0.000000,0.000000,
0.000000,0.000000,0.000000,0.000000,0.000000,0.000000,0.000000,0.000000,0.000000,0.000000,0.000000,0.000000,0.000000,0.000000,0.000000,0.000000,0.000000,0.000000,0.000000,0.000000,0.000000,0.000000,0.000000,0.000000,0.000000,0.000000,0.000000,0.000000,0.000000,0.000000,0.000000,0.000000,0.000000,0.000000,0.000000,0.000000,0.000000,0.000000,0.000000,0.000000,
0.000000,0.000000,0.000000,0.000000,0.000000,0.000000,0.000000,0.000000,0.000000,0.000000,0.000000,0.000000,0.000000,0.000000,0.000000,0.000000,0.000000,0.000000,0.000000,0.000000,0.000000,0.000000,0.000000,0.000000,0.000000,0.000000,0.000000,0.000000,0.000000,0.000000,0.000000,0.000000,0.000000,0.000000,0.000000,0.000000,0.000000,0.000000,0.000000,0.000000,
0.000000,0.000000,0.000000,0.000000,0.000000,0.000000,0.000000,0.000000,0.000000,0.000000,0.000000,0.000000,0.000000,0.000000,0.000000,0.000000,0.000000,0.000000,0.000000,0.000000,0.000000,0.000000,0.000000,0.000000,0.000000,0.000000,0.000000,0.000000,0.000000,0.000000,0.000000,0.000000,0.000000,0.000000,0.000000,0.000000,0.000000,0.000000,0.000000,0.000000,
0.000000,0.000000,0.000000,0.000000,0.000000,0.000000,0.000000,0.000000,0.000000,0.000000,0.000000,0.000000,0.000000,0.000000,0.000000,0.000000,0.000000,0.000000,0.000000,0.000000,0.000000,0.000000,0.000000,0.000000,0.000000,0.000000,0.000000,0.000000,0.000000,0.000000,0.000000,0.000000,0.000000,0.000000,0.000000,0.000000,0.000000,0.000000,0.000000,0.000000,
0.000000,0.000000,0.000000,0.000000,0.000000,0.000000,0.000000,0.000000,0.000000,0.000000,0.000000,0.000000,0.000000,0.000000,0.000000,0.000000,0.000000,0.000000,0.000000,0.000000,0.000000,0.000000,0.000000,0.000000,0.000000,0.000000,0.000000,0.000000,0.000000,0.000000,0.000000,0.000000,0.000000,0.000000,0.000000,0.000000,0.000000,0.000000,0.000000,0.000000,
0.000000,0.000000,0.000000,0.000000,0.000000,0.000000,0.000000,0.000000,0.000000,0.000000,0.000000,0.000000,0.000000,0.000000,0.000000,0.000000,0.000000,0.000000,0.000000,0.000000,0.000000,0.000000,0.000000,0.000000,0.000000,0.000000,0.000000,0.000000,0.000000,0.000000,0.000000,0.000000,0.000000,0.000000,0.000000,0.000000,0.000000,0.000000,0.000000,0.000000,
2.174000,2.174000,2.174000,2.174000,2.103000,2.031000,2.002000,2.000000,2.680000,0.000000,0.000000,2.860000,2.000000,2.000000,2.000000,2.407000,0.000000,0.000000,0.000000,0.000000,0.000000,0.000000,2.978000,2.934000,2.934000,2.934000,2.934000,2.934000,2.896000,2.871000,2.870000,2.825000,2.808000,2.808000,2.808000,2.808000,2.791000,2.748000,2.748000,2.748000,
2.174000,2.174000,2.171000,2.153000,2.091000,2.031000,2.002000,2.000000,2.304000,2.796000,2.813000,2.397000,2.000000,2.000000,2.000000,2.177000,2.491000,2.470000,2.449000,2.547000,2.950000,0.000000,2.990000,2.971000,2.971000,2.989000,0.000000,0.000000,2.927000,2.871000,2.871000,2.851000,2.844000,2.844000,2.844000,2.823000,2.801000,2.782000,2.758000,2.748000,
2.174000,2.174000,2.169000,2.137000,2.082000,2.031000,2.002000,2.000000,2.016000,2.046000,2.077000,2.041000,2.000000,2.000000,2.000000,2.000000,2.000000,2.000000,2.000000,2.145000,2.659000,2.723000,2.723000,2.722000,2.706000,2.724000,2.750000,2.750000,2.665000,2.604000,2.602000,2.809000,2.888000,2.888000,2.888000,2.852000,2.825000,2.825000,2.783000,2.758000,
2.174000,2.174000,2.169000,2.137000,2.082000,2.031000,2.002000,2.000000,2.016000,2.046000,2.077000,2.041000,2.000000,2.000000,2.000000,2.000000,2.000000,2.000000,2.000000,2.003000,2.012000,2.013000,2.013000,2.009000,1.952000,1.932000,1.933000,1.933000,1.931000,1.918000,1.910000,2.650000,2.933000,2.933000,2.933000,2.897000,2.870000,2.870000,2.826000,2.783000,
2.174000,2.174000,2.169000,2.137000,2.098000,2.061000,2.031000,2.029000,2.034000,2.046000,2.077000,2.041000,2.000000,2.000000,2.000000,2.000000,2.000000,2.000000,2.000000,2.000000,2.000000,2.000000,2.000000,1.996000,1.938000,1.918000,1.918000,1.918000,1.918000,1.906000,1.885000,2.111000,2.198000,2.194000,2.174000,2.160000,2.151000,2.151000,2.613000,2.783000,
2.174000,2.174000,2.169000,2.137000,2.105000,2.074000,2.044000,2.042000,2.042000,2.044000,2.062000,2.033000,2.000000,2.000000,2.000000,2.000000,2.000000,2.000000,2.000000,2.000000,2.000000,2.000000,1.994000,1.980000,1.934000,1.918000,1.918000,1.918000,1.918000,1.906000,1.879000,1.867000,1.863000,1.860000,1.843000,1.831000,1.820000,1.809000,2.212000,2.367000,
2.174000,2.174000,2.169000,2.137000,2.108000,2.079000,2.049000,2.044000,2.040000,2.037000,2.033000,2.013000,1.996000,2.000000,2.000000,2.000000,2.000000,1.996000,1.995000,1.996000,2.000000,1.997000,1.983000,1.956000,1.931000,1.921000,1.918000,1.918000,1.918000,1.906000,1.878000,1.851000,1.840000,1.840000,1.840000,1.818000,1.792000,1.765000,1.765000,1.765000,
2.174000,2.174000,2.169000,2.137000,2.125000,2.111000,2.079000,2.054000,2.029000,2.004000,1.979000,1.969000,1.973000,1.998000,2.000000,2.000000,1.998000,1.973000,1.965000,1.972000,1.997000,1.978000,1.963000,1.958000,1.953000,1.936000,1.918000,1.918000,1.918000,1.906000,1.878000,1.851000,1.840000,1.840000,1.840000,1.818000,1.792000,1.765000,1.765000,1.765000,
2.174000,2.174000,2.169000,2.137000,2.129000,2.124000,2.110000,2.049000,2.012000,1.996000,1.966000,1.958000,1.967000,1.997000,2.000000,2.000000,1.997000,1.967000,1.958000,1.966000,1.996000,1.974000,1.958000,1.958000,1.958000,1.939000,1.918000,1.918000,1.918000,1.906000,1.878000,1.851000,1.840000,1.837000,1.822000,1.798000,1.777000,1.765000,1.765000,1.765000,
2.166000,2.163000,2.159000,2.135000,2.129000,2.129000,2.129000,2.042000,2.000000,1.996000,1.966000,1.958000,1.967000,1.997000,2.000000,2.000000,1.998000,1.976000,1.969000,1.975000,1.997000,1.974000,1.958000,1.958000,1.958000,1.944000,1.926000,1.919000,1.912000,1.899000,1.878000,1.851000,1.840000,1.834000,1.807000,1.781000,1.765000,1.765000,1.765000,1.765000,
2.144000,2.131000,2.131000,2.129000,2.129000,2.129000,2.129000,2.042000,2.000000,1.996000,1.966000,1.958000,1.967000,1.997000,2.000000,2.000000,2.000000,1.999000,1.998000,1.999000,2.000000,1.974000,1.958000,1.958000,1.958000,1.957000,1.950000,1.922000,1.896000,1.880000,1.878000,1.851000,1.840000,1.834000,1.807000,1.781000,1.765000,1.765000,1.765000,1.765000,
2.133000,2.129000,2.129000,2.129000,2.145000,2.159000,2.159000,2.071000,2.028000,2.024000,1.994000,1.986000,1.989000,1.999000,2.000000,2.000000,1.996000,1.957000,1.945000,1.950000,1.969000,1.963000,1.958000,1.958000,1.958000,1.946000,1.924000,1.896000,1.869000,1.853000,1.853000,1.843000,1.840000,1.838000,1.829000,1.806000,1.790000,1.790000,1.790000,1.780000,
0.000000,0.000000,0.000000,0.000000,0.000000,0.000000,0.000000,1.601000,2.058000,2.056000,2.038000,2.033000,2.033000,2.033000,2.033000,2.021000,1.994000,1.936000,1.918000,1.926000,1.954000,1.958000,1.958000,1.958000,1.958000,1.939000,1.911000,1.883000,1.856000,1.840000,1.840000,1.840000,1.840000,1.840000,1.840000,1.827000,1.817000,1.817000,1.806000,1.793000,
0.000000,0.000000,0.000000,0.000000,0.000000,0.000000,0.000000,0.000000,1.723000,1.743000,1.894000,1.937000,1.939000,1.939000,1.939000,1.912000,1.867000,1.909000,1.922000,1.929000,1.955000,1.960000,1.961000,1.958000,1.958000,1.941000,1.915000,1.887000,1.859000,1.843000,1.840000,1.840000,1.840000,1.841000,1.843000,1.844000,1.844000,1.844000,1.814000,1.801000,
0.000000,0.000000,0.000000,0.000000,0.000000,0.000000,0.000000,0.000000,0.000000,0.000000,0.000000,0.000000,0.000000,0.000000,0.000000,0.000000,0.000000,1.702000,1.950000,1.952000,1.957000,1.979000,1.981000,1.958000,1.958000,1.954000,1.943000,1.915000,1.887000,1.862000,1.840000,1.840000,1.840000,1.845000,1.867000,1.871000,1.871000,1.871000,1.823000,1.790000,
0.000000,0.000000,0.000000,0.000000,0.000000,0.000000,0.000000,0.000000,0.000000,0.000000,0.000000,0.000000,0.000000,0.000000,0.000000,0.000000,0.000000,1.047000,1.190000,1.190000,1.190000,1.207000,1.464000,1.958000,1.958000,1.958000,1.947000,1.905000,1.887000,1.867000,1.840000,1.840000,1.840000,1.843000,1.856000,1.859000,1.859000,1.859000,1.806000,1.768000,
0.000000,0.000000,0.000000,0.000000,0.000000,0.000000,0.000000,0.000000,0.000000,0.000000,0.000000,0.000000,0.000000,0.000000,0.000000,0.000000,0.000000,0.000000,0.000000,0.000000,0.000000,0.000000,0.000000,1.635000,1.635000,1.777000,1.929000,1.886000,1.879000,1.867000,1.840000,1.834000,1.831000,1.831000,1.831000,1.836000,1.840000,1.840000,1.787000,1.750000,
0.000000,0.000000,0.000000,0.000000,0.000000,0.000000,0.000000,0.000000,0.000000,0.000000,0.000000,0.000000,0.000000,0.000000,0.000000,0.000000,0.000000,0.000000,0.000000,0.000000,0.000000,0.000000,0.000000,0.000000,0.000000,1.206000,1.883000,1.880000,1.879000,1.867000,1.839000,1.814000,1.804000,1.804000,1.804000,1.825000,1.840000,1.840000,1.787000,1.750000,
0.000000,0.000000,0.000000,0.000000,0.000000,0.000000,0.000000,0.000000,0.000000,0.000000,0.000000,0.000000,0.000000,0.000000,0.000000,0.000000,0.000000,0.000000,0.000000,0.000000,0.000000,0.000000,0.000000,0.000000,0.000000,0.000000,1.175000,1.825000,1.930000,1.895000,1.815000,1.806000,1.802000,1.802000,1.802000,1.810000,1.815000,1.815000,1.780000,1.760000,
0.000000,0.000000,0.000000,0.000000,0.000000,0.000000,0.000000,0.000000,0.000000,0.000000,0.000000,0.000000,0.000000,0.000000,0.000000,0.000000,0.000000,0.000000,0.000000,0.000000,0.000000,0.000000,0.000000,0.000000,0.000000,0.000000,0.000000,1.343000,1.718000,1.871000,1.802000,1.802000,1.802000,1.802000,1.802000,1.802000,1.802000,1.802000,1.758000,1.740000,
0.000000,0.000000,0.000000,0.000000,0.000000,0.000000,0.000000,0.000000,0.000000,0.000000,0.000000,0.000000,0.000000,0.000000,0.000000,0.000000,0.000000,0.000000,0.000000,0.000000,0.000000,0.000000,0.000000,0.000000,0.000000,0.000000,0.000000,0.000000,1.287000,1.802000,1.802000,1.802000,1.802000,1.802000,1.802000,1.802000,1.802000,1.802000,1.726000,1.694000,
0.000000,0.000000,0.000000,0.000000,0.000000,0.000000,0.000000,0.000000,0.000000,0.000000,0.000000,0.000000,0.000000,0.000000,0.000000,0.000000,0.000000,0.000000,0.000000,0.000000,0.000000,0.000000,0.000000,0.000000,0.000000,0.000000,0.000000,0.000000,0.000000,0.000000,0.000000,0.000000,0.000000,0.000000,0.000000,0.000000,0.000000,0.000000,0.000000,0.000000,
0.000000,0.000000,0.000000,0.000000,0.000000,0.000000,0.000000,0.000000,0.000000,0.000000,0.000000,0.000000,0.000000,0.000000,0.000000,0.000000,0.000000,0.000000,0.000000,0.000000,0.000000,0.000000,0.000000,0.000000,0.000000,0.000000,0.000000,0.000000,0.000000,0.000000,0.000000,0.000000,0.000000,0.000000,0.000000,0.000000,0.000000,0.000000,0.000000,0.000000,
0.000000,0.000000,0.000000,0.000000,0.000000,0.000000,0.000000,0.000000,0.000000,0.000000,0.000000,0.000000,0.000000,0.000000,0.000000,0.000000,0.000000,0.000000,0.000000,0.000000,0.000000,0.000000,0.000000,0.000000,0.000000,0.000000,0.000000,0.000000,0.000000,0.000000,0.000000,0.000000,0.000000,0.000000,0.000000,0.000000,0.000000,0.000000,0.000000,0.000000,
0.000000,0.000000,0.000000,0.000000,0.000000,0.000000,0.000000,0.000000,0.000000,0.000000,0.000000,0.000000,0.000000,0.000000,0.000000,0.000000,0.000000,0.000000,0.000000,0.000000,0.000000,0.000000,0.000000,0.000000,0.000000,0.000000,0.000000,0.000000,0.000000,0.000000,0.000000,0.000000,0.000000,0.000000,0.000000,0.000000,0.000000,0.000000,0.000000,0.000000,
0.000000,0.000000,0.000000,0.000000,0.000000,0.000000,0.000000,0.000000,0.000000,0.000000,0.000000,0.000000,0.000000,0.000000,0.000000,0.000000,0.000000,0.000000,0.000000,0.000000,0.000000,0.000000,0.000000,0.000000,0.000000,0.000000,0.000000,0.000000,0.000000,0.000000,0.000000,0.000000,0.000000,0.000000,0.000000,0.000000,0.000000,0.000000,0.000000,0.000000,
0.000000,0.000000,0.000000,0.000000,0.000000,0.000000,0.000000,0.000000,0.000000,0.000000,0.000000,0.000000,0.000000,0.000000,0.000000,0.000000,0.000000,0.000000,0.000000,0.000000,0.000000,0.000000,0.000000,0.000000,0.000000,0.000000,0.000000,0.000000,0.000000,0.000000,0.000000,0.000000,0.000000,0.000000,0.000000,0.000000,0.000000,0.000000,0.000000,0.000000,
0.000000,0.000000,0.000000,0.000000,0.000000,0.000000,0.000000,0.000000,0.000000,0.000000,0.000000,0.000000,0.000000,0.000000,0.000000,0.000000,0.000000,0.000000,0.000000,0.000000,0.000000,0.000000,0.000000,0.000000,0.000000,0.000000,0.000000,0.000000,0.000000,0.000000,0.000000,0.000000,0.000000,0.000000,0.000000,0.000000,0.000000,0.000000,0.000000,0.000000,
0.000000,0.000000,0.000000,0.000000,0.000000,0.000000,0.000000,0.000000,0.000000,0.000000,0.000000,0.000000,0.000000,0.000000,0.000000,0.000000,0.000000,0.000000,0.000000,0.000000,0.000000,0.000000,0.000000,0.000000,0.000000,0.000000,0.000000,0.000000,0.000000,0.000000,0.000000,0.000000,0.000000,0.000000,0.000000,0.000000,0.000000,0.000000,0.000000,0.000000,
0.000000,0.000000,0.000000,0.000000,0.000000,0.000000,0.000000,0.000000,0.000000,0.000000,0.000000,0.000000,0.000000,0.000000,0.000000,0.000000,0.000000,0.000000,0.000000,0.000000,0.000000,0.000000,0.000000,0.000000,0.000000,0.000000,0.000000,0.000000,0.000000,0.000000,0.000000,0.000000,0.000000,0.000000,0.000000,0.000000,0.000000,0.000000,0.000000,0.000000,
0.000000,0.000000,0.000000,0.000000,0.000000,0.000000,0.000000,0.000000,0.000000,0.000000,0.000000,0.000000,0.000000,0.000000,0.000000,0.000000,0.000000,0.000000,0.000000,0.000000,0.000000,0.000000,0.000000,0.000000,0.000000,0.000000,0.000000,0.000000,0.000000,0.000000,0.000000,0.000000,0.000000,0.000000,0.000000,0.000000,0.000000,0.000000,0.000000,0.000000,
