0.000000,0.000000,0.000000,0.000000,0.000000,0.000000,0.000000,0.000000,0.000000,0.000000,0.000000,0.000000,0.000000,0.000000,0.000000,0.000000,0.000000,0.000000,0.000000,0.000000,0.000000,0.000000,0.000000,0.000000,0.000000,0.000000,0.000000,0.000000,0.000000,0.000000,0.000000,0.000000,0.000000,0.000000,0.000000,0.000000,0.000000,0.000000,0.000000,0.000000,
0.000000,0.000000,0.000000,0.000000,0.000000,0.000000,0.000000,0.000000,0.000000,0.000000,0.000000,0.000000,0.000000,0.000000,0.000000,0.000000,0.000000,0.000000,0.000000,0.000000,0.000000,0.000000,0.000000,0.000000,0.000000,0.000000,0.000000,0.000000,0.000000,0.000000,0.000000,0.000000,0.000000,0.000000,0.000000,0.000000,0.000000,0.000000,0.000000,0.000000,
1.992000,1.997000,2.004000,1.264000,1.264000,1.264000,1.264000,1.264000,1.264000,1.502000,2.003000,2.004000,2.003000,2.001000,2.000000,2.000000,2.001000,2.000000,2.000000,2.000000,1.998000,1.264000,0.000000,0.000000,0.000000,0.000000,0.000000,0.000000,0.000000,0.000000,0.000000,0.000000,0.000000,0.000000,0.000000,0.000000,0.000000,0.000000,0.000000,0.000000,
1.995000,2.003000,2.038000,1.264000,1.344000,1.264000,1.264000,1.264000,1.603000,2.002000,2.002000,2.003000,2.003000,2.003000,2.002000,2.003000,2.002000,2.000000,2.000000,2.000000,2.000000,2.000000,1.625000,1.289000,0.000000,0.000000,0.000000,0.000000,0.000000,0.000000,0.000000,0.000000,0.000000,0.000000,0.000000,0.000000,0.000000,0.000000,0.000000,0.000000,
2.001000,2.021000,2.053000,2.073000,2.097000,1.264000,1.264000,1.264000,2.004000,2.002000,2.003000,2.004000,2.002000,2.002000,2.002000,2.003000,2.002000,2.000000,2.002000,2.000000,1.999000,2.000000,1.998000,1.959000,1.264000,0.000000,0.000000,0.000000,0.000000,0.000000,0.000000,0.000000,0.000000,0.000000,0.000000,0.000000,0.000000,0.000000,0.000000,0.000000,
1.881000,2.046000,2.080000,2.095000,2.108000,1.264000,1.264000,1.906000,2.003000,2.004000,2.005000,2.003000,2.000000,2.001000,2.002000,2.003000,2.002000,2.000000,2.000000,2.002000,2.000000,2.000000,2.000000,2.000000,1.998000,1.264000,1.264000,0.000000,0.000000,0.000000,0.000000,0.000000,0.000000,0.000000,0.000000,0.000000,0.000000,0.000000,0.000000,0.000000,
1.264000,1.264000,2.093000,1.916000,1.264000,1.264000,2.002000,2.001000,2.004000,2.005000,2.005000,2.002000,2.002000,2.001000,2.002000,2.002000,2.002000,2.002000,2.000000,1.999000,1.998000,2.000000,1.998000,1.998000,2.001000,2.000000,1.264000,1.264000,0.000000,0.000000,0.000000,0.000000,0.000000,0.000000,0.000000,0.000000,0.000000,0.000000,0.000000,0.000000,
1.795000,1.264000,1.264000,1.264000,1.264000,1.482000,2.002000,2.003000,2.004000,2.002000,2.002000,2.002000,2.002000,2.005000,2.002000,2.001000,2.002000,2.001000,2.000000,2.000000,1.998000,2.000000,1.998000,1.997000,1.998000,2.000000,1.999000,1.759000,1.264000,0.000000,0.000000,0.000000,0.000000,0.000000,0.000000,0.000000,0.000000,0.000000,0.000000,0.000000,
1.814000,1.264000,1.264000,1.264000,1.264000,2.002000,2.003000,2.002000,2.004000,2.002000,2.003000,2.002000,2.000000,2.000000,2.003000,2.000000,2.001000,2.000000,2.000000,1.998000,2.000000,2.000000,1.998000,1.998000,1.998000,1.997000,1.997000,1.998000,1.995000,1.264000,0.000000,0.000000,0.000000,0.000000,0.000000,0.000000,0.000000,0.000000,0.000000,0.000000,
1.264000,1.264000,1.264000,1.264000,1.928000,2.002000,2.002000,2.002000,2.002000,2.003000,2.002000,2.003000,2.002000,2.000000,2.001000,2.000000,2.002000,2.001000,2.000000,2.000000,1.998000,1.998000,1.998000,1.997000,1.998000,1.998000,1.998000,1.995000,1.998000,1.997000,1.481000,1.530000,0.000000,0.000000,0.000000,0.000000,0.000000,0.000000,0.000000,0.000000,
1.264000,1.264000,1.264000,2.003000,2.002000,2.003000,2.002000,2.002000,2.003000,2.003000,2.002000,2.000000,2.001000,2.001000,2.001000,2.001000,2.002000,2.001000,2.000000,1.999000,2.000000,1.999000,2.000000,1.999000,1.998000,1.999000,1.997000,1.996000,1.995000,1.995000,1.998000,1.998000,1.639000,0.000000,0.000000,0.000000,0.000000,0.000000,0.000000,0.000000,
1.264000,1.264000,1.750000,2.003000,2.002000,2.003000,2.002000,2.000000,2.002000,2.002000,2.003000,2.003000,2.002000,2.000000,2.000000,2.000000,2.000000,2.000000,2.000000,1.999000,1.998000,2.000000,1.999000,1.998000,2.000000,1.998000,1.998000,1.998000,1.995000,1.997000,1.997000,1.998000,1.994000,1.623000,1.264000,0.000000,0.000000,0.000000,0.000000,0.000000,
1.264000,1.264000,2.003000,2.003000,2.002000,2.002000,2.003000,2.002000,2.002000,2.002000,2.003000,2.003000,2.002000,2.002000,2.000000,2.000000,2.000000,2.000000,1.998000,2.000000,2.000000,2.000000,1.999000,1.998000,1.999000,1.998000,1.998000,1.997000,1.998000,1.997000,1.996000,1.997000,1.998000,1.995000,1.820000,1.264000,0.000000,0.000000,0.000000,0.000000,
1.264000,1.978000,2.003000,2.003000,2.002000,2.003000,2.000000,2.000000,2.001000,2.002000,2.003000,2.002000,2.003000,2.002000,2.002000,2.000000,2.001000,2.000000,1.998000,1.998000,1.999000,2.000000,1.999000,1.998000,1.998000,1.998000,1.997000,1.997000,1.997000,1.996000,1.997000,1.997000,1.994000,1.998000,1.996000,1.995000,1.264000,1.717000,0.000000,0.000000,
1.527000,2.002000,2.003000,2.003000,2.002000,2.002000,2.000000,2.002000,2.002000,2.003000,2.002000,2.003000,2.000000,2.000000,2.001000,2.000000,2.000000,1.999000,1.998000,1.998000,1.998000,1.998000,1.998000,1.998000,1.998000,1.998000,1.997000,1.996000,1.998000,1.997000,1.996000,1.995000,1.995000,1.997000,1.998000,1.997000,1.994000,1.264000,0.000000,0.000000,
2.003000,2.003000,2.003000,2.003000,2.002000,2.003000,2.002000,2.002000,2.003000,2.002000,2.002000,2.002000,2.000000,2.000000,2.000000,2.000000,2.000000,1.999000,2.000000,1.999000,1.998000,1.998000,1.998000,1.998000,1.998000,1.997000,1.997000,1.997000,1.995000,1.995000,1.995000,1.994000,1.997000,1.995000,1.994000,1.994000,1.995000,1.994000,1.771000,0.000000,
2.005000,2.003000,2.003000,2.003000,2.002000,2.002000,2.002000,2.001000,2.002000,2.000000,2.002000,2.003000,2.002000,2.000000,2.000000,2.001000,2.000000,2.000000,1.999000,2.000000,1.999000,1.998000,1.998000,1.998000,1.997000,1.997000,1.998000,1.996000,1.995000,1.995000,1.995000,1.995000,1.995000,1.996000,1.996000,1.995000,1.995000,1.995000,1.996000,1.994000,
1.264000,2.008000,2.005000,2.003000,2.003000,2.003000,2.002000,2.002000,2.003000,2.002000,2.002000,2.002000,2.000000,2.000000,2.000000,2.000000,1.998000,2.000000,2.000000,1.998000,2.000000,2.000000,1.998000,1.998000,1.998000,1.997000,1.997000,1.998000,1.998000,1.997000,1.997000,1.997000,1.997000,1.995000,1.997000,1.997000,1.995000,1.994000,1.994000,1.997000,
1.264000,1.264000,1.825000,2.003000,2.003000,2.003000,2.002000,2.002000,2.003000,2.003000,2.002000,2.001000,2.000000,2.000000,2.000000,2.000000,1.998000,1.998000,2.000000,1.998000,1.998000,1.998000,1.998000,1.997000,2.000000,1.998000,1.997000,1.997000,1.998000,1.998000,1.998000,1.998000,1.996000,1.996000,1.996000,1.997000,1.996000,1.995000,1.994000,1.995000,
1.264000,1.264000,1.264000,1.264000,1.805000,2.003000,2.003000,2.002000,2.003000,2.003000,2.002000,2.000000,2.001000,2.000000,2.000000,2.000000,2.000000,2.000000,2.000000,2.000000,2.000000,2.000000,1.998000,1.997000,1.998000,1.998000,1.997000,1.997000,1.997000,1.998000,1.997000,1.997000,1.997000,1.995000,1.997000,1.996000,1.995000,1.997000,1.995000,1.996000,
0.000000,0.000000,2.553000,1.264000,1.264000,1.298000,2.003000,2.002000,2.003000,2.002000,2.003000,2.000000,2.000000,2.000000,2.000000,2.000000,2.000000,2.000000,2.000000,1.998000,1.998000,1.998000,1.998000,1.998000,1.998000,1.998000,1.998000,1.997000,1.998000,1.997000,1.998000,1.997000,1.997000,1.997000,1.995000,1.995000,1.997000,1.995000,1.996000,1.997000,
0.000000,0.000000,0.000000,1.264000,1.264000,1.264000,1.264000,1.934000,2.004000,2.003000,2.003000,2.002000,2.001000,2.001000,2.000000,2.000000,2.000000,2.000000,2.000000,1.999000,1.998000,1.999000,1.998000,1.998000,1.998000,1.997000,1.998000,1.998000,1.998000,1.998000,1.997000,1.998000,1.998000,1.997000,1.995000,1.995000,1.995000,1.995000,1.997000,2.000000,
0.000000,0.000000,0.000000,0.000000,0.000000,1.264000,1.264000,1.264000,1.927000,2.002000,2.002000,2.002000,2.000000,2.000000,2.000000,1.998000,2.000000,2.000000,2.000000,1.998000,1.998000,1.998000,1.998000,1.998000,1.998000,1.997000,1.998000,1.997000,1.997000,1.997000,1.997000,1.997000,1.997000,1.995000,1.996000,1.994000,1.996000,1.995000,1.997000,1.264000,
0.000000,0.000000,0.000000,0.000000,0.000000,0.000000,0.000000,1.264000,1.264000,1.277000,2.003000,2.002000,2.002000,2.000000,2.000000,2.000000,1.998000,1.998000,1.998000,2.000000,1.999000,1.998000,1.998000,1.998000,1.998000,1.998000,1.998000,1.997000,1.998000,1.998000,1.997000,1.997000,1.995000,1.996000,1.995000,1.995000,1.994000,1.992000,1.264000,1.264000,
0.000000,0.000000,0.000000,0.000000,0.000000,0.000000,0.000000,0.000000,1.264000,1.264000,1.264000,1.787000,2.000000,2.000000,2.000000,2.000000,1.998000,2.000000,2.000000,1.998000,1.998000,1.998000,1.998000,1.998000,1.998000,1.997000,1.998000,1.998000,1.998000,1.998000,1.998000,1.997000,1.996000,1.995000,1.995000,1.995000,1.995000,1.580000,1.264000,0.000000,
0.000000,0.000000,0.000000,0.000000,0.000000,0.000000,0.000000,0.000000,0.000000,1.264000,1.264000,1.264000,1.903000,1.999000,1.998000,2.000000,2.000000,2.000000,1.998000,1.999000,1.998000,1.997000,1.998000,1.998000,1.998000,1.997000,1.997000,1.998000,1.998000,1.998000,1.997000,1.996000,1.997000,1.994000,1.995000,1.995000,1.898000,1.264000,0.000000,0.000000,
0.000000,0.000000,0.000000,0.000000,0.000000,0.000000,0.000000,0.000000,0.000000,0.000000,0.000000,1.264000,1.264000,1.264000,1.514000,1.998000,2.000000,2.000000,1.998000,1.998000,1.998000,1.998000,1.998000,1.998000,1.998000,1.998000,1.998000,1.998000,1.998000,1.998000,1.998000,1.995000,1.995000,1.994000,1.994000,1.504000,1.264000,0.000000,0.000000,0.000000,
0.000000,0.000000,0.000000,0.000000,0.000000,0.000000,0.000000,0.000000,0.000000,0.000000,0.000000,2.414000,1.264000,1.264000,1.264000,1.264000,1.998000,1.999000,2.000000,1.998000,1.998000,1.998000,1.998000,1.998000,1.998000,1.998000,1.998000,1.998000,1.998000,1.997000,1.997000,1.996000,1.995000,1.994000,1.992000,1.264000,1.264000,0.000000,0.000000,0.000000,
0.000000,0.000000,0.000000,0.000000,0.000000,0.000000,0.000000,0.000000,0.000000,0.000000,0.000000,0.000000,0.000000,1.264000,1.264000,1.264000,1.727000,1.999000,1.998000,1.998000,1.998000,1.998000,1.998000,1.997000,1.998000,1.998000,1.998000,1.998000,1.998000,1.997000,1.995000,1.997000,1.995000,1.995000,1.796000,1.264000,0.000000,0.000000,0.000000,0.000000,
0.000000,0.000000,0.000000,0.000000,0.000000,0.000000,0.000000,0.000000,0.000000,0.000000,0.000000,0.000000,0.000000,0.000000,0.000000,1.264000,1.264000,1.322000,1.998000,1.998000,1.999000,1.998000,1.998000,1.998000,1.997000,1.998000,1.997000,1.998000,1.997000,1.998000,1.997000,1.998000,1.995000,1.354000,1.264000,0.000000,0.000000,0.000000,0.000000,0.000000,
0.000000,0.000000,0.000000,0.000000,0.000000,0.000000,0.000000,0.000000,0.000000,0.000000,0.000000,0.000000,0.000000,0.000000,0.000000,0.000000,1.264000,1.264000,1.264000,1.999000,1.998000,1.998000,1.998000,1.997000,1.997000,1.998000,1.998000,1.998000,1.998000,1.998000,1.997000,1.998000,1.994000,1.264000,2.318000,0.000000,0.000000,0.000000,0.000000,0.000000,
0.000000,0.000000,0.000000,0.000000,0.000000,0.000000,0.000000,0.000000,0.000000,0.000000,0.000000,0.000000,0.000000,0.000000,0.000000,0.000000,0.000000,1.264000,1.264000,1.264000,2.000000,1.998000,1.997000,1.998000,1.998000,1.998000,1.998000,1.998000,1.998000,1.998000,1.997000,1.995000,1.264000,1.264000,0.000000,0.000000,0.000000,0.000000,0.000000,0.000000,
0.000000,0.000000,0.000000,0.000000,0.000000,0.000000,0.000000,0.000000,0.000000,0.000000,0.000000,0.000000,0.000000,0.000000,0.000000,0.000000,0.000000,0.000000,1.516000,1.264000,1.264000,1.487000,1.999000,1.998000,1.997000,1.998000,1.998000,1.997000,1.998000,1.998000,1.997000,1.264000,1.264000,0.000000,0.000000,0.000000,0.000000,0.000000,0.000000,0.000000,
0.000000,0.000000,0.000000,0.000000,0.000000,0.000000,0.000000,0.000000,0.000000,0.000000,0.000000,0.000000,0.000000,0.000000,0.000000,0.000000,0.000000,0.000000,0.000000,0.000000,1.264000,1.264000,1.264000,2.001000,1.997000,1.998000,1.997000,1.997000,1.998000,1.997000,1.264000,1.264000,0.000000,0.000000,0.000000,0.000000,0.000000,0.000000,0.000000,0.000000,
0.000000,0.000000,0.000000,0.000000,0.000000,0.000000,0.000000,0.000000,0.000000,0.000000,0.000000,0.000000,0.000000,0.000000,0.000000,0.000000,0.000000,0.000000,0.000000,0.000000,0.000000,1.264000,1.264000,1.271000,2.000000,1.999000,1.998000,1.998000,1.998000,1.998000,1.264000,2.520000,0.000000,0.000000,0.000000,0.000000,0.000000,0.000000,0.000000,0.000000,
0.000000,0.000000,0.000000,0.000000,0.000000,0.000000,0.000000,0.000000,0.000000,0.000000,0.000000,0.000000,0.000000,0.000000,0.000000,0.000000,0.000000,0.000000,0.000000,0.000000,0.000000,0.000000,0.000000,0.000000,0.000000,0.000000,2.000000,2.000000,2.000000,1.264000,1.264000,0.000000,0.000000,0.000000,0.000000,0.000000,0.000000,0.000000,0.000000,0.000000,
0.000000,0.000000,0.000000,0.000000,0.000000,0.000000,0.000000,0.000000,0.000000,0.000000,0.000000,0.000000,0.000000,0.000000,0.000000,0.000000,0.000000,0.000000,0.000000,0.000000,0.000000,0.000000,0.000000,0.000000,0.000000,0.000000,0.000000,1.998000,0.000000,0.000000,0.000000,0.000000,0.000000,0.000000,0.000000,0.000000,0.000000,0.000000,0.000000,0.000000,
0.000000,0.000000,0.000000,0.000000,0.000000,0.000000,0.000000,0.000000,0.000000,0.000000,0.000000,0.000000,0.000000,0.000000,0.000000,0.000000,0.000000,0.000000,0.000000,0.000000,0.000000,0.000000,0.000000,0.000000,0.000000,0.000000,0.000000,0.000000,0.000000,0.000000,0.000000,0.000000,0.000000,0.000000,0.000000,0.000000,0.000000,0.000000,0.000000,0.000000,
0.000000,0.000000,0.000000,0.000000,0.000000,0.000000,0.000000,0.000000,0.000000,0.000000,0.000000,0.000000,0.000000,0.000000,0.000000,0.000000,0.000000,0.000000,0.000000,0.000000,0.000000,0.000000,0.000000,0.000000,0.000000,0.000000,0.000000,0.000000,0.000000,0.000000,0.000000,0.000000,0.000000,0.000000,0.000000,0.000000,0.000000,0.000000,0.000000,0.000000,
0.000000,0.000000,0.000000,0.000000,0.000000,0.000000,0.000000,0.000000,0.000000,0.000000,0.000000,0.000000,0.000000,0.000000,0.000000,0.000000,0.000000,0.000000,0.000000,0.000000,0.000000,0.000000,0.000000,0.000000,0.000000,0.000000,0.000000,0.000000,0.000000,0.000000,0.000000,0.000000,0.000000,0.000000,0.000000,0.000000,0.000000,0.000000,0.000000,0.000000,
