40 40
0.000000 0.000000 0.000000 0.000000 0.000000 0.000000 0.000000 0.000000 0.000000 0.000000 0.000000 0.000000 0.000000 0.000000 0.000000 0.000000 0.000000 0.000000 0.000000 0.000000 0.000000 0.000000 0.000000 0.000000 0.000000 0.000000 0.000000 0.000000 0.000000 0.000000 0.000000 0.000000 0.000000 0.000000 0.000000 0.000000 0.000000 0.000000 0.000000 0.000000 
0.000000 0.000000 0.000000 0.000000 0.000000 0.000000 0.000000 0.000000 0.000000 0.000000 0.000000 0.000000 0.000000 0.000000 0.000000 0.000000 0.000000 0.000000 0.000000 0.000000 0.000000 0.000000 0.000000 0.000000 0.000000 0.000000 0.000000 0.000000 0.000000 0.000000 0.000000 0.000000 0.000000 0.000000 0.000000 0.000000 0.000000 0.000000 0.000000 0.000000 
0.000000 0.000000 0.000000 0.000000 0.000000 0.000000 0.000000 0.000000 0.000000 0.000000 0.000000 2.117000 2.117000 2.117000 2.117000 2.117000 2.109000 2.038000 2.000000 2.000000 2.089000 2.448000 0.000000 0.000000 0.000000 0.000000 2.126000 2.163000 2.680000 0.000000 0.000000 0.000000 0.000000 0.000000 0.000000 0.000000 0.000000 0.000000 0.000000 0.000000 
0.000000 0.000000 0.000000 0.000000 0.000000 0.000000 0.000000 0.000000 0.000000 0.000000 2.900000 2.117000 2.117000 2.117000 2.117000 2.117000 2.109000 2.038000 2.000000 2.000000 2.064000 2.287000 0.000000 0.000000 0.000000 2.785000 2.126000 2.163000 2.472000 2.955000 0.000000 0.000000 0.000000 0.000000 0.000000 0.000000 0.000000 0.000000 0.000000 0.000000 
0.000000 0.000000 0.000000 0.000000 0.000000 0.000000 0.000000 0.000000 0.000000 2.177000 2.153000 2.118000 2.117000 2.117000 2.117000 2.117000 2.109000 2.039000 2.001000 2.001000 2.030000 2.058000 2.058000 2.077000 2.112000 2.116000 2.126000 2.161000 2.174000 2.174000 0.000000 0.000000 0.000000 0.000000 0.000000 0.000000 0.000000 0.000000 0.000000 0.000000 
0.000000 0.000000 0.000000 0.000000 0.000000 0.000000 0.000000 0.000000 0.000000 2.177000 2.168000 2.154000 2.131000 2.117000 2.117000 2.117000 2.112000 2.063000 2.037000 2.037000 2.047000 2.058000 2.058000 2.065000 2.078000 2.100000 2.115000 2.105000 2.102000 2.102000 0.000000 0.000000 0.000000 0.000000 0.000000 0.000000 0.000000 0.000000 0.000000 0.000000 
0.000000 0.000000 0.000000 0.000000 0.000000 0.000000 0.000000 0.000000 0.000000 2.177000 2.171000 2.162000 2.134000 2.117000 2.117000 2.117000 2.113000 2.077000 2.058000 2.058000 2.058000 2.058000 2.058000 2.058000 2.058000 2.082000 2.096000 2.069000 2.058000 2.058000 0.000000 0.000000 0.000000 0.000000 0.000000 0.000000 0.000000 0.000000 0.000000 0.000000 
0.000000 0.000000 0.000000 0.000000 0.000000 0.000000 0.000000 0.000000 0.000000 2.177000 2.156000 2.126000 2.120000 2.117000 2.117000 2.117000 2.113000 2.077000 2.058000 2.058000 2.058000 2.058000 2.058000 2.058000 2.058000 2.063000 2.066000 2.060000 2.058000 2.058000 0.000000 0.000000 0.000000 0.000000 0.000000 0.000000 0.000000 0.000000 0.000000 0.000000 
0.000000 0.000000 0.000000 0.000000 0.000000 0.000000 0.000000 0.000000 0.000000 2.123000 2.120000 2.117000 2.117000 2.111000 2.094000 2.090000 2.088000 2.068000 2.058000 2.058000 2.058000 2.058000 2.058000 2.058000 2.058000 2.058000 2.058000 2.058000 2.058000 2.058000 0.000000 0.000000 0.000000 0.000000 0.000000 0.000000 0.000000 0.000000 0.000000 0.000000 
0.000000 0.000000 0.000000 0.000000 0.000000 0.000000 0.000000 0.000000 0.000000 2.058000 2.082000 2.117000 2.117000 2.103000 2.067000 2.058000 2.058000 2.058000 2.058000 2.058000 2.058000 2.058000 2.058000 2.058000 2.058000 2.060000 2.061000 2.059000 2.058000 2.058000 0.000000 0.000000 0.000000 0.000000 0.000000 0.000000 0.000000 0.000000 0.000000 0.000000 
0.000000 0.000000 0.000000 0.000000 0.000000 0.000000 0.000000 0.000000 0.000000 2.058000 2.082000 2.117000 2.117000 2.103000 2.067000 2.058000 2.058000 2.058000 2.058000 2.058000 2.058000 2.058000 2.058000 2.058000 2.058000 2.080000 2.092000 2.067000 2.058000 2.058000 0.000000 0.000000 0.000000 0.000000 0.000000 0.000000 0.000000 0.000000 0.000000 0.000000 
0.000000 0.000000 0.000000 0.000000 0.000000 0.000000 0.000000 0.000000 0.000000 2.092000 2.109000 2.134000 2.134000 2.120000 2.084000 2.075000 2.074000 2.063000 2.058000 2.058000 2.058000 2.058000 2.058000 2.058000 2.058000 2.090000 2.108000 2.072000 2.058000 2.058000 0.000000 0.000000 0.000000 0.000000 0.000000 0.000000 0.000000 0.000000 0.000000 0.000000 
0.000000 0.000000 0.000000 0.000000 0.000000 0.000000 0.000000 0.000000 0.000000 2.164000 2.167000 2.171000 2.171000 2.156000 2.120000 2.111000 2.107000 2.075000 2.058000 2.058000 2.058000 2.058000 2.058000 2.058000 2.058000 2.090000 2.108000 2.072000 2.058000 2.058000 0.000000 0.000000 0.000000 0.000000 0.000000 0.000000 0.000000 0.000000 0.000000 0.000000 
0.000000 0.000000 0.000000 0.000000 0.000000 0.000000 0.000000 0.000000 0.000000 2.177000 2.177000 2.177000 2.177000 2.163000 2.126000 2.103000 2.084000 2.048000 2.029000 2.029000 2.043000 2.058000 2.058000 2.068000 2.086000 2.104000 2.108000 2.072000 2.058000 2.058000 0.000000 0.000000 0.000000 0.000000 0.000000 0.000000 0.000000 0.000000 0.000000 0.000000 
0.000000 0.000000 0.000000 0.000000 0.000000 0.000000 0.000000 0.000000 0.000000 2.177000 2.177000 2.177000 2.173000 2.158000 2.125000 2.090000 2.054000 2.019000 2.000000 2.000000 2.029000 2.058000 2.058000 2.077000 2.113000 2.117000 2.109000 2.077000 2.065000 2.065000 0.000000 0.000000 0.000000 0.000000 0.000000 0.000000 0.000000 0.000000 0.000000 0.000000 
0.000000 0.000000 0.000000 0.000000 0.000000 0.000000 0.000000 0.000000 0.000000 2.177000 2.177000 2.176000 2.150000 2.130000 2.120000 2.090000 2.054000 2.019000 2.000000 2.000000 2.029000 2.058000 2.058000 2.077000 2.113000 2.117000 2.114000 2.104000 2.100000 2.100000 0.000000 0.000000 0.000000 0.000000 0.000000 0.000000 0.000000 0.000000 0.000000 0.000000 
0.000000 0.000000 0.000000 0.000000 0.000000 0.000000 0.000000 0.000000 0.000000 2.177000 2.177000 2.176000 2.139000 2.117000 2.117000 2.090000 2.054000 2.019000 2.000000 2.000000 2.029000 2.058000 2.058000 2.077000 2.113000 2.117000 2.117000 2.117000 2.117000 2.117000 0.000000 0.000000 0.000000 0.000000 0.000000 0.000000 0.000000 0.000000 0.000000 0.000000 
0.000000 0.000000 0.000000 0.000000 0.000000 0.000000 0.000000 0.000000 0.000000 2.177000 2.177000 2.176000 2.139000 2.117000 2.117000 2.090000 2.054000 2.019000 2.000000 2.000000 2.029000 2.058000 2.058000 2.077000 2.113000 2.117000 2.117000 2.117000 2.117000 2.117000 0.000000 0.000000 0.000000 0.000000 0.000000 0.000000 0.000000 0.000000 0.000000 0.000000 
0.000000 0.000000 0.000000 0.000000 0.000000 0.000000 0.000000 0.000000 0.000000 2.177000 2.177000 2.176000 2.139000 2.117000 2.117000 2.090000 2.054000 2.019000 2.000000 2.000000 2.045000 2.090000 2.090000 2.099000 2.115000 2.117000 2.107000 2.068000 2.053000 2.053000 0.000000 0.000000 0.000000 0.000000 0.000000 0.000000 0.000000 0.000000 0.000000 0.000000 
0.000000 0.000000 0.000000 0.000000 0.000000 0.000000 0.000000 0.000000 0.000000 2.187000 2.183000 2.176000 2.139000 2.117000 2.117000 2.090000 2.054000 2.019000 2.000000 2.000000 2.059000 2.117000 2.117000 2.120000 2.126000 2.121000 2.099000 2.028000 2.000000 2.000000 0.000000 0.000000 0.000000 0.000000 0.000000 0.000000 0.000000 0.000000 0.000000 0.000000 
0.000000 0.000000 0.000000 0.000000 0.000000 0.000000 0.000000 0.000000 0.000000 2.225000 2.205000 2.176000 2.139000 2.117000 2.117000 2.090000 2.054000 2.019000 2.000000 2.000000 2.059000 2.117000 2.117000 2.132000 2.160000 2.138000 2.099000 2.028000 2.000000 2.000000 0.000000 0.000000 0.000000 0.000000 0.000000 0.000000 0.000000 0.000000 0.000000 0.000000 
0.000000 0.000000 0.000000 0.000000 0.000000 0.000000 0.000000 0.000000 0.000000 2.240000 2.214000 2.176000 2.139000 2.117000 2.117000 2.090000 2.054000 2.019000 2.000000 2.000000 2.048000 2.097000 2.111000 2.137000 2.173000 2.132000 2.080000 2.022000 2.000000 2.000000 0.000000 0.000000 0.000000 0.000000 0.000000 0.000000 0.000000 0.000000 0.000000 0.000000 
0.000000 0.000000 0.000000 0.000000 0.000000 0.000000 0.000000 0.000000 0.000000 2.240000 2.214000 2.176000 2.139000 2.117000 2.117000 2.090000 2.054000 2.019000 2.000000 2.000000 2.030000 2.065000 2.101000 2.137000 2.173000 2.113000 2.050000 2.014000 2.000000 2.000000 0.000000 0.000000 0.000000 0.000000 0.000000 0.000000 0.000000 0.000000 0.000000 0.000000 
0.000000 0.000000 0.000000 0.000000 0.000000 0.000000 0.000000 0.000000 0.000000 2.203000 2.192000 2.176000 2.139000 2.117000 2.117000 2.090000 2.054000 2.019000 2.000000 2.000000 2.029000 2.065000 2.100000 2.137000 2.173000 2.112000 2.049000 2.014000 2.000000 2.000000 0.000000 0.000000 0.000000 0.000000 0.000000 0.000000 0.000000 0.000000 0.000000 0.000000 
0.000000 0.000000 0.000000 0.000000 0.000000 0.000000 0.000000 0.000000 0.000000 2.177000 2.177000 2.176000 2.139000 2.117000 2.117000 2.090000 2.055000 2.027000 2.012000 2.012000 2.041000 2.075000 2.104000 2.137000 2.173000 2.112000 2.049000 2.014000 2.000000 2.000000 0.000000 0.000000 0.000000 0.000000 0.000000 0.000000 0.000000 0.000000 0.000000 0.000000 
0.000000 0.000000 0.000000 0.000000 0.000000 0.000000 0.000000 0.000000 0.000000 2.177000 2.177000 2.176000 2.139000 2.117000 2.117000 2.090000 2.057000 2.050000 2.047000 2.047000 2.076000 2.107000 2.114000 2.137000 2.173000 2.112000 2.049000 2.014000 2.000000 2.000000 0.000000 0.000000 0.000000 0.000000 0.000000 0.000000 0.000000 0.000000 0.000000 0.000000 
0.000000 0.000000 0.000000 0.000000 0.000000 0.000000 0.000000 0.000000 0.000000 2.177000 2.177000 2.176000 2.139000 2.117000 2.117000 2.090000 2.058000 2.058000 2.058000 2.058000 2.088000 2.117000 2.117000 2.128000 2.150000 2.114000 2.074000 2.038000 2.024000 2.024000 0.000000 0.000000 0.000000 0.000000 0.000000 0.000000 0.000000 0.000000 0.000000 0.000000 
0.000000 0.000000 0.000000 0.000000 0.000000 0.000000 0.000000 0.000000 0.000000 2.177000 2.177000 2.176000 2.139000 2.117000 2.117000 2.091000 2.060000 2.060000 2.060000 2.060000 2.088000 2.117000 2.117000 2.117000 2.117000 2.117000 2.108000 2.072000 2.058000 2.058000 0.000000 0.000000 0.000000 0.000000 0.000000 0.000000 0.000000 0.000000 0.000000 0.000000 
0.000000 0.000000 0.000000 0.000000 0.000000 0.000000 0.000000 0.000000 0.000000 2.177000 2.177000 2.176000 2.139000 2.117000 2.117000 2.107000 2.095000 2.095000 2.095000 2.095000 2.106000 2.117000 2.117000 2.117000 2.117000 2.117000 2.108000 2.072000 2.058000 2.058000 0.000000 0.000000 0.000000 0.000000 0.000000 0.000000 0.000000 0.000000 0.000000 0.000000 
0.000000 0.000000 0.000000 0.000000 0.000000 0.000000 0.000000 0.000000 0.000000 2.177000 2.177000 2.176000 2.148000 2.128000 2.119000 2.117000 2.117000 2.117000 2.117000 2.117000 2.124000 2.132000 2.132000 2.127000 2.118000 2.117000 2.108000 2.072000 2.058000 2.058000 0.000000 0.000000 0.000000 0.000000 0.000000 0.000000 0.000000 0.000000 0.000000 0.000000 
0.000000 0.000000 0.000000 0.000000 0.000000 0.000000 0.000000 0.000000 0.000000 2.177000 2.177000 2.177000 2.171000 2.156000 2.125000 2.117000 2.117000 2.117000 2.117000 2.117000 2.143000 2.168000 2.168000 2.151000 2.120000 2.117000 2.108000 2.072000 2.058000 2.058000 0.000000 0.000000 0.000000 0.000000 0.000000 0.000000 0.000000 0.000000 0.000000 0.000000 
0.000000 0.000000 0.000000 0.000000 0.000000 0.000000 0.000000 0.000000 0.000000 2.177000 2.177000 2.177000 2.177000 2.163000 2.126000 2.117000 2.117000 2.117000 2.117000 2.117000 2.147000 2.177000 2.177000 2.166000 2.147000 2.130000 2.108000 2.072000 2.058000 2.058000 0.000000 0.000000 0.000000 0.000000 0.000000 0.000000 0.000000 0.000000 0.000000 0.000000 
0.000000 0.000000 0.000000 0.000000 0.000000 0.000000 0.000000 0.000000 0.000000 2.177000 2.175000 2.173000 2.173000 2.160000 2.129000 2.119000 2.117000 2.117000 2.117000 2.117000 2.147000 2.177000 2.177000 2.177000 2.177000 2.144000 2.108000 2.072000 2.058000 2.058000 0.000000 0.000000 0.000000 0.000000 0.000000 0.000000 0.000000 0.000000 0.000000 0.000000 
0.000000 0.000000 0.000000 0.000000 0.000000 0.000000 0.000000 0.000000 0.000000 2.177000 2.160000 2.136000 2.136000 2.141000 2.154000 2.139000 2.117000 2.117000 2.117000 2.117000 2.147000 2.177000 2.177000 2.177000 2.177000 2.144000 2.108000 2.072000 2.058000 2.058000 0.000000 0.000000 0.000000 0.000000 0.000000 0.000000 0.000000 0.000000 0.000000 0.000000 
0.000000 0.000000 0.000000 0.000000 0.000000 0.000000 0.000000 0.000000 0.000000 2.177000 2.152000 2.117000 2.117000 2.131000 2.168000 2.157000 2.133000 2.123000 2.117000 2.117000 2.138000 2.160000 2.160000 2.165000 2.176000 2.135000 2.094000 2.068000 2.058000 2.058000 0.000000 0.000000 0.000000 0.000000 0.000000 0.000000 0.000000 0.000000 0.000000 0.000000 
0.000000 0.000000 0.000000 0.000000 0.000000 0.000000 0.000000 0.000000 0.000000 2.177000 2.152000 2.117000 2.117000 2.131000 2.168000 2.174000 2.167000 2.134000 2.117000 2.117000 2.120000 2.123000 2.123000 2.141000 2.174000 2.115000 2.063000 2.059000 2.058000 2.058000 0.000000 0.000000 0.000000 0.000000 0.000000 0.000000 0.000000 0.000000 0.000000 0.000000 
0.000000 0.000000 0.000000 0.000000 0.000000 0.000000 0.000000 0.000000 0.000000 2.177000 2.165000 2.147000 2.147000 2.434000 0.000000 2.810000 2.175000 2.157000 2.139000 2.120000 2.117000 2.117000 2.117000 2.137000 2.173000 2.112000 2.058000 2.058000 2.058000 2.058000 0.000000 0.000000 0.000000 0.000000 0.000000 0.000000 0.000000 0.000000 0.000000 0.000000 
0.000000 0.000000 0.000000 0.000000 0.000000 0.000000 0.000000 0.000000 0.000000 2.177000 2.177000 2.177000 2.177000 2.730000 0.000000 0.000000 2.177000 2.177000 2.160000 2.123000 2.117000 2.117000 2.117000 2.137000 2.173000 2.112000 2.058000 2.058000 2.058000 2.058000 0.000000 0.000000 0.000000 0.000000 0.000000 0.000000 0.000000 0.000000 0.000000 0.000000 
0.000000 0.000000 0.000000 0.000000 0.000000 0.000000 0.000000 0.000000 0.000000 0.000000 0.000000 0.000000 0.000000 0.000000 0.000000 0.000000 0.000000 0.000000 0.000000 0.000000 0.000000 0.000000 0.000000 0.000000 0.000000 0.000000 0.000000 0.000000 0.000000 0.000000 0.000000 0.000000 0.000000 0.000000 0.000000 0.000000 0.000000 0.000000 0.000000 0.000000 
0.000000 0.000000 0.000000 0.000000 0.000000 0.000000 0.000000 0.000000 0.000000 0.000000 0.000000 0.000000 0.000000 0.000000 0.000000 0.000000 0.000000 0.000000 0.000000 0.000000 0.000000 0.000000 0.000000 0.000000 0.000000 0.000000 0.000000 0.000000 0.000000 0.000000 0.000000 0.000000 0.000000 0.000000 0.000000 0.000000 0.000000 0.000000 0.000000 0.000000 
