40 40
0.000000 0.000000 0.000000 0.000000 0.000000 0.000000 0.000000 0.000000 0.000000 0.000000 0.000000 0.000000 0.000000 0.000000 0.000000 0.000000 0.000000 0.000000 0.000000 0.000000 0.000000 0.000000 0.000000 0.000000 0.000000 0.000000 0.000000 0.000000 0.000000 0.000000 0.000000 0.000000 0.000000 0.000000 0.000000 0.000000 0.000000 0.000000 0.000000 0.000000 
0.000000 0.000000 0.000000 0.000000 0.000000 0.000000 0.000000 0.000000 0.000000 0.000000 0.000000 0.000000 0.000000 0.000000 0.000000 0.000000 0.000000 0.000000 0.000000 0.000000 0.000000 0.000000 0.000000 0.000000 0.000000 0.000000 0.000000 0.000000 0.000000 0.000000 0.000000 0.000000 0.000000 0.000000 0.000000 0.000000 0.000000 0.000000 0.000000 0.000000 
0.000000 0.000000 0.000000 0.000000 0.000000 0.000000 0.000000 0.000000 0.000000 0.000000 0.000000 0.000000 0.000000 0.000000 0.000000 0.000000 0.000000 0.000000 0.000000 0.000000 0.000000 0.000000 0.000000 0.000000 0.000000 0.000000 0.000000 0.000000 0.000000 0.000000 0.000000 0.000000 0.000000 0.000000 0.000000 0.000000 0.000000 0.000000 0.000000 0.000000 
0.000000 0.000000 0.000000 0.000000 0.000000 0.000000 0.000000 0.000000 0.000000 0.000000 0.000000 0.000000 0.000000 0.000000 0.000000 0.000000 0.000000 0.000000 0.000000 0.000000 0.000000 0.000000 0.000000 0.000000 0.000000 0.000000 0.000000 0.000000 0.000000 0.000000 0.000000 0.000000 0.000000 0.000000 0.000000 0.000000 0.000000 0.000000 0.000000 0.000000 
0.000000 0.000000 0.000000 0.000000 0.000000 0.000000 0.000000 0.000000 0.000000 0.000000 0.000000 0.000000 0.000000 0.000000 0.000000 0.000000 0.000000 0.000000 0.000000 0.000000 0.000000 0.000000 0.000000 0.000000 0.000000 0.000000 0.000000 0.000000 0.000000 0.000000 0.000000 0.000000 0.000000 0.000000 0.000000 0.000000 0.000000 0.000000 0.000000 0.000000 
0.000000 0.000000 0.000000 0.000000 0.000000 0.000000 0.000000 0.000000 0.000000 0.000000 0.000000 0.000000 0.000000 0.000000 0.000000 0.000000 0.000000 0.000000 0.000000 0.000000 0.000000 0.000000 0.000000 0.000000 0.000000 0.000000 0.000000 0.000000 0.000000 0.000000 0.000000 0.000000 0.000000 0.000000 0.000000 0.000000 0.000000 0.000000 0.000000 0.000000 
0.000000 0.000000 0.000000 0.000000 0.000000 0.000000 0.000000 0.000000 0.000000 0.000000 0.000000 0.000000 0.000000 0.000000 0.000000 0.000000 0.000000 0.000000 0.000000 0.000000 0.000000 0.000000 0.000000 0.000000 0.000000 0.000000 0.000000 0.000000 0.000000 0.000000 0.000000 0.000000 0.000000 0.000000 0.000000 0.000000 0.000000 0.000000 0.000000 0.000000 
0.000000 0.000000 0.000000 0.000000 0.000000 0.000000 0.000000 0.000000 0.000000 0.000000 0.000000 0.000000 0.000000 0.000000 0.000000 0.000000 0.000000 0.000000 0.000000 0.000000 0.000000 0.000000 0.000000 0.000000 0.000000 0.000000 0.000000 0.000000 0.000000 0.000000 0.000000 0.000000 0.000000 0.000000 0.000000 0.000000 0.000000 0.000000 0.000000 0.000000 
0.000000 0.000000 0.000000 0.000000 0.000000 0.000000 0.000000 0.000000 0.000000 0.000000 0.000000 0.000000 1.184000 1.587000 1.859000 1.859000 1.859000 1.859000 1.859000 1.863000 1.917000 1.971000 2.000000 2.000000 2.000000 1.911000 1.805000 1.723000 1.723000 1.723000 1.723000 1.723000 1.723000 1.723000 0.000000 0.000000 0.000000 0.000000 0.000000 0.000000 
0.000000 0.000000 0.000000 0.000000 0.000000 0.000000 0.000000 0.000000 0.000000 0.000000 0.000000 0.000000 1.233000 1.607000 1.859000 1.859000 1.859000 1.859000 1.859000 1.863000 1.913000 1.963000 1.992000 1.995000 1.999000 1.918000 1.819000 1.742000 1.738000 1.734000 1.733000 1.733000 1.733000 1.733000 0.000000 0.000000 0.000000 0.000000 0.000000 0.000000 
0.000000 0.000000 0.000000 0.000000 0.000000 0.000000 0.000000 1.024000 1.249000 1.332000 1.307000 1.283000 1.490000 1.711000 1.859000 1.859000 1.859000 1.859000 1.859000 1.861000 1.891000 1.920000 1.947000 1.972000 1.996000 1.951000 1.894000 1.843000 1.819000 1.795000 1.785000 1.785000 1.785000 1.785000 0.000000 0.000000 0.000000 0.000000 0.000000 0.000000 
0.000000 0.000000 0.000000 0.000000 0.000000 0.000000 0.000000 1.211000 1.624000 1.777000 1.732000 1.687000 1.748000 1.814000 1.859000 1.859000 1.859000 1.859000 1.859000 1.860000 1.869000 1.877000 1.903000 1.948000 1.993000 1.985000 1.968000 1.944000 1.900000 1.855000 1.837000 1.837000 1.837000 1.837000 0.000000 0.000000 0.000000 0.000000 0.000000 0.000000 
0.000000 0.000000 0.000000 0.000000 0.000000 0.000000 1.058000 1.446000 1.833000 1.976000 1.934000 1.892000 1.879000 1.867000 1.859000 1.859000 1.859000 1.859000 1.859000 1.859000 1.859000 1.859000 1.884000 1.938000 1.991000 2.000000 2.000000 1.988000 1.934000 1.881000 1.859000 1.859000 1.859000 1.859000 0.000000 0.000000 0.000000 0.000000 0.000000 0.000000 
0.000000 0.000000 0.000000 0.000000 0.000000 1.479000 1.517000 1.716000 1.914000 1.988000 1.966000 1.945000 1.913000 1.881000 1.859000 1.859000 1.859000 1.859000 1.859000 1.859000 1.859000 1.859000 1.884000 1.938000 1.991000 2.000000 2.000000 1.988000 1.934000 1.881000 1.859000 1.859000 1.859000 1.859000 0.000000 0.000000 0.000000 0.000000 0.000000 0.000000 
0.000000 0.000000 0.000000 0.000000 0.000000 1.974000 1.976000 1.986000 1.996000 1.999000 1.998000 1.997000 1.947000 1.895000 1.859000 1.859000 1.859000 1.859000 1.859000 1.859000 1.859000 1.859000 1.884000 1.938000 1.991000 2.000000 2.000000 1.988000 1.934000 1.881000 1.859000 1.859000 1.859000 1.859000 0.000000 0.000000 0.000000 0.000000 0.000000 0.000000 
0.000000 0.000000 0.000000 0.000000 0.000000 2.000000 2.000000 2.000000 2.000000 2.000000 2.000000 2.000000 1.949000 1.895000 1.859000 1.859000 1.859000 1.859000 1.859000 1.861000 1.880000 1.899000 1.926000 1.960000 1.995000 2.000000 2.000000 1.992000 1.958000 1.924000 1.910000 1.910000 1.910000 1.910000 0.000000 0.000000 0.000000 0.000000 0.000000 0.000000 
0.000000 0.000000 0.000000 0.000000 0.000000 2.000000 2.000000 2.000000 2.000000 2.000000 2.000000 2.000000 1.949000 1.895000 1.859000 1.859000 1.859000 1.859000 1.859000 1.862000 1.902000 1.942000 1.970000 1.984000 1.998000 2.000000 2.000000 1.997000 1.983000 1.969000 1.964000 1.964000 1.964000 1.964000 0.000000 0.000000 0.000000 0.000000 0.000000 0.000000 
0.000000 0.000000 0.000000 0.000000 0.000000 2.000000 2.000000 2.000000 2.000000 2.000000 2.000000 2.000000 1.955000 1.908000 1.877000 1.877000 1.877000 1.877000 1.877000 1.880000 1.928000 1.975000 2.000000 2.000000 2.000000 1.994000 1.988000 1.982000 1.982000 1.982000 1.982000 1.982000 1.982000 1.982000 0.000000 0.000000 0.000000 0.000000 0.000000 0.000000 
0.000000 0.000000 0.000000 0.000000 0.000000 2.000000 2.000000 2.000000 2.000000 2.000000 2.000000 2.000000 1.975000 1.948000 1.930000 1.930000 1.930000 1.930000 1.930000 1.933000 1.959000 1.986000 2.000000 2.000000 2.000000 1.977000 1.950000 1.929000 1.929000 1.929000 1.929000 1.929000 1.929000 1.929000 0.000000 0.000000 0.000000 0.000000 0.000000 0.000000 
0.000000 0.000000 0.000000 0.000000 0.000000 2.000000 2.000000 2.000000 2.000000 2.000000 2.000000 2.000000 1.994000 1.988000 1.984000 1.984000 1.984000 1.984000 1.984000 1.985000 1.991000 1.997000 2.000000 2.000000 2.000000 1.960000 1.912000 1.875000 1.875000 1.875000 1.875000 1.875000 1.875000 1.875000 0.000000 0.000000 0.000000 0.000000 0.000000 0.000000 
0.000000 0.000000 0.000000 0.000000 0.000000 2.000000 2.000000 2.000000 2.000000 2.000000 2.000000 2.000000 2.000000 2.000000 2.000000 2.000000 2.000000 2.000000 2.000000 1.999000 1.984000 1.970000 1.962000 1.962000 1.962000 1.917000 1.864000 1.822000 1.822000 1.822000 1.831000 1.845000 1.859000 1.859000 0.000000 0.000000 0.000000 0.000000 0.000000 0.000000 
0.000000 0.000000 0.000000 0.000000 0.000000 2.000000 2.000000 2.000000 2.000000 2.000000 2.000000 2.000000 2.000000 2.000000 2.000000 2.000000 2.000000 2.000000 2.000000 1.997000 1.962000 1.927000 1.908000 1.908000 1.908000 1.864000 1.812000 1.771000 1.771000 1.771000 1.791000 1.825000 1.858000 1.859000 0.000000 0.000000 0.000000 0.000000 0.000000 0.000000 
0.000000 0.000000 0.000000 0.000000 0.000000 2.005000 2.004000 2.003000 2.001000 2.000000 2.000000 2.000000 2.000000 2.000000 2.000000 2.000000 2.000000 2.000000 2.000000 1.996000 1.942000 1.888000 1.859000 1.859000 1.859000 1.815000 1.763000 1.723000 1.723000 1.723000 1.754000 1.806000 1.858000 1.859000 0.000000 0.000000 0.000000 0.000000 0.000000 0.000000 
0.000000 0.000000 0.000000 0.000000 0.000000 2.061000 2.057000 2.033000 2.010000 2.000000 2.000000 2.000000 2.000000 2.000000 2.000000 2.000000 2.000000 2.000000 2.000000 1.996000 1.942000 1.888000 1.859000 1.859000 1.859000 1.815000 1.763000 1.723000 1.723000 1.723000 1.754000 1.806000 1.858000 1.859000 0.000000 0.000000 0.000000 0.000000 0.000000 0.000000 
0.000000 0.000000 0.000000 0.000000 0.000000 2.118000 2.109000 2.064000 2.019000 2.000000 2.000000 2.000000 2.000000 2.000000 2.000000 2.000000 2.000000 2.000000 2.000000 1.996000 1.942000 1.888000 1.859000 1.859000 1.859000 1.815000 1.763000 1.723000 1.723000 1.723000 1.754000 1.806000 1.858000 1.859000 0.000000 0.000000 0.000000 0.000000 0.000000 0.000000 
0.000000 0.000000 0.000000 0.000000 0.000000 2.122000 2.113000 2.067000 2.020000 2.000000 2.000000 2.000000 2.000000 2.000000 2.003000 2.013000 2.023000 2.019000 2.009000 1.996000 1.952000 1.908000 1.879000 1.870000 1.861000 1.823000 1.780000 1.745000 1.736000 1.727000 1.749000 1.791000 1.834000 1.835000 0.000000 0.000000 0.000000 0.000000 0.000000 0.000000 
0.000000 0.000000 0.000000 0.000000 0.000000 2.065000 2.061000 2.036000 2.011000 2.000000 2.000000 2.000000 2.000000 2.000000 2.010000 2.042000 2.073000 2.060000 2.029000 1.998000 1.974000 1.950000 1.924000 1.894000 1.864000 1.840000 1.817000 1.793000 1.764000 1.735000 1.737000 1.760000 1.783000 1.783000 0.000000 0.000000 0.000000 0.000000 0.000000 0.000000 
0.000000 0.000000 0.000000 0.000000 0.000000 2.009000 2.008000 2.005000 2.001000 2.000000 2.000000 2.000000 2.000000 2.000000 2.017000 2.070000 2.123000 2.102000 2.049000 2.000000 1.996000 1.993000 1.968000 1.918000 1.867000 1.856000 1.853000 1.840000 1.791000 1.743000 1.725000 1.728000 1.731000 1.731000 0.000000 0.000000 0.000000 0.000000 0.000000 0.000000 
0.000000 0.000000 0.000000 0.000000 0.000000 2.000000 2.000000 2.000000 2.000000 2.000000 2.000000 2.000000 2.000000 2.000000 2.012000 2.051000 2.089000 2.073000 2.035000 2.000000 2.000000 2.000000 1.975000 1.921000 1.868000 1.859000 1.859000 1.848000 1.796000 1.744000 1.723000 1.723000 1.723000 1.723000 0.000000 0.000000 0.000000 0.000000 0.000000 0.000000 
0.000000 0.000000 0.000000 0.000000 0.000000 2.000000 2.000000 2.000000 2.000000 2.000000 2.000000 2.000000 2.000000 2.000000 2.005000 2.022000 2.039000 2.032000 2.015000 2.000000 2.000000 2.000000 1.975000 1.921000 1.868000 1.859000 1.859000 1.848000 1.796000 1.744000 1.723000 1.723000 1.723000 1.723000 0.000000 0.000000 0.000000 0.000000 0.000000 0.000000 
0.000000 0.000000 0.000000 0.000000 0.000000 2.000000 2.000000 2.000000 2.000000 2.000000 2.000000 2.000000 2.000000 2.000000 2.000000 2.000000 2.000000 2.000000 2.000000 2.000000 2.000000 2.000000 1.975000 1.921000 1.868000 1.859000 1.859000 1.848000 1.796000 1.744000 1.723000 1.723000 1.723000 1.723000 0.000000 0.000000 0.000000 0.000000 0.000000 0.000000 
0.000000 0.000000 0.000000 0.000000 0.000000 2.000000 2.000000 2.000000 2.000000 2.000000 2.000000 2.000000 2.000000 2.000000 2.000000 2.000000 2.000000 2.000000 2.000000 2.000000 2.000000 2.000000 1.975000 1.921000 1.868000 1.859000 1.859000 1.848000 1.796000 1.744000 1.723000 1.723000 1.723000 1.723000 0.000000 0.000000 0.000000 0.000000 0.000000 0.000000 
0.000000 0.000000 0.000000 0.000000 0.000000 0.000000 0.000000 0.000000 0.000000 0.000000 0.000000 0.000000 0.000000 0.000000 0.000000 0.000000 0.000000 0.000000 0.000000 0.000000 0.000000 0.000000 0.000000 0.000000 0.000000 0.000000 0.000000 0.000000 0.000000 0.000000 0.000000 0.000000 0.000000 0.000000 0.000000 0.000000 0.000000 0.000000 0.000000 0.000000 
0.000000 0.000000 0.000000 0.000000 0.000000 0.000000 0.000000 0.000000 0.000000 0.000000 0.000000 0.000000 0.000000 0.000000 0.000000 0.000000 0.000000 0.000000 0.000000 0.000000 0.000000 0.000000 0.000000 0.000000 0.000000 0.000000 0.000000 0.000000 0.000000 0.000000 0.000000 0.000000 0.000000 0.000000 0.000000 0.000000 0.000000 0.000000 0.000000 0.000000 
0.000000 0.000000 0.000000 0.000000 0.000000 0.000000 0.000000 0.000000 0.000000 0.000000 0.000000 0.000000 0.000000 0.000000 0.000000 0.000000 0.000000 0.000000 0.000000 0.000000 0.000000 0.000000 0.000000 0.000000 0.000000 0.000000 0.000000 0.000000 0.000000 0.000000 0.000000 0.000000 0.000000 0.000000 0.000000 0.000000 0.000000 0.000000 0.000000 0.000000 
0.000000 0.000000 0.000000 0.000000 0.000000 0.000000 0.000000 0.000000 0.000000 0.000000 0.000000 0.000000 0.000000 0.000000 0.000000 0.000000 0.000000 0.000000 0.000000 0.000000 0.000000 0.000000 0.000000 0.000000 0.000000 0.000000 0.000000 0.000000 0.000000 0.000000 0.000000 0.000000 0.000000 0.000000 0.000000 0.000000 0.000000 0.000000 0.000000 0.000000 
0.000000 0.000000 0.000000 0.000000 0.000000 0.000000 0.000000 0.000000 0.000000 0.000000 0.000000 0.000000 0.000000 0.000000 0.000000 0.000000 0.000000 0.000000 0.000000 0.000000 0.000000 0.000000 0.000000 0.000000 0.000000 0.000000 0.000000 0.000000 0.000000 0.000000 0.000000 0.000000 0.000000 0.000000 0.000000 0.000000 0.000000 0.000000 0.000000 0.000000 
0.000000 0.000000 0.000000 0.000000 0.000000 0.000000 0.000000 0.000000 0.000000 0.000000 0.000000 0.000000 0.000000 0.000000 0.000000 0.000000 0.000000 0.000000 0.000000 0.000000 0.000000 0.000000 0.000000 0.000000 0.000000 0.000000 0.000000 0.000000 0.000000 0.000000 0.000000 0.000000 0.000000 0.000000 0.000000 0.000000 0.000000 0.000000 0.000000 0.000000 
0.000000 0.000000 0.000000 0.000000 0.000000 0.000000 0.000000 0.000000 0.000000 0.000000 0.000000 0.000000 0.000000 0.000000 0.000000 0.000000 0.000000 0.000000 0.000000 0.000000 0.000000 0.000000 0.000000 0.000000 0.000000 0.000000 0.000000 0.000000 0.000000 0.000000 0.000000 0.000000 0.000000 0.000000 0.000000 0.000000 0.000000 0.000000 0.000000 0.000000 
0.000000 0.000000 0.000000 0.000000 0.000000 0.000000 0.000000 0.000000 0.000000 0.000000 0.000000 0.000000 0.000000 0.000000 0.000000 0.000000 0.000000 0.000000 0.000000 0.000000 0.000000 0.000000 0.000000 0.000000 0.000000 0.000000 0.000000 0.000000 0.000000 0.000000 0.000000 0.000000 0.000000 0.000000 0.000000 0.000000 0.000000 0.000000 0.000000 0.000000 
