40 40
0.000000 0.000000 0.000000 0.000000 0.000000 0.000000 0.000000 0.000000 0.000000 0.000000 0.000000 0.000000 0.000000 0.000000 0.000000 0.000000 0.000000 0.000000 0.000000 0.000000 0.000000 0.000000 0.000000 0.000000 0.000000 0.000000 0.000000 0.000000 0.000000 0.000000 0.000000 0.000000 0.000000 0.000000 0.000000 0.000000 0.000000 0.000000 0.000000 0.000000 
0.000000 0.000000 0.000000 0.000000 0.000000 0.000000 0.000000 0.000000 0.000000 0.000000 0.000000 0.000000 0.000000 0.000000 0.000000 0.000000 0.000000 0.000000 0.000000 0.000000 0.000000 0.000000 0.000000 0.000000 0.000000 0.000000 0.000000 0.000000 0.000000 0.000000 0.000000 0.000000 0.000000 0.000000 0.000000 0.000000 0.000000 0.000000 0.000000 0.000000 
0.000000 0.000000 0.000000 0.000000 0.000000 0.000000 0.000000 0.000000 0.000000 0.000000 0.000000 0.000000 0.000000 0.000000 0.000000 0.000000 0.000000 0.000000 0.000000 0.000000 0.000000 0.000000 0.000000 0.000000 0.000000 0.000000 0.000000 0.000000 0.000000 0.000000 0.000000 0.000000 0.000000 0.000000 0.000000 0.000000 0.000000 0.000000 0.000000 0.000000 
0.000000 0.000000 0.000000 0.000000 0.000000 0.000000 0.000000 0.000000 0.000000 0.000000 0.000000 0.000000 0.000000 0.000000 0.000000 0.000000 0.000000 0.000000 0.000000 0.000000 0.000000 0.000000 0.000000 0.000000 0.000000 0.000000 0.000000 0.000000 0.000000 0.000000 0.000000 0.000000 0.000000 0.000000 0.000000 0.000000 0.000000 0.000000 0.000000 0.000000 
0.000000 0.000000 0.000000 0.000000 0.000000 0.000000 0.000000 0.000000 0.000000 0.000000 0.000000 0.000000 0.000000 0.000000 0.000000 0.000000 0.000000 0.000000 0.000000 0.000000 0.000000 0.000000 0.000000 0.000000 0.000000 0.000000 0.000000 0.000000 0.000000 0.000000 0.000000 0.000000 0.000000 0.000000 0.000000 0.000000 0.000000 0.000000 0.000000 0.000000 
0.000000 0.000000 0.000000 0.000000 0.000000 0.000000 0.000000 0.000000 0.000000 0.000000 0.000000 0.000000 0.000000 0.000000 0.000000 0.000000 0.000000 0.000000 0.000000 0.000000 0.000000 0.000000 0.000000 0.000000 0.000000 0.000000 0.000000 0.000000 0.000000 0.000000 0.000000 0.000000 0.000000 0.000000 0.000000 0.000000 0.000000 0.000000 0.000000 0.000000 
0.000000 0.000000 0.000000 0.000000 0.000000 0.000000 0.000000 0.000000 0.000000 0.000000 0.000000 0.000000 0.000000 0.000000 0.000000 0.000000 0.000000 0.000000 0.000000 0.000000 0.000000 0.000000 0.000000 0.000000 0.000000 0.000000 0.000000 0.000000 0.000000 0.000000 0.000000 0.000000 0.000000 0.000000 0.000000 0.000000 0.000000 0.000000 0.000000 0.000000 
0.000000 0.000000 0.000000 0.000000 0.000000 0.000000 0.000000 0.000000 0.000000 0.000000 0.000000 0.000000 0.000000 0.000000 0.000000 0.000000 0.000000 0.000000 0.000000 0.000000 0.000000 0.000000 0.000000 0.000000 0.000000 0.000000 0.000000 0.000000 0.000000 0.000000 0.000000 0.000000 0.000000 0.000000 0.000000 0.000000 0.000000 0.000000 0.000000 0.000000 
0.000000 0.000000 0.000000 0.000000 0.000000 0.000000 0.000000 0.000000 0.000000 0.000000 0.000000 0.000000 0.000000 0.000000 0.000000 0.000000 0.000000 0.000000 0.000000 0.000000 0.000000 0.000000 0.000000 0.000000 0.000000 0.000000 0.000000 0.000000 0.000000 0.000000 0.000000 0.000000 0.000000 0.000000 0.000000 0.000000 0.000000 0.000000 0.000000 0.000000 
0.000000 0.000000 0.000000 0.000000 0.000000 0.000000 0.000000 0.000000 0.000000 0.000000 0.000000 0.000000 0.000000 0.000000 0.000000 0.000000 0.000000 0.000000 0.000000 0.000000 0.000000 0.000000 0.000000 0.000000 0.000000 0.000000 0.000000 0.000000 0.000000 0.000000 0.000000 0.000000 0.000000 0.000000 0.000000 0.000000 0.000000 0.000000 0.000000 0.000000 
0.000000 0.000000 0.000000 0.000000 0.000000 0.000000 0.000000 0.000000 0.000000 0.000000 0.000000 0.000000 0.000000 0.000000 0.000000 0.000000 0.000000 0.000000 0.000000 0.000000 0.000000 0.000000 0.000000 0.000000 0.000000 0.000000 0.000000 0.000000 0.000000 0.000000 0.000000 0.000000 0.000000 0.000000 0.000000 0.000000 0.000000 0.000000 0.000000 0.000000 
0.000000 0.000000 0.000000 0.000000 0.000000 0.000000 0.000000 0.000000 0.000000 0.000000 0.000000 0.000000 0.000000 0.000000 0.000000 0.000000 0.000000 0.000000 0.000000 0.000000 0.000000 0.000000 0.000000 0.000000 0.000000 0.000000 0.000000 0.000000 0.000000 0.000000 0.000000 0.000000 0.000000 0.000000 0.000000 0.000000 0.000000 0.000000 0.000000 0.000000 
0.000000 0.000000 0.000000 0.000000 1.875000 1.875000 1.875000 1.875000 1.875000 1.875000 1.875000 1.875000 1.970000 2.074000 2.107000 2.054000 2.001000 2.000000 2.000000 2.000000 2.000000 2.002000 2.055000 2.108000 2.131000 2.131000 2.131000 2.131000 2.131000 2.131000 2.131000 2.170000 2.405000 2.639000 2.710000 2.710000 2.710000 2.710000 2.710000 0.000000 
0.000000 0.000000 0.000000 0.000000 1.875000 1.875000 1.875000 1.875000 1.875000 1.879000 1.890000 1.902000 1.988000 2.080000 2.107000 2.054000 2.001000 2.000000 2.000000 2.000000 2.000000 2.002000 2.055000 2.108000 2.131000 2.131000 2.131000 2.131000 2.131000 2.131000 2.131000 2.166000 2.375000 2.585000 2.665000 2.691000 2.710000 2.710000 2.710000 0.000000 
0.000000 0.000000 0.000000 1.030000 1.875000 1.875000 1.875000 1.875000 1.875000 1.896000 1.949000 2.002000 2.053000 2.103000 2.107000 2.054000 2.001000 2.000000 2.000000 2.000000 2.000000 2.002000 2.055000 2.108000 2.131000 2.131000 2.131000 2.131000 2.131000 2.131000 2.131000 2.150000 2.264000 2.379000 2.497000 2.617000 2.710000 2.710000 2.710000 1.634000 
1.454000 1.454000 1.590000 1.760000 1.875000 1.875000 1.875000 1.875000 1.875000 1.912000 2.007000 2.102000 2.118000 2.126000 2.107000 2.054000 2.001000 2.000000 2.000000 2.000000 2.000000 2.002000 2.055000 2.108000 2.131000 2.131000 2.131000 2.131000 2.131000 2.131000 2.131000 2.134000 2.154000 2.173000 2.329000 2.544000 2.710000 2.710000 2.710000 2.569000 
2.000000 2.000000 1.973000 1.938000 1.915000 1.915000 1.915000 1.915000 1.915000 1.949000 2.037000 2.124000 2.115000 2.098000 2.073000 2.037000 2.001000 2.000000 2.000000 2.000000 2.000000 2.002000 2.038000 2.073000 2.099000 2.116000 2.131000 2.131000 2.131000 2.131000 2.131000 2.131000 2.131000 2.131000 2.254000 2.431000 2.559000 2.524000 2.489000 2.514000 
2.000000 2.000000 1.989000 1.975000 1.966000 1.966000 1.966000 1.966000 1.966000 1.992000 2.059000 2.126000 2.095000 2.057000 2.029000 2.015000 2.000000 2.000000 2.000000 2.000000 2.000000 2.001000 2.015000 2.030000 2.058000 2.096000 2.131000 2.131000 2.131000 2.131000 2.131000 2.131000 2.131000 2.131000 2.204000 2.308000 2.370000 2.291000 2.212000 2.207000 
1.992000 1.999000 2.000000 2.000000 2.000000 2.000000 2.000000 2.006000 2.013000 2.035000 2.081000 2.127000 2.082000 2.029000 2.000000 2.000000 2.000000 2.000000 2.000000 2.000000 2.000000 2.000000 2.000000 2.000000 2.031000 2.084000 2.132000 2.139000 2.146000 2.149000 2.149000 2.148000 2.141000 2.133000 2.164000 2.212000 2.226000 2.125000 2.024000 2.000000 
1.967000 1.994000 2.000000 2.000000 2.000000 2.000000 2.000000 2.024000 2.053000 2.080000 2.105000 2.129000 2.082000 2.029000 2.000000 2.000000 2.000000 2.000000 2.000000 2.000000 2.000000 2.000000 2.000000 2.000000 2.031000 2.084000 2.134000 2.164000 2.193000 2.204000 2.204000 2.199000 2.170000 2.140000 2.149000 2.174000 2.176000 2.097000 2.019000 2.000000 
1.943000 1.990000 2.000000 2.000000 2.000000 2.000000 2.000000 2.043000 2.093000 2.125000 2.128000 2.131000 2.082000 2.029000 2.000000 2.000000 2.000000 2.000000 2.000000 2.000000 2.000000 2.000000 2.000000 2.000000 2.031000 2.084000 2.136000 2.188000 2.240000 2.259000 2.259000 2.250000 2.199000 2.147000 2.133000 2.136000 2.126000 2.070000 2.013000 2.000000 
1.917000 1.950000 1.957000 1.957000 1.957000 1.957000 1.957000 2.001000 2.054000 2.085000 2.085000 2.085000 2.054000 2.019000 2.000000 2.000000 2.000000 2.000000 2.000000 2.000000 2.000000 2.000000 2.000000 2.000000 2.020000 2.055000 2.091000 2.146000 2.200000 2.220000 2.220000 2.211000 2.156000 2.102000 2.085000 2.085000 2.078000 2.043000 2.008000 2.000000 
1.891000 1.903000 1.906000 1.906000 1.906000 1.906000 1.906000 1.950000 2.001000 2.032000 2.032000 2.032000 2.020000 2.007000 2.000000 2.000000 2.000000 2.000000 2.000000 2.000000 2.000000 2.000000 2.000000 2.000000 2.008000 2.021000 2.038000 2.092000 2.145000 2.165000 2.165000 2.156000 2.102000 2.049000 2.032000 2.032000 2.029000 2.016000 2.003000 2.000000 
1.856000 1.856000 1.856000 1.856000 1.851000 1.836000 1.822000 1.876000 1.941000 1.980000 1.980000 1.980000 1.980000 1.980000 1.980000 1.980000 1.980000 1.988000 1.996000 2.000000 2.000000 2.000000 1.992000 1.984000 1.980000 1.980000 1.985000 2.030000 2.074000 2.091000 2.091000 2.084000 2.048000 2.011000 2.000000 2.000000 2.000000 2.000000 2.000000 2.000000 
1.806000 1.806000 1.806000 1.806000 1.789000 1.737000 1.685000 1.765000 1.867000 1.930000 1.930000 1.930000 1.930000 1.930000 1.930000 1.930000 1.930000 1.958000 1.986000 2.000000 2.000000 1.999000 1.970000 1.942000 1.930000 1.930000 1.932000 1.955000 1.979000 1.987000 1.987000 1.988000 1.993000 1.998000 2.000000 2.000000 2.000000 2.000000 2.000000 2.000000 
1.757000 1.757000 1.757000 1.757000 1.728000 1.638000 1.548000 1.655000 1.794000 1.879000 1.879000 1.879000 1.879000 1.879000 1.879000 1.879000 1.879000 1.927000 1.976000 2.000000 2.000000 1.998000 1.949000 1.900000 1.879000 1.879000 1.879000 1.881000 1.883000 1.883000 1.883000 1.891000 1.938000 1.986000 2.000000 2.000000 2.000000 2.000000 2.000000 2.000000 
1.753000 1.753000 1.753000 1.753000 1.723000 1.630000 1.537000 1.646000 1.788000 1.875000 1.875000 1.875000 1.875000 1.875000 1.875000 1.875000 1.875000 1.925000 1.975000 2.000000 2.000000 1.998000 1.947000 1.897000 1.875000 1.875000 1.875000 1.875000 1.875000 1.875000 1.875000 1.883000 1.934000 1.985000 2.000000 2.000000 2.000000 2.000000 2.000000 2.000000 
0.000000 0.000000 0.000000 0.000000 0.000000 0.000000 0.000000 0.000000 0.000000 0.000000 0.000000 0.000000 0.000000 0.000000 0.000000 0.000000 0.000000 0.000000 0.000000 0.000000 0.000000 0.000000 0.000000 0.000000 0.000000 0.000000 0.000000 0.000000 0.000000 0.000000 0.000000 0.000000 0.000000 0.000000 0.000000 0.000000 0.000000 0.000000 0.000000 0.000000 
0.000000 0.000000 0.000000 0.000000 0.000000 0.000000 0.000000 0.000000 0.000000 0.000000 0.000000 0.000000 0.000000 0.000000 0.000000 0.000000 0.000000 0.000000 0.000000 0.000000 0.000000 0.000000 0.000000 0.000000 0.000000 0.000000 0.000000 0.000000 0.000000 0.000000 0.000000 0.000000 0.000000 0.000000 0.000000 0.000000 0.000000 0.000000 0.000000 0.000000 
0.000000 0.000000 0.000000 0.000000 0.000000 0.000000 0.000000 0.000000 0.000000 0.000000 0.000000 0.000000 0.000000 0.000000 0.000000 0.000000 0.000000 0.000000 0.000000 0.000000 0.000000 0.000000 0.000000 0.000000 0.000000 0.000000 0.000000 0.000000 0.000000 0.000000 0.000000 0.000000 0.000000 0.000000 0.000000 0.000000 0.000000 0.000000 0.000000 0.000000 
0.000000 0.000000 0.000000 0.000000 0.000000 0.000000 0.000000 0.000000 0.000000 0.000000 0.000000 0.000000 0.000000 0.000000 0.000000 0.000000 0.000000 0.000000 0.000000 0.000000 0.000000 0.000000 0.000000 0.000000 0.000000 0.000000 0.000000 0.000000 0.000000 0.000000 0.000000 0.000000 0.000000 0.000000 0.000000 0.000000 0.000000 0.000000 0.000000 0.000000 
0.000000 0.000000 0.000000 0.000000 0.000000 0.000000 0.000000 0.000000 0.000000 0.000000 0.000000 0.000000 0.000000 0.000000 0.000000 0.000000 0.000000 0.000000 0.000000 0.000000 0.000000 0.000000 0.000000 0.000000 0.000000 0.000000 0.000000 0.000000 0.000000 0.000000 0.000000 0.000000 0.000000 0.000000 0.000000 0.000000 0.000000 0.000000 0.000000 0.000000 
0.000000 0.000000 0.000000 0.000000 0.000000 0.000000 0.000000 0.000000 0.000000 0.000000 0.000000 0.000000 0.000000 0.000000 0.000000 0.000000 0.000000 0.000000 0.000000 0.000000 0.000000 0.000000 0.000000 0.000000 0.000000 0.000000 0.000000 0.000000 0.000000 0.000000 0.000000 0.000000 0.000000 0.000000 0.000000 0.000000 0.000000 0.000000 0.000000 0.000000 
0.000000 0.000000 0.000000 0.000000 0.000000 0.000000 0.000000 0.000000 0.000000 0.000000 0.000000 0.000000 0.000000 0.000000 0.000000 0.000000 0.000000 0.000000 0.000000 0.000000 0.000000 0.000000 0.000000 0.000000 0.000000 0.000000 0.000000 0.000000 0.000000 0.000000 0.000000 0.000000 0.000000 0.000000 0.000000 0.000000 0.000000 0.000000 0.000000 0.000000 
0.000000 0.000000 0.000000 0.000000 0.000000 0.000000 0.000000 0.000000 0.000000 0.000000 0.000000 0.000000 0.000000 0.000000 0.000000 0.000000 0.000000 0.000000 0.000000 0.000000 0.000000 0.000000 0.000000 0.000000 0.000000 0.000000 0.000000 0.000000 0.000000 0.000000 0.000000 0.000000 0.000000 0.000000 0.000000 0.000000 0.000000 0.000000 0.000000 0.000000 
0.000000 0.000000 0.000000 0.000000 0.000000 0.000000 0.000000 0.000000 0.000000 0.000000 0.000000 0.000000 0.000000 0.000000 0.000000 0.000000 0.000000 0.000000 0.000000 0.000000 0.000000 0.000000 0.000000 0.000000 0.000000 0.000000 0.000000 0.000000 0.000000 0.000000 0.000000 0.000000 0.000000 0.000000 0.000000 0.000000 0.000000 0.000000 0.000000 0.000000 
0.000000 0.000000 0.000000 0.000000 0.000000 0.000000 0.000000 0.000000 0.000000 0.000000 0.000000 0.000000 0.000000 0.000000 0.000000 0.000000 0.000000 0.000000 0.000000 0.000000 0.000000 0.000000 0.000000 0.000000 0.000000 0.000000 0.000000 0.000000 0.000000 0.000000 0.000000 0.000000 0.000000 0.000000 0.000000 0.000000 0.000000 0.000000 0.000000 0.000000 
0.000000 0.000000 0.000000 0.000000 0.000000 0.000000 0.000000 0.000000 0.000000 0.000000 0.000000 0.000000 0.000000 0.000000 0.000000 0.000000 0.000000 0.000000 0.000000 0.000000 0.000000 0.000000 0.000000 0.000000 0.000000 0.000000 0.000000 0.000000 0.000000 0.000000 0.000000 0.000000 0.000000 0.000000 0.000000 0.000000 0.000000 0.000000 0.000000 0.000000 
0.000000 0.000000 0.000000 0.000000 0.000000 0.000000 0.000000 0.000000 0.000000 0.000000 0.000000 0.000000 0.000000 0.000000 0.000000 0.000000 0.000000 0.000000 0.000000 0.000000 0.000000 0.000000 0.000000 0.000000 0.000000 0.000000 0.000000 0.000000 0.000000 0.000000 0.000000 0.000000 0.000000 0.000000 0.000000 0.000000 0.000000 0.000000 0.000000 0.000000 
0.000000 0.000000 0.000000 0.000000 0.000000 0.000000 0.000000 0.000000 0.000000 0.000000 0.000000 0.000000 0.000000 0.000000 0.000000 0.000000 0.000000 0.000000 0.000000 0.000000 0.000000 0.000000 0.000000 0.000000 0.000000 0.000000 0.000000 0.000000 0.000000 0.000000 0.000000 0.000000 0.000000 0.000000 0.000000 0.000000 0.000000 0.000000 0.000000 0.000000 
