0.000000,0.000000,0.000000,0.000000,0.000000,0.000000,0.000000,0.000000,0.000000,0.000000,0.000000,0.000000,0.000000,0.000000,0.000000,0.000000,0.000000,0.000000,0.000000,0.000000,0.000000,0.000000,0.000000,0.000000,0.000000,0.000000,0.000000,0.000000,0.000000,0.000000,0.000000,0.000000,0.000000,0.000000,0.000000,0.000000,0.000000,0.000000,0.000000,0.000000,
0.000000,0.000000,0.000000,0.000000,0.000000,0.000000,0.000000,0.000000,0.000000,0.000000,0.000000,0.000000,0.000000,0.000000,0.000000,0.000000,0.000000,0.000000,0.000000,0.000000,0.000000,0.000000,0.000000,0.000000,0.000000,0.000000,0.000000,0.000000,0.000000,0.000000,0.000000,0.000000,0.000000,0.000000,0.000000,0.000000,0.000000,0.000000,0.000000,0.000000,
0.000000,0.000000,0.000000,0.000000,0.000000,0.000000,0.000000,0.000000,0.000000,0.000000,0.000000,0.000000,0.000000,0.000000,0.000000,0.000000,0.000000,0.000000,0.000000,0.000000,0.000000,0.000000,0.000000,0.000000,0.000000,0.000000,0.000000,0.000000,0.000000,0.000000,0.000000,0.000000,0.000000,0.000000,0.000000,0.000000,0.000000,0.000000,0.000000,0.000000,
0.000000,0.000000,0.000000,0.000000,0.000000,0.000000,0.000000,0.000000,0.000000,0.000000,0.000000,0.000000,0.000000,0.000000,0.000000,0.000000,0.000000,0.000000,0.000000,0.000000,0.000000,0.000000,0.000000,0.000000,0.000000,0.000000,0.000000,0.000000,0.000000,0.000000,0.000000,0.000000,0.000000,0.000000,0.000000,0.000000,0.000000,0.000000,0.000000,0.000000,
0.000000,0.000000,0.000000,0.000000,0.000000,0.000000,0.000000,0.000000,0.000000,0.000000,0.000000,0.000000,0.000000,0.000000,0.000000,0.000000,0.000000,0.000000,0.000000,0.000000,0.000000,0.000000,0.000000,0.000000,0.000000,0.000000,0.000000,0.000000,0.000000,0.000000,0.000000,0.000000,0.000000,0.000000,0.000000,0.000000,0.000000,0.000000,0.000000,0.000000,
0.000000,0.000000,0.000000,0.000000,0.000000,0.000000,0.000000,0.000000,0.000000,0.000000,0.000000,0.000000,0.000000,2.964000,2.230000,1.915000,1.880000,1.817000,1.755000,1.755000,1.755000,1.755000,1.755000,1.755000,1.755000,1.755000,1.755000,1.745000,1.712000,1.679000,1.647000,1.616000,1.587000,0.000000,0.000000,0.000000,0.000000,0.000000,0.000000,0.000000,
0.000000,0.000000,0.000000,0.000000,0.000000,0.000000,0.000000,0.000000,0.000000,0.000000,0.000000,0.000000,0.000000,0.000000,2.583000,2.216000,1.920000,1.817000,1.754000,1.742000,1.734000,1.734000,1.741000,1.753000,1.755000,1.755000,1.755000,1.745000,1.712000,1.686000,1.665000,1.654000,1.647000,0.000000,0.000000,0.000000,0.000000,0.000000,0.000000,0.000000,
0.000000,0.000000,0.000000,0.000000,0.000000,0.000000,0.000000,0.000000,0.000000,0.000000,0.000000,0.000000,0.000000,0.000000,0.000000,2.698000,1.984000,1.817000,1.752000,1.722000,1.701000,1.701000,1.719000,1.750000,1.755000,1.755000,1.755000,1.745000,1.712000,1.696000,1.693000,1.715000,1.742000,0.000000,0.000000,0.000000,0.000000,0.000000,0.000000,0.000000,
0.000000,0.000000,0.000000,0.000000,0.000000,0.000000,0.000000,0.000000,0.000000,0.000000,0.000000,0.000000,0.000000,0.000000,0.000000,2.797000,1.998000,1.803000,1.725000,1.708000,1.697000,1.697000,1.716000,1.749000,1.755000,1.755000,1.755000,1.750000,1.733000,1.726000,1.726000,1.739000,1.755000,0.000000,0.000000,0.000000,0.000000,0.000000,0.000000,0.000000,
0.000000,0.000000,0.000000,0.000000,0.000000,0.000000,0.000000,0.000000,0.000000,0.000000,0.000000,0.000000,0.000000,0.000000,0.000000,2.832000,1.993000,1.783000,1.697000,1.697000,1.697000,1.697000,1.717000,1.753000,1.757000,1.755000,1.755000,1.755000,1.755000,1.755000,1.755000,1.755000,1.755000,0.000000,0.000000,0.000000,0.000000,0.000000,0.000000,0.000000,
0.000000,0.000000,0.000000,0.000000,0.000000,0.000000,0.000000,0.000000,0.000000,0.000000,0.000000,0.000000,0.000000,0.000000,0.000000,2.838000,1.906000,1.731000,1.697000,1.697000,1.697000,1.697000,1.728000,1.783000,1.775000,1.755000,1.755000,1.755000,1.755000,1.755000,1.755000,1.755000,1.755000,0.000000,0.000000,0.000000,0.000000,0.000000,0.000000,0.000000,
0.000000,0.000000,0.000000,0.000000,0.000000,0.000000,0.000000,0.000000,0.000000,0.000000,0.000000,0.000000,0.000000,0.000000,0.000000,2.659000,1.868000,1.728000,1.708000,1.701000,1.697000,1.697000,1.740000,1.813000,1.798000,1.767000,1.767000,1.765000,1.758000,1.755000,1.755000,1.341000,0.000000,0.000000,0.000000,0.000000,0.000000,0.000000,0.000000,0.000000,
0.000000,0.000000,0.000000,0.000000,0.000000,0.000000,0.000000,0.000000,0.000000,0.000000,0.000000,0.000000,0.000000,0.000000,2.604000,2.143000,1.917000,1.815000,1.740000,1.714000,1.697000,1.697000,1.751000,1.844000,1.832000,1.801000,1.801000,1.792000,1.766000,1.755000,1.755000,0.000000,0.000000,0.000000,0.000000,0.000000,0.000000,0.000000,0.000000,0.000000,
0.000000,0.000000,0.000000,0.000000,0.000000,0.000000,0.000000,0.000000,0.000000,0.000000,0.000000,0.000000,0.000000,2.925000,2.219000,1.937000,1.937000,1.869000,1.794000,1.772000,1.758000,1.758000,1.796000,1.862000,1.846000,1.814000,1.814000,1.803000,1.770000,1.755000,1.755000,0.000000,0.000000,0.000000,0.000000,0.000000,0.000000,0.000000,0.000000,0.000000,
0.000000,0.000000,0.000000,0.000000,0.000000,0.000000,0.000000,0.000000,0.000000,0.000000,0.000000,0.000000,2.756000,2.113000,1.987000,1.937000,1.937000,1.902000,1.863000,1.860000,1.858000,1.858000,1.864000,1.872000,1.846000,1.814000,1.814000,1.803000,1.770000,1.755000,1.755000,0.000000,0.000000,0.000000,0.000000,0.000000,0.000000,0.000000,0.000000,0.000000,
0.000000,0.000000,0.000000,0.000000,0.000000,0.000000,0.000000,0.000000,0.000000,2.993000,2.928000,2.869000,2.340000,1.993000,1.975000,1.957000,1.940000,1.921000,1.904000,1.904000,1.904000,1.904000,1.894000,1.877000,1.859000,1.842000,1.825000,1.809000,1.791000,1.092000,0.000000,0.000000,0.000000,0.000000,0.000000,0.000000,0.000000,0.000000,0.000000,0.000000,
0.000000,0.000000,0.000000,0.000000,0.000000,0.000000,0.000000,0.000000,0.000000,2.136000,2.000000,2.000000,2.000000,2.000000,2.000000,1.980000,1.945000,1.940000,1.940000,1.938000,1.937000,1.937000,1.917000,1.883000,1.876000,1.872000,1.839000,1.818000,1.819000,0.000000,0.000000,0.000000,0.000000,0.000000,0.000000,0.000000,0.000000,0.000000,0.000000,0.000000,
0.000000,0.000000,0.000000,0.000000,0.000000,0.000000,0.000000,0.000000,0.000000,2.136000,2.000000,2.000000,2.000000,2.000000,2.000000,1.992000,1.978000,1.976000,1.974000,1.952000,1.937000,1.937000,1.929000,1.916000,1.895000,1.873000,1.860000,1.858000,1.881000,0.000000,0.000000,0.000000,0.000000,0.000000,0.000000,0.000000,0.000000,0.000000,0.000000,0.000000,
0.000000,0.000000,0.000000,0.000000,0.000000,0.000000,0.000000,0.000000,2.935000,2.110000,2.000000,2.001000,2.008000,2.013000,2.013000,2.008000,2.001000,2.000000,1.997000,1.968000,1.947000,1.940000,1.937000,1.937000,1.913000,1.886000,1.886000,1.895000,1.924000,0.000000,0.000000,0.000000,0.000000,0.000000,0.000000,0.000000,0.000000,0.000000,0.000000,0.000000,
0.000000,0.000000,0.000000,0.000000,0.000000,0.000000,0.000000,2.429000,2.277000,2.033000,2.000000,2.003000,2.032000,2.050000,2.050000,2.033000,2.004000,2.000000,1.999000,1.991000,1.976000,1.948000,1.937000,1.937000,1.930000,1.922000,1.922000,1.925000,1.933000,0.000000,0.000000,0.000000,0.000000,0.000000,0.000000,0.000000,0.000000,0.000000,0.000000,0.000000,
0.000000,0.000000,0.000000,0.000000,0.000000,0.000000,0.000000,2.000000,2.000000,2.000000,2.011000,2.025000,2.050000,2.066000,2.066000,2.051000,2.026000,2.022000,2.021000,2.008000,1.992000,1.968000,1.951000,1.939000,1.937000,1.937000,1.937000,1.664000,0.000000,0.000000,0.000000,0.000000,0.000000,0.000000,0.000000,0.000000,0.000000,0.000000,0.000000,0.000000,
0.000000,0.000000,0.000000,0.000000,0.000000,0.000000,0.000000,2.000000,2.000000,2.000000,2.029000,2.060000,2.064000,2.066000,2.066000,2.064000,2.060000,2.059000,2.056000,2.023000,1.999000,1.995000,1.975000,1.943000,1.937000,1.937000,1.937000,1.192000,0.000000,0.000000,0.000000,0.000000,0.000000,0.000000,0.000000,0.000000,0.000000,0.000000,0.000000,0.000000,
0.000000,0.000000,0.000000,0.000000,0.000000,0.000000,0.000000,2.000000,2.000000,2.000000,2.033000,2.066000,2.066000,2.066000,2.066000,2.066000,2.066000,2.066000,2.064000,2.044000,2.031000,2.031000,2.010000,1.973000,1.967000,1.881000,0.000000,0.000000,0.000000,0.000000,0.000000,0.000000,0.000000,0.000000,0.000000,0.000000,0.000000,0.000000,0.000000,0.000000,
0.000000,0.000000,0.000000,0.000000,0.000000,0.000000,0.000000,2.008000,2.008000,2.008000,2.038000,2.069000,2.069000,2.068000,2.067000,2.066000,2.066000,2.066000,2.066000,2.066000,2.067000,2.068000,2.048000,2.012000,1.917000,1.641000,0.000000,0.000000,0.000000,0.000000,0.000000,0.000000,0.000000,0.000000,0.000000,0.000000,0.000000,0.000000,0.000000,0.000000,
0.000000,0.000000,0.000000,0.000000,0.000000,0.000000,0.000000,2.124000,2.124000,2.124000,2.116000,2.107000,2.107000,2.099000,2.075000,2.066000,2.066000,2.066000,2.066000,2.066000,2.074000,2.097000,2.099000,2.084000,0.000000,0.000000,0.000000,0.000000,0.000000,0.000000,0.000000,0.000000,0.000000,0.000000,0.000000,0.000000,0.000000,0.000000,0.000000,0.000000,
0.000000,0.000000,0.000000,0.000000,0.000000,0.000000,0.000000,2.216000,2.216000,2.216000,2.181000,2.146000,2.146000,2.132000,2.094000,2.078000,2.078000,2.078000,2.078000,2.078000,2.089000,2.121000,2.138000,2.145000,0.000000,0.000000,0.000000,0.000000,0.000000,0.000000,0.000000,0.000000,0.000000,0.000000,0.000000,0.000000,0.000000,0.000000,0.000000,0.000000,
0.000000,0.000000,0.000000,0.000000,0.000000,0.000000,0.000000,2.257000,2.257000,2.257000,2.222000,2.186000,2.186000,2.172000,2.132000,2.117000,2.117000,2.117000,2.117000,2.117000,2.120000,2.130000,2.151000,2.180000,0.000000,0.000000,0.000000,0.000000,0.000000,0.000000,0.000000,0.000000,0.000000,0.000000,0.000000,0.000000,0.000000,0.000000,0.000000,0.000000,
0.000000,0.000000,0.000000,0.000000,0.000000,0.000000,0.000000,2.275000,2.275000,2.275000,2.251000,2.226000,2.226000,2.212000,2.172000,2.156000,2.156000,2.145000,2.134000,2.134000,2.134000,2.134000,2.157000,2.196000,0.000000,0.000000,0.000000,0.000000,0.000000,0.000000,0.000000,0.000000,0.000000,0.000000,0.000000,0.000000,0.000000,0.000000,0.000000,0.000000,
0.000000,0.000000,0.000000,0.000000,0.000000,0.000000,0.000000,2.275000,2.275000,2.275000,2.271000,2.267000,2.267000,2.252000,2.212000,2.195000,2.195000,2.166000,2.134000,2.134000,2.134000,2.134000,2.157000,2.196000,0.000000,0.000000,0.000000,0.000000,0.000000,0.000000,0.000000,0.000000,0.000000,0.000000,0.000000,0.000000,0.000000,0.000000,0.000000,0.000000,
0.000000,0.000000,0.000000,0.000000,0.000000,0.000000,0.000000,2.308000,2.308000,2.308000,2.292000,2.275000,2.275000,2.267000,2.245000,2.225000,2.206000,2.170000,2.134000,2.134000,2.134000,2.134000,1.417000,0.000000,0.000000,0.000000,0.000000,0.000000,0.000000,0.000000,0.000000,0.000000,0.000000,0.000000,0.000000,0.000000,0.000000,0.000000,0.000000,0.000000,
0.000000,0.000000,0.000000,0.000000,0.000000,0.000000,0.000000,2.346000,2.346000,2.346000,2.311000,2.275000,2.275000,2.275000,2.275000,2.250000,2.209000,2.170000,2.134000,2.134000,2.134000,2.134000,0.000000,0.000000,0.000000,0.000000,0.000000,0.000000,0.000000,0.000000,0.000000,0.000000,0.000000,0.000000,0.000000,0.000000,0.000000,0.000000,0.000000,0.000000,
0.000000,0.000000,0.000000,0.000000,0.000000,0.000000,0.000000,2.304000,2.304000,2.304000,2.290000,2.275000,2.275000,2.275000,2.275000,2.250000,2.209000,2.170000,2.134000,2.134000,2.134000,2.134000,0.000000,0.000000,0.000000,0.000000,0.000000,0.000000,0.000000,0.000000,0.000000,0.000000,0.000000,0.000000,0.000000,0.000000,0.000000,0.000000,0.000000,0.000000,
0.000000,0.000000,0.000000,0.000000,0.000000,0.000000,0.000000,2.275000,2.275000,2.275000,2.275000,2.275000,2.275000,2.275000,2.275000,2.250000,2.209000,2.175000,2.145000,2.145000,1.990000,1.526000,0.000000,0.000000,0.000000,0.000000,0.000000,0.000000,0.000000,0.000000,0.000000,0.000000,0.000000,0.000000,0.000000,0.000000,0.000000,0.000000,0.000000,0.000000,
0.000000,0.000000,0.000000,0.000000,0.000000,0.000000,0.000000,2.275000,2.275000,2.275000,2.275000,2.275000,2.275000,2.275000,2.275000,2.250000,2.209000,2.194000,2.185000,2.185000,1.497000,0.000000,0.000000,0.000000,0.000000,0.000000,0.000000,0.000000,0.000000,0.000000,0.000000,0.000000,0.000000,0.000000,0.000000,0.000000,0.000000,0.000000,0.000000,0.000000,
0.000000,0.000000,0.000000,0.000000,0.000000,0.000000,0.000000,2.275000,2.275000,2.275000,2.275000,2.275000,2.275000,2.275000,2.275000,2.250000,2.209000,2.203000,2.203000,2.203000,1.267000,0.000000,0.000000,0.000000,0.000000,0.000000,0.000000,0.000000,0.000000,0.000000,0.000000,0.000000,0.000000,0.000000,0.000000,0.000000,0.000000,0.000000,0.000000,0.000000,
0.000000,0.000000,0.000000,0.000000,0.000000,0.000000,0.000000,0.000000,0.000000,0.000000,0.000000,0.000000,0.000000,0.000000,0.000000,0.000000,0.000000,0.000000,0.000000,0.000000,0.000000,0.000000,0.000000,0.000000,0.000000,0.000000,0.000000,0.000000,0.000000,0.000000,0.000000,0.000000,0.000000,0.000000,0.000000,0.000000,0.000000,0.000000,0.000000,0.000000,
0.000000,0.000000,0.000000,0.000000,0.000000,0.000000,0.000000,0.000000,0.000000,0.000000,0.000000,0.000000,0.000000,0.000000,0.000000,0.000000,0.000000,0.000000,0.000000,0.000000,0.000000,0.000000,0.000000,0.000000,0.000000,0.000000,0.000000,0.000000,0.000000,0.000000,0.000000,0.000000,0.000000,0.000000,0.000000,0.000000,0.000000,0.000000,0.000000,0.000000,
0.000000,0.000000,0.000000,0.000000,0.000000,0.000000,0.000000,0.000000,0.000000,0.000000,0.000000,0.000000,0.000000,0.000000,0.000000,0.000000,0.000000,0.000000,0.000000,0.000000,0.000000,0.000000,0.000000,0.000000,0.000000,0.000000,0.000000,0.000000,0.000000,0.000000,0.000000,0.000000,0.000000,0.000000,0.000000,0.000000,0.000000,0.000000,0.000000,0.000000,
0.000000,0.000000,0.000000,0.000000,0.000000,0.000000,0.000000,0.000000,0.000000,0.000000,0.000000,0.000000,0.000000,0.000000,0.000000,0.000000,0.000000,0.000000,0.000000,0.000000,0.000000,0.000000,0.000000,0.000000,0.000000,0.000000,0.000000,0.000000,0.000000,0.000000,0.000000,0.000000,0.000000,0.000000,0.000000,0.000000,0.000000,0.000000,0.000000,0.000000,
0.000000,0.000000,0.000000,0.000000,0.000000,0.000000,0.000000,0.000000,0.000000,0.000000,0.000000,0.000000,0.000000,0.000000,0.000000,0.000000,0.000000,0.000000,0.000000,0.000000,0.000000,0.000000,0.000000,0.000000,0.000000,0.000000,0.000000,0.000000,0.000000,0.000000,0.000000,0.000000,0.000000,0.000000,0.000000,0.000000,0.000000,0.000000,0.000000,0.000000,
