40 40
0.000000 0.000000 0.000000 0.000000 0.000000 0.000000 0.000000 0.000000 0.000000 0.000000 0.000000 0.000000 0.000000 0.000000 0.000000 0.000000 0.000000 0.000000 0.000000 0.000000 0.000000 0.000000 0.000000 0.000000 0.000000 0.000000 0.000000 0.000000 0.000000 0.000000 0.000000 0.000000 0.000000 0.000000 0.000000 0.000000 0.000000 0.000000 0.000000 0.000000 
0.000000 0.000000 0.000000 0.000000 0.000000 0.000000 0.000000 0.000000 0.000000 0.000000 0.000000 0.000000 0.000000 0.000000 0.000000 0.000000 0.000000 0.000000 0.000000 0.000000 0.000000 0.000000 0.000000 0.000000 0.000000 0.000000 0.000000 0.000000 0.000000 0.000000 0.000000 0.000000 0.000000 0.000000 0.000000 0.000000 0.000000 0.000000 0.000000 0.000000 
0.000000 0.000000 0.000000 0.000000 0.000000 0.000000 0.000000 0.000000 0.000000 0.000000 0.000000 0.000000 0.000000 0.000000 0.000000 0.000000 0.000000 0.000000 0.000000 0.000000 0.000000 0.000000 0.000000 0.000000 0.000000 0.000000 0.000000 0.000000 0.000000 0.000000 0.000000 0.000000 0.000000 0.000000 0.000000 0.000000 0.000000 0.000000 0.000000 0.000000 
0.000000 0.000000 0.000000 0.000000 0.000000 0.000000 0.000000 0.000000 0.000000 0.000000 0.000000 0.000000 0.000000 0.000000 0.000000 0.000000 0.000000 0.000000 0.000000 0.000000 0.000000 0.000000 0.000000 0.000000 0.000000 0.000000 0.000000 0.000000 0.000000 0.000000 0.000000 0.000000 0.000000 0.000000 0.000000 0.000000 0.000000 0.000000 0.000000 0.000000 
0.000000 0.000000 0.000000 0.000000 0.000000 0.000000 0.000000 0.000000 0.000000 0.000000 0.000000 0.000000 0.000000 0.000000 0.000000 0.000000 0.000000 0.000000 0.000000 0.000000 0.000000 0.000000 0.000000 0.000000 0.000000 0.000000 0.000000 0.000000 0.000000 0.000000 0.000000 0.000000 0.000000 0.000000 0.000000 0.000000 0.000000 0.000000 0.000000 0.000000 
0.000000 0.000000 0.000000 0.000000 0.000000 0.000000 0.000000 0.000000 0.000000 0.000000 0.000000 0.000000 0.000000 0.000000 0.000000 0.000000 0.000000 0.000000 0.000000 0.000000 0.000000 0.000000 0.000000 0.000000 0.000000 0.000000 0.000000 0.000000 0.000000 0.000000 0.000000 0.000000 0.000000 0.000000 0.000000 0.000000 0.000000 0.000000 0.000000 0.000000 
0.000000 0.000000 0.000000 0.000000 0.000000 0.000000 0.000000 0.000000 0.000000 0.000000 0.000000 0.000000 0.000000 0.000000 0.000000 0.000000 0.000000 0.000000 0.000000 0.000000 0.000000 0.000000 0.000000 0.000000 0.000000 0.000000 0.000000 0.000000 0.000000 0.000000 0.000000 0.000000 0.000000 0.000000 0.000000 0.000000 0.000000 0.000000 0.000000 0.000000 
0.000000 0.000000 0.000000 0.000000 0.000000 0.000000 1.773000 1.773000 1.773000 1.773000 1.773000 1.773000 1.773000 1.773000 1.773000 1.773000 1.773000 1.773000 1.773000 1.806000 1.843000 1.846000 1.846000 1.885000 1.922000 1.922000 1.926000 1.966000 1.700000 0.000000 0.000000 0.000000 0.000000 0.000000 0.000000 0.000000 0.000000 0.000000 0.000000 0.000000 
0.000000 0.000000 0.000000 0.000000 0.000000 0.000000 1.753000 1.753000 1.753000 1.759000 1.769000 1.773000 1.773000 1.773000 1.773000 1.773000 1.773000 1.781000 1.792000 1.826000 1.864000 1.867000 1.867000 1.895000 1.922000 1.933000 1.946000 1.975000 1.700000 0.000000 0.000000 0.000000 0.000000 0.000000 0.000000 0.000000 0.000000 0.000000 0.000000 0.000000 
0.000000 0.000000 0.000000 0.000000 0.000000 0.000000 1.716000 1.716000 1.716000 1.733000 1.763000 1.773000 1.773000 1.773000 1.773000 1.773000 1.773000 1.797000 1.827000 1.864000 1.903000 1.906000 1.906000 1.914000 1.923000 1.955000 1.984000 1.993000 1.700000 0.000000 0.000000 0.000000 0.000000 0.000000 0.000000 0.000000 0.000000 0.000000 0.000000 0.000000 
0.000000 0.000000 0.000000 0.000000 0.000000 0.000000 1.701000 1.701000 1.701000 1.723000 1.760000 1.773000 1.773000 1.773000 1.773000 1.773000 1.773000 1.804000 1.841000 1.880000 1.919000 1.922000 1.922000 1.934000 1.947000 1.975000 2.000000 2.000000 1.791000 0.000000 0.000000 0.000000 0.000000 0.000000 0.000000 0.000000 0.000000 0.000000 0.000000 0.000000 
0.000000 0.000000 0.000000 0.000000 0.000000 0.000000 1.701000 1.701000 1.701000 1.723000 1.760000 1.773000 1.773000 1.773000 1.773000 1.773000 1.773000 1.804000 1.841000 1.880000 1.919000 1.922000 1.922000 1.954000 1.986000 1.993000 2.000000 2.000000 1.945000 1.602000 1.334000 1.334000 1.334000 0.000000 0.000000 0.000000 0.000000 0.000000 0.000000 0.000000 
0.000000 0.000000 0.000000 0.000000 0.000000 0.000000 1.725000 1.725000 1.725000 1.739000 1.764000 1.773000 1.773000 1.782000 1.794000 1.797000 1.797000 1.828000 1.866000 1.906000 1.945000 1.948000 1.948000 1.974000 2.000000 2.000000 2.000000 2.000000 2.000000 2.000000 2.000000 2.000000 2.000000 0.000000 0.000000 0.000000 0.000000 0.000000 0.000000 0.000000 
0.000000 0.000000 0.000000 0.000000 0.000000 0.000000 1.762000 1.762000 1.762000 1.765000 1.771000 1.773000 1.773000 1.795000 1.827000 1.835000 1.835000 1.866000 1.905000 1.945000 1.985000 1.988000 1.988000 1.994000 2.000000 2.000000 2.000000 2.000000 2.000000 2.000000 2.000000 2.000000 2.000000 0.000000 0.000000 0.000000 0.000000 0.000000 0.000000 0.000000 
0.000000 0.000000 0.000000 0.000000 0.000000 0.000000 1.773000 1.773000 1.773000 1.781000 1.795000 1.799000 1.799000 1.826000 1.864000 1.873000 1.873000 1.894000 1.919000 1.957000 1.997000 2.000000 2.000000 2.015000 2.029000 2.029000 2.029000 2.029000 2.029000 2.029000 2.026000 2.011000 2.000000 0.000000 0.000000 0.000000 0.000000 0.000000 0.000000 0.000000 
0.000000 0.000000 0.000000 0.000000 0.000000 0.000000 1.773000 1.773000 1.773000 1.792000 1.825000 1.837000 1.837000 1.864000 1.903000 1.913000 1.913000 1.917000 1.921000 1.957000 1.997000 2.000000 2.000000 2.036000 2.071000 2.071000 2.071000 2.071000 2.071000 2.071000 2.063000 2.026000 2.000000 0.000000 0.000000 0.000000 0.000000 0.000000 0.000000 0.000000 
0.000000 0.000000 0.000000 0.000000 0.000000 0.000000 1.773000 1.781000 1.795000 1.815000 1.838000 1.846000 1.846000 1.873000 1.913000 1.922000 1.922000 1.922000 1.922000 1.957000 1.997000 2.000000 2.000000 2.025000 2.050000 2.066000 2.081000 2.081000 2.081000 2.081000 2.072000 2.030000 2.000000 0.000000 0.000000 0.000000 0.000000 0.000000 0.000000 0.000000 
0.000000 0.000000 0.000000 0.000000 0.000000 0.000000 1.773000 1.791000 1.825000 1.841000 1.845000 1.846000 1.846000 1.873000 1.913000 1.922000 1.922000 1.922000 1.922000 1.957000 1.997000 2.000000 2.000000 2.004000 2.009000 2.047000 2.081000 2.081000 2.081000 2.081000 2.072000 2.030000 2.000000 0.000000 0.000000 0.000000 0.000000 0.000000 0.000000 0.000000 
0.000000 0.000000 0.000000 0.000000 0.000000 0.000000 1.773000 1.793000 1.830000 1.856000 1.872000 1.878000 1.878000 1.894000 1.917000 1.935000 1.952000 1.955000 1.955000 1.975000 1.998000 2.000000 2.000000 2.000000 2.001000 2.025000 2.047000 2.047000 2.047000 2.047000 2.038000 1.997000 1.967000 0.000000 0.000000 0.000000 0.000000 0.000000 0.000000 0.000000 
0.000000 0.000000 0.000000 0.000000 0.000000 0.000000 1.773000 1.793000 1.830000 1.867000 1.904000 1.917000 1.917000 1.919000 1.921000 1.950000 1.988000 1.995000 1.995000 1.997000 2.000000 2.000000 2.000000 2.000000 2.000000 2.003000 2.005000 2.005000 2.005000 2.005000 1.997000 1.956000 1.927000 0.000000 0.000000 0.000000 0.000000 0.000000 0.000000 0.000000 
0.000000 0.000000 0.000000 0.000000 0.000000 0.000000 1.806000 1.817000 1.837000 1.869000 1.908000 1.922000 1.922000 1.922000 1.922000 1.952000 1.993000 2.000000 2.000000 2.000000 2.000000 2.000000 2.000000 2.000000 1.999000 1.981000 1.965000 1.965000 1.959000 1.925000 1.890000 1.851000 1.823000 0.000000 0.000000 0.000000 0.000000 0.000000 0.000000 0.000000 
0.000000 0.000000 0.000000 0.000000 0.000000 0.000000 1.843000 1.844000 1.845000 1.869000 1.908000 1.922000 1.922000 1.922000 1.922000 1.952000 1.993000 2.000000 2.000000 2.000000 2.000000 2.000000 2.000000 2.000000 1.998000 1.960000 1.925000 1.925000 1.913000 1.839000 1.773000 1.736000 1.709000 0.000000 0.000000 0.000000 0.000000 0.000000 0.000000 0.000000 
0.000000 0.000000 0.000000 0.000000 0.000000 0.000000 1.846000 1.846000 1.846000 1.869000 1.908000 1.922000 1.922000 1.922000 1.922000 1.952000 1.993000 2.000000 2.000000 2.000000 2.000000 2.000000 2.000000 2.000000 1.998000 1.958000 1.922000 1.922000 1.910000 1.833000 1.765000 1.728000 1.701000 0.000000 0.000000 0.000000 0.000000 0.000000 0.000000 0.000000 
0.000000 0.000000 0.000000 0.000000 0.000000 0.000000 1.846000 1.846000 1.846000 1.869000 1.908000 1.922000 1.922000 1.922000 1.922000 1.952000 1.993000 2.000000 2.000000 2.000000 2.000000 2.000000 2.000000 2.000000 1.998000 1.958000 1.922000 1.922000 1.910000 1.833000 1.765000 1.728000 1.701000 0.000000 0.000000 0.000000 0.000000 0.000000 0.000000 0.000000 
0.000000 0.000000 0.000000 0.000000 0.000000 0.000000 1.885000 1.885000 1.885000 1.896000 1.915000 1.922000 1.922000 1.922000 1.922000 1.937000 1.957000 1.960000 1.960000 1.960000 1.960000 1.960000 1.960000 1.960000 1.959000 1.940000 1.922000 1.922000 1.916000 1.878000 1.845000 1.827000 1.813000 0.000000 0.000000 0.000000 0.000000 0.000000 0.000000 0.000000 
0.000000 0.000000 0.000000 0.000000 0.000000 0.000000 1.922000 1.922000 1.922000 1.922000 1.922000 1.922000 1.922000 1.922000 1.922000 1.922000 1.922000 1.922000 1.922000 1.922000 1.922000 1.922000 1.922000 1.922000 1.922000 1.922000 1.920000 1.903000 1.888000 1.888000 1.888000 1.889000 1.890000 0.000000 0.000000 0.000000 0.000000 0.000000 0.000000 0.000000 
0.000000 0.000000 0.000000 0.000000 0.000000 0.000000 1.922000 1.922000 1.922000 1.922000 1.922000 1.922000 1.922000 1.922000 1.922000 1.922000 1.922000 1.922000 1.922000 1.922000 1.922000 1.922000 1.922000 1.922000 1.922000 1.922000 1.881000 1.482000 1.147000 1.147000 1.152000 1.175000 1.191000 0.000000 0.000000 0.000000 0.000000 0.000000 0.000000 0.000000 
0.000000 0.000000 0.000000 0.000000 0.000000 0.000000 1.926000 1.926000 1.926000 1.925000 1.923000 1.922000 1.922000 1.922000 1.922000 1.922000 1.922000 1.922000 1.922000 1.922000 1.922000 1.885000 1.846000 1.846000 1.846000 1.846000 1.773000 1.071000 0.000000 0.000000 0.000000 0.000000 0.000000 0.000000 0.000000 0.000000 0.000000 0.000000 0.000000 0.000000 
0.000000 0.000000 0.000000 0.000000 0.000000 0.000000 1.966000 1.966000 1.966000 1.953000 1.930000 1.922000 1.922000 1.922000 1.922000 1.922000 1.922000 1.922000 1.922000 1.922000 1.922000 1.530000 1.109000 1.104000 1.104000 1.104000 1.071000 0.000000 0.000000 0.000000 0.000000 0.000000 0.000000 0.000000 0.000000 0.000000 0.000000 0.000000 0.000000 0.000000 
0.000000 0.000000 0.000000 0.000000 0.000000 0.000000 2.000000 1.998000 1.995000 1.972000 1.935000 1.922000 1.922000 1.922000 1.922000 1.922000 1.922000 1.922000 1.922000 1.866000 1.801000 1.167000 0.000000 0.000000 0.000000 0.000000 0.000000 0.000000 0.000000 0.000000 0.000000 0.000000 0.000000 0.000000 0.000000 0.000000 0.000000 0.000000 0.000000 0.000000 
0.000000 0.000000 0.000000 0.000000 0.000000 0.000000 2.000000 1.987000 1.963000 1.944000 1.928000 1.922000 1.922000 1.922000 1.922000 1.922000 1.922000 1.922000 1.922000 1.514000 1.048000 0.000000 0.000000 0.000000 0.000000 0.000000 0.000000 0.000000 0.000000 0.000000 0.000000 0.000000 0.000000 0.000000 0.000000 0.000000 0.000000 0.000000 0.000000 0.000000 
0.000000 0.000000 0.000000 0.000000 0.000000 0.000000 2.000000 1.979000 1.939000 1.922000 1.922000 1.922000 1.922000 1.922000 1.922000 1.922000 1.922000 1.922000 1.922000 1.240000 0.000000 0.000000 0.000000 0.000000 0.000000 0.000000 0.000000 0.000000 0.000000 0.000000 0.000000 0.000000 0.000000 0.000000 0.000000 0.000000 0.000000 0.000000 0.000000 0.000000 
0.000000 0.000000 0.000000 0.000000 0.000000 0.000000 0.000000 0.000000 0.000000 0.000000 0.000000 0.000000 0.000000 0.000000 0.000000 0.000000 0.000000 0.000000 0.000000 0.000000 0.000000 0.000000 0.000000 0.000000 0.000000 0.000000 0.000000 0.000000 0.000000 0.000000 0.000000 0.000000 0.000000 0.000000 0.000000 0.000000 0.000000 0.000000 0.000000 0.000000 
0.000000 0.000000 0.000000 0.000000 0.000000 0.000000 0.000000 0.000000 0.000000 0.000000 0.000000 0.000000 0.000000 0.000000 0.000000 0.000000 0.000000 0.000000 0.000000 0.000000 0.000000 0.000000 0.000000 0.000000 0.000000 0.000000 0.000000 0.000000 0.000000 0.000000 0.000000 0.000000 0.000000 0.000000 0.000000 0.000000 0.000000 0.000000 0.000000 0.000000 
0.000000 0.000000 0.000000 0.000000 0.000000 0.000000 0.000000 0.000000 0.000000 0.000000 0.000000 0.000000 0.000000 0.000000 0.000000 0.000000 0.000000 0.000000 0.000000 0.000000 0.000000 0.000000 0.000000 0.000000 0.000000 0.000000 0.000000 0.000000 0.000000 0.000000 0.000000 0.000000 0.000000 0.000000 0.000000 0.000000 0.000000 0.000000 0.000000 0.000000 
0.000000 0.000000 0.000000 0.000000 0.000000 0.000000 0.000000 0.000000 0.000000 0.000000 0.000000 0.000000 0.000000 0.000000 0.000000 0.000000 0.000000 0.000000 0.000000 0.000000 0.000000 0.000000 0.000000 0.000000 0.000000 0.000000 0.000000 0.000000 0.000000 0.000000 0.000000 0.000000 0.000000 0.000000 0.000000 0.000000 0.000000 0.000000 0.000000 0.000000 
0.000000 0.000000 0.000000 0.000000 0.000000 0.000000 0.000000 0.000000 0.000000 0.000000 0.000000 0.000000 0.000000 0.000000 0.000000 0.000000 0.000000 0.000000 0.000000 0.000000 0.000000 0.000000 0.000000 0.000000 0.000000 0.000000 0.000000 0.000000 0.000000 0.000000 0.000000 0.000000 0.000000 0.000000 0.000000 0.000000 0.000000 0.000000 0.000000 0.000000 
0.000000 0.000000 0.000000 0.000000 0.000000 0.000000 0.000000 0.000000 0.000000 0.000000 0.000000 0.000000 0.000000 0.000000 0.000000 0.000000 0.000000 0.000000 0.000000 0.000000 0.000000 0.000000 0.000000 0.000000 0.000000 0.000000 0.000000 0.000000 0.000000 0.000000 0.000000 0.000000 0.000000 0.000000 0.000000 0.000000 0.000000 0.000000 0.000000 0.000000 
0.000000 0.000000 0.000000 0.000000 0.000000 0.000000 0.000000 0.000000 0.000000 0.000000 0.000000 0.000000 0.000000 0.000000 0.000000 0.000000 0.000000 0.000000 0.000000 0.000000 0.000000 0.000000 0.000000 0.000000 0.000000 0.000000 0.000000 0.000000 0.000000 0.000000 0.000000 0.000000 0.000000 0.000000 0.000000 0.000000 0.000000 0.000000 0.000000 0.000000 
0.000000 0.000000 0.000000 0.000000 0.000000 0.000000 0.000000 0.000000 0.000000 0.000000 0.000000 0.000000 0.000000 0.000000 0.000000 0.000000 0.000000 0.000000 0.000000 0.000000 0.000000 0.000000 0.000000 0.000000 0.000000 0.000000 0.000000 0.000000 0.000000 0.000000 0.000000 0.000000 0.000000 0.000000 0.000000 0.000000 0.000000 0.000000 0.000000 0.000000 
