0.000000,0.000000,0.000000,0.000000,0.000000,0.000000,0.000000,0.000000,0.000000,0.000000,0.000000,0.000000,0.000000,0.000000,0.000000,0.000000,0.000000,0.000000,0.000000,0.000000,0.000000,0.000000,0.000000,0.000000,0.000000,0.000000,0.000000,0.000000,0.000000,0.000000,0.000000,0.000000,0.000000,0.000000,0.000000,0.000000,0.000000,0.000000,0.000000,0.000000,
0.000000,0.000000,0.000000,0.000000,0.000000,0.000000,0.000000,0.000000,0.000000,0.000000,0.000000,0.000000,0.000000,0.000000,0.000000,0.000000,0.000000,0.000000,0.000000,0.000000,0.000000,0.000000,0.000000,0.000000,0.000000,0.000000,0.000000,0.000000,0.000000,0.000000,0.000000,0.000000,0.000000,0.000000,0.000000,0.000000,0.000000,0.000000,0.000000,0.000000,
0.000000,0.000000,0.000000,0.000000,0.000000,0.000000,0.000000,0.000000,0.000000,0.000000,1.978000,0.000000,2.041000,2.043000,2.042000,2.041000,2.042000,2.044000,2.045000,2.055000,0.000000,0.000000,0.000000,0.000000,0.000000,0.000000,0.000000,0.000000,0.000000,2.076000,2.033000,0.000000,0.000000,0.000000,0.000000,0.000000,0.000000,0.000000,0.000000,0.000000,
0.000000,0.000000,0.000000,0.000000,0.000000,0.000000,0.000000,1.231000,1.231000,1.972000,1.979000,1.973000,1.987000,1.975000,1.984000,1.990000,1.987000,2.021000,2.017000,1.993000,2.040000,2.020000,2.023000,2.033000,2.035000,2.039000,2.039000,2.043000,2.045000,2.034000,2.032000,1.446000,0.000000,0.000000,0.000000,0.000000,0.000000,0.000000,0.000000,0.000000,
0.000000,0.000000,0.000000,0.000000,0.000000,0.000000,0.000000,1.231000,1.768000,1.967000,1.966000,1.967000,1.969000,1.970000,1.969000,1.969000,1.969000,1.970000,1.972000,1.973000,1.974000,1.976000,1.974000,1.977000,1.978000,1.975000,1.975000,1.975000,1.976000,1.979000,1.978000,1.980000,2.148000,0.000000,0.000000,0.000000,0.000000,0.000000,0.000000,0.000000,
0.000000,0.000000,0.000000,0.000000,0.000000,0.000000,0.000000,1.231000,1.911000,1.970000,1.970000,1.968000,1.968000,1.969000,1.967000,1.966000,1.966000,1.965000,1.965000,1.964000,1.963000,1.964000,1.964000,1.964000,1.963000,1.963000,1.965000,1.965000,1.964000,1.965000,1.966000,1.964000,1.961000,0.000000,0.000000,0.000000,0.000000,0.000000,0.000000,0.000000,
0.000000,0.000000,0.000000,0.000000,0.000000,0.000000,0.000000,1.231000,1.813000,1.972000,1.973000,1.973000,1.972000,1.970000,1.969000,1.967000,1.967000,1.967000,1.965000,1.965000,1.964000,1.964000,1.965000,1.964000,1.964000,1.964000,1.965000,1.964000,1.962000,1.962000,1.964000,1.964000,1.962000,0.000000,0.000000,0.000000,0.000000,0.000000,0.000000,0.000000,
0.000000,0.000000,0.000000,0.000000,0.000000,0.000000,0.000000,1.231000,1.977000,1.973000,1.974000,1.974000,1.973000,1.973000,1.972000,1.972000,1.972000,1.969000,1.968000,1.967000,1.966000,1.967000,1.967000,1.968000,1.969000,1.967000,1.967000,1.967000,1.967000,1.965000,1.966000,1.966000,1.965000,0.000000,0.000000,0.000000,0.000000,0.000000,0.000000,0.000000,
0.000000,0.000000,0.000000,0.000000,0.000000,0.000000,0.000000,1.231000,1.777000,1.977000,1.978000,1.977000,1.975000,1.975000,1.974000,1.973000,1.972000,1.972000,1.972000,1.970000,1.971000,1.970000,1.970000,1.969000,1.969000,1.970000,1.969000,1.969000,1.969000,1.969000,1.969000,1.969000,1.967000,0.000000,0.000000,0.000000,0.000000,0.000000,0.000000,0.000000,
0.000000,0.000000,0.000000,0.000000,0.000000,0.000000,0.000000,1.231000,1.982000,1.979000,1.979000,1.979000,1.978000,1.978000,1.977000,1.976000,1.975000,1.973000,1.974000,1.973000,1.973000,1.973000,1.973000,1.973000,1.973000,1.973000,1.973000,1.971000,1.971000,1.972000,1.970000,1.970000,1.969000,0.000000,0.000000,0.000000,0.000000,0.000000,0.000000,0.000000,
0.000000,0.000000,0.000000,0.000000,0.000000,0.000000,0.000000,1.231000,1.983000,1.981000,1.982000,1.980000,1.980000,1.980000,1.980000,1.978000,1.977000,1.977000,1.976000,1.975000,1.977000,1.975000,1.975000,1.975000,1.975000,1.975000,1.975000,1.973000,1.973000,1.975000,1.972000,1.973000,1.973000,0.000000,0.000000,0.000000,0.000000,0.000000,0.000000,0.000000,
0.000000,0.000000,0.000000,0.000000,0.000000,0.000000,0.000000,1.231000,1.985000,1.984000,1.985000,1.984000,1.984000,1.983000,1.981000,1.981000,1.979000,1.979000,1.978000,1.978000,1.978000,1.977000,1.978000,1.980000,1.978000,1.979000,1.977000,1.976000,1.977000,1.976000,1.975000,1.975000,1.768000,0.000000,0.000000,0.000000,0.000000,0.000000,0.000000,0.000000,
0.000000,0.000000,0.000000,0.000000,0.000000,0.000000,0.000000,1.231000,1.986000,1.986000,1.986000,1.986000,1.986000,1.985000,1.985000,1.985000,1.983000,1.981000,1.981000,1.980000,1.980000,1.980000,1.981000,1.981000,1.980000,1.980000,1.980000,1.980000,1.980000,1.980000,1.978000,1.980000,1.602000,0.000000,0.000000,0.000000,0.000000,0.000000,0.000000,0.000000,
0.000000,0.000000,0.000000,0.000000,0.000000,0.000000,0.000000,1.231000,1.990000,1.989000,1.990000,1.986000,1.987000,1.986000,1.987000,1.986000,1.985000,1.985000,1.985000,1.985000,1.982000,1.982000,1.984000,1.983000,1.982000,1.981000,1.981000,1.981000,1.981000,1.981000,1.980000,1.980000,1.653000,0.000000,0.000000,0.000000,0.000000,0.000000,0.000000,0.000000,
0.000000,0.000000,0.000000,0.000000,0.000000,0.000000,0.000000,1.231000,1.992000,1.992000,1.991000,1.990000,1.991000,1.990000,1.990000,1.988000,1.987000,1.986000,1.987000,1.986000,1.985000,1.985000,1.986000,1.988000,1.986000,1.986000,1.986000,1.985000,1.985000,1.983000,1.981000,1.981000,1.231000,0.000000,0.000000,0.000000,0.000000,0.000000,0.000000,0.000000,
0.000000,0.000000,0.000000,0.000000,0.000000,0.000000,0.000000,1.418000,1.996000,1.993000,1.993000,1.993000,1.993000,1.992000,1.992000,1.992000,1.989000,1.990000,1.988000,1.989000,1.988000,1.987000,1.988000,1.989000,1.988000,1.988000,1.987000,1.987000,1.986000,1.986000,1.986000,1.986000,1.231000,0.000000,0.000000,0.000000,0.000000,0.000000,0.000000,0.000000,
0.000000,0.000000,0.000000,0.000000,0.000000,0.000000,0.000000,1.418000,1.997000,1.997000,1.997000,1.997000,1.996000,1.995000,1.993000,1.993000,1.992000,1.992000,1.992000,1.992000,1.991000,1.990000,1.993000,1.993000,1.991000,1.990000,1.988000,1.988000,1.988000,1.986000,1.987000,1.986000,1.231000,0.000000,0.000000,0.000000,0.000000,0.000000,0.000000,0.000000,
0.000000,0.000000,0.000000,0.000000,0.000000,0.000000,0.000000,2.003000,2.000000,1.998000,1.999000,1.999000,1.998000,1.998000,1.998000,1.996000,1.995000,1.996000,1.993000,1.993000,1.993000,1.992000,1.995000,1.993000,1.993000,1.993000,1.993000,1.992000,1.992000,1.991000,1.989000,1.987000,1.231000,0.000000,0.000000,0.000000,0.000000,0.000000,0.000000,0.000000,
0.000000,0.000000,0.000000,0.000000,0.000000,0.000000,0.000000,1.420000,2.004000,2.002000,2.001000,2.000000,2.000000,2.000000,1.998000,1.998000,1.998000,1.998000,1.997000,1.997000,1.997000,1.993000,1.997000,1.995000,1.995000,1.995000,1.995000,1.993000,1.993000,1.993000,1.993000,1.990000,1.231000,0.000000,0.000000,0.000000,0.000000,0.000000,0.000000,0.000000,
0.000000,0.000000,0.000000,0.000000,0.000000,0.000000,0.000000,1.420000,2.004000,2.004000,2.005000,2.003000,2.003000,2.004000,2.001000,2.000000,2.000000,1.999000,1.999000,2.000000,1.998000,1.997000,2.000000,2.000000,1.999000,1.998000,1.998000,1.997000,1.996000,1.994000,1.994000,1.271000,1.231000,0.000000,0.000000,0.000000,0.000000,0.000000,0.000000,0.000000,
0.000000,0.000000,0.000000,0.000000,0.000000,0.000000,0.000000,1.420000,2.008000,2.007000,2.006000,2.005000,2.005000,2.005000,2.005000,2.005000,2.004000,2.004000,2.000000,2.002000,2.000000,2.000000,2.002000,2.002000,2.002000,2.000000,2.000000,2.000000,1.998000,1.998000,1.996000,1.271000,1.231000,0.000000,0.000000,0.000000,0.000000,0.000000,0.000000,0.000000,
0.000000,0.000000,0.000000,0.000000,0.000000,0.000000,0.000000,1.421000,2.010000,2.010000,2.010000,2.010000,2.008000,2.006000,2.006000,2.005000,2.005000,2.005000,2.005000,2.005000,2.004000,2.002000,2.005000,2.003000,2.004000,2.003000,2.002000,2.001000,2.001000,2.000000,2.000000,2.002000,1.231000,0.000000,0.000000,0.000000,0.000000,0.000000,0.000000,0.000000,
0.000000,0.000000,0.000000,0.000000,0.000000,0.000000,0.000000,2.015000,2.012000,2.012000,2.012000,2.011000,2.011000,2.011000,2.011000,2.009000,2.009000,2.009000,2.007000,2.007000,2.005000,2.005000,2.007000,2.007000,2.005000,2.007000,2.004000,2.004000,2.002000,2.002000,2.002000,1.272000,1.231000,0.000000,0.000000,0.000000,0.000000,0.000000,0.000000,0.000000,
0.000000,0.000000,0.000000,0.000000,0.000000,0.000000,0.000000,1.423000,2.013000,2.012000,2.013000,2.013000,2.013000,2.012000,2.012000,2.010000,2.011000,2.011000,2.011000,2.009000,2.007000,2.007000,2.010000,2.010000,2.008000,2.007000,2.006000,2.005000,2.005000,2.004000,2.004000,1.231000,1.828000,0.000000,0.000000,0.000000,0.000000,0.000000,0.000000,0.000000,
0.000000,0.000000,0.000000,0.000000,0.000000,0.000000,0.000000,1.423000,2.016000,2.016000,2.015000,2.016000,2.016000,2.016000,2.014000,2.012000,2.012000,2.012000,2.013000,2.012000,2.011000,2.011000,2.014000,2.014000,2.012000,2.011000,2.009000,2.009000,2.008000,2.007000,2.007000,1.231000,2.406000,0.000000,0.000000,0.000000,0.000000,0.000000,0.000000,0.000000,
0.000000,0.000000,0.000000,0.000000,0.000000,0.000000,0.000000,2.022000,2.019000,2.018000,2.019000,2.020000,2.020000,2.018000,2.016000,2.015000,2.017000,2.015000,2.015000,2.015000,2.012000,2.012000,2.016000,2.016000,2.014000,2.013000,2.012000,2.013000,2.012000,2.009000,2.012000,1.231000,0.000000,0.000000,0.000000,0.000000,0.000000,0.000000,0.000000,0.000000,
0.000000,0.000000,0.000000,0.000000,0.000000,0.000000,0.000000,2.024000,2.021000,2.023000,2.023000,2.021000,2.021000,2.020000,2.020000,2.020000,2.020000,2.020000,2.019000,2.018000,2.015000,2.014000,2.020000,2.018000,2.018000,2.016000,2.014000,2.016000,2.014000,2.014000,1.673000,1.231000,0.000000,0.000000,0.000000,0.000000,0.000000,0.000000,0.000000,0.000000,
0.000000,0.000000,0.000000,0.000000,0.000000,0.000000,0.000000,2.026000,2.026000,2.025000,2.025000,2.025000,2.026000,2.024000,2.021000,2.021000,2.023000,2.021000,2.022000,2.020000,2.020000,2.019000,2.021000,2.021000,2.020000,2.020000,2.020000,2.019000,2.017000,2.016000,1.654000,1.231000,0.000000,0.000000,0.000000,0.000000,0.000000,0.000000,0.000000,0.000000,
0.000000,0.000000,0.000000,0.000000,0.000000,0.000000,0.000000,2.027000,2.029000,2.027000,2.027000,2.027000,2.027000,2.027000,2.027000,2.027000,2.027000,2.027000,2.025000,2.025000,2.021000,2.021000,2.023000,2.023000,2.023000,2.023000,2.023000,2.021000,2.020000,2.020000,1.655000,1.231000,0.000000,0.000000,0.000000,0.000000,0.000000,0.000000,0.000000,0.000000,
0.000000,0.000000,0.000000,0.000000,0.000000,0.000000,0.000000,2.032000,2.031000,2.028000,2.029000,2.029000,2.030000,2.030000,2.030000,2.029000,2.029000,2.029000,2.027000,2.027000,2.026000,2.026000,2.026000,2.027000,2.025000,2.025000,2.023000,2.023000,2.021000,2.021000,1.657000,1.231000,0.000000,0.000000,0.000000,0.000000,0.000000,0.000000,0.000000,0.000000,
0.000000,0.000000,0.000000,0.000000,0.000000,0.000000,0.000000,2.034000,2.033000,2.033000,2.033000,2.034000,2.034000,2.033000,2.030000,2.031000,2.031000,2.033000,2.030000,2.029000,2.029000,2.029000,2.029000,2.029000,2.027000,2.029000,2.027000,2.027000,2.025000,2.023000,1.231000,1.231000,0.000000,0.000000,0.000000,0.000000,0.000000,0.000000,0.000000,0.000000,
0.000000,0.000000,0.000000,0.000000,0.000000,0.000000,0.000000,2.038000,2.038000,2.036000,2.036000,2.037000,2.036000,2.034000,2.034000,2.033000,2.034000,2.034000,2.032000,2.030000,2.031000,2.032000,2.031000,2.031000,2.031000,2.031000,2.031000,2.029000,2.029000,2.027000,1.231000,1.886000,0.000000,0.000000,0.000000,0.000000,0.000000,0.000000,0.000000,0.000000,
0.000000,0.000000,0.000000,0.000000,0.000000,0.000000,0.000000,2.038000,2.040000,2.040000,2.040000,2.040000,2.039000,2.038000,2.036000,2.036000,2.036000,2.036000,2.034000,2.034000,2.034000,2.036000,2.033000,2.034000,2.033000,2.033000,2.033000,2.031000,2.031000,2.029000,1.231000,0.000000,0.000000,0.000000,0.000000,0.000000,0.000000,0.000000,0.000000,0.000000,
0.000000,0.000000,0.000000,0.000000,0.000000,0.000000,0.000000,2.042000,2.040000,2.040000,2.042000,2.042000,2.042000,2.041000,2.039000,2.039000,2.037000,2.036000,2.036000,2.036000,2.035000,2.036000,2.036000,2.036000,2.037000,2.035000,2.035000,2.033000,2.033000,2.033000,1.747000,2.976000,2.976000,0.000000,0.000000,0.000000,0.000000,0.000000,0.000000,0.000000,
0.000000,0.000000,0.000000,0.000000,0.000000,0.000000,0.000000,2.045000,2.042000,2.042000,2.043000,2.044000,2.044000,2.042000,2.044000,2.044000,2.042000,2.040000,2.040000,2.038000,2.040000,2.040000,2.041000,2.040000,2.038000,2.038000,2.038000,2.036000,2.036000,2.036000,2.825000,2.929000,2.916000,0.000000,0.000000,0.000000,0.000000,0.000000,0.000000,0.000000,
0.000000,0.000000,0.000000,0.000000,0.000000,0.000000,0.000000,2.048000,2.048000,2.048000,2.049000,2.047000,2.045000,2.045000,2.046000,2.047000,2.044000,2.044000,2.043000,2.043000,2.043000,2.042000,2.044000,2.042000,2.041000,2.042000,2.041000,2.039000,2.038000,1.517000,2.964000,2.922000,2.907000,0.000000,0.000000,0.000000,0.000000,0.000000,0.000000,0.000000,
0.000000,0.000000,0.000000,0.000000,0.000000,0.000000,0.000000,2.962000,2.793000,2.383000,2.363000,2.307000,2.052000,1.375000,2.048000,2.051000,2.099000,2.130000,2.079000,2.044000,2.044000,2.042000,2.044000,2.044000,2.045000,2.044000,2.044000,2.042000,2.042000,2.044000,2.970000,2.945000,2.923000,0.000000,0.000000,0.000000,0.000000,0.000000,0.000000,0.000000,
0.000000,0.000000,0.000000,0.000000,0.000000,0.000000,0.000000,1.512000,1.231000,1.497000,2.409000,1.231000,1.231000,1.231000,1.786000,2.082000,2.132000,2.131000,2.135000,2.135000,1.231000,1.231000,1.231000,1.795000,1.231000,1.231000,1.791000,2.044000,1.791000,2.933000,2.959000,2.953000,2.581000,0.000000,0.000000,0.000000,0.000000,0.000000,0.000000,0.000000,
0.000000,0.000000,0.000000,0.000000,0.000000,0.000000,0.000000,0.000000,0.000000,0.000000,0.000000,0.000000,0.000000,0.000000,0.000000,0.000000,0.000000,0.000000,0.000000,0.000000,0.000000,0.000000,0.000000,0.000000,0.000000,0.000000,0.000000,0.000000,0.000000,0.000000,0.000000,0.000000,0.000000,0.000000,0.000000,0.000000,0.000000,0.000000,0.000000,0.000000,
0.000000,0.000000,0.000000,0.000000,0.000000,0.000000,0.000000,0.000000,0.000000,0.000000,0.000000,0.000000,0.000000,0.000000,0.000000,0.000000,0.000000,0.000000,0.000000,0.000000,0.000000,0.000000,0.000000,0.000000,0.000000,0.000000,0.000000,0.000000,0.000000,0.000000,0.000000,0.000000,0.000000,0.000000,0.000000,0.000000,0.000000,0.000000,0.000000,0.000000,
