40 40
0.000000 0.000000 0.000000 0.000000 0.000000 0.000000 0.000000 0.000000 0.000000 0.000000 0.000000 0.000000 0.000000 0.000000 0.000000 0.000000 0.000000 0.000000 0.000000 0.000000 0.000000 0.000000 0.000000 0.000000 0.000000 0.000000 0.000000 0.000000 0.000000 0.000000 0.000000 0.000000 0.000000 0.000000 0.000000 0.000000 0.000000 0.000000 0.000000 0.000000 
0.000000 0.000000 0.000000 0.000000 0.000000 0.000000 0.000000 0.000000 0.000000 0.000000 0.000000 0.000000 0.000000 0.000000 0.000000 0.000000 0.000000 0.000000 0.000000 0.000000 0.000000 0.000000 0.000000 0.000000 0.000000 0.000000 0.000000 0.000000 0.000000 0.000000 0.000000 0.000000 0.000000 0.000000 0.000000 0.000000 0.000000 0.000000 0.000000 0.000000 
0.000000 0.000000 0.000000 0.000000 0.000000 0.000000 0.000000 0.000000 0.000000 0.000000 0.000000 0.000000 0.000000 0.000000 0.000000 0.000000 0.000000 0.000000 0.000000 0.000000 0.000000 0.000000 0.000000 0.000000 0.000000 0.000000 0.000000 0.000000 0.000000 0.000000 0.000000 0.000000 0.000000 0.000000 0.000000 0.000000 0.000000 0.000000 0.000000 0.000000 
0.000000 0.000000 0.000000 0.000000 0.000000 0.000000 0.000000 0.000000 0.000000 0.000000 0.000000 0.000000 0.000000 0.000000 0.000000 0.000000 0.000000 0.000000 0.000000 0.000000 0.000000 0.000000 0.000000 0.000000 0.000000 0.000000 0.000000 0.000000 0.000000 0.000000 0.000000 0.000000 0.000000 0.000000 0.000000 0.000000 0.000000 0.000000 0.000000 0.000000 
0.000000 0.000000 0.000000 0.000000 0.000000 0.000000 0.000000 0.000000 0.000000 0.000000 0.000000 0.000000 0.000000 0.000000 0.000000 0.000000 0.000000 0.000000 0.000000 0.000000 0.000000 0.000000 0.000000 0.000000 0.000000 0.000000 0.000000 0.000000 0.000000 0.000000 0.000000 0.000000 0.000000 0.000000 0.000000 0.000000 0.000000 0.000000 0.000000 0.000000 
0.000000 0.000000 0.000000 0.000000 0.000000 0.000000 0.000000 0.000000 0.000000 0.000000 0.000000 0.000000 0.000000 0.000000 0.000000 0.000000 0.000000 0.000000 0.000000 0.000000 0.000000 0.000000 0.000000 0.000000 0.000000 0.000000 0.000000 0.000000 0.000000 0.000000 0.000000 0.000000 0.000000 0.000000 0.000000 0.000000 0.000000 0.000000 0.000000 0.000000 
0.000000 0.000000 0.000000 0.000000 0.000000 0.000000 0.000000 0.000000 0.000000 0.000000 0.000000 0.000000 0.000000 0.000000 0.000000 0.000000 0.000000 0.000000 0.000000 0.000000 0.000000 0.000000 0.000000 0.000000 0.000000 0.000000 0.000000 0.000000 0.000000 0.000000 0.000000 0.000000 0.000000 0.000000 0.000000 0.000000 0.000000 0.000000 0.000000 0.000000 
0.000000 0.000000 0.000000 0.000000 0.000000 0.000000 0.000000 0.000000 0.000000 0.000000 0.000000 0.000000 0.000000 0.000000 0.000000 0.000000 0.000000 0.000000 0.000000 0.000000 0.000000 0.000000 0.000000 0.000000 0.000000 0.000000 0.000000 0.000000 0.000000 0.000000 0.000000 0.000000 0.000000 0.000000 0.000000 0.000000 0.000000 0.000000 0.000000 0.000000 
0.000000 0.000000 0.000000 0.000000 0.000000 0.000000 0.000000 0.000000 0.000000 0.000000 0.000000 0.000000 0.000000 0.000000 0.000000 0.000000 0.000000 0.000000 0.000000 0.000000 0.000000 0.000000 0.000000 0.000000 0.000000 0.000000 0.000000 0.000000 0.000000 0.000000 0.000000 0.000000 0.000000 0.000000 0.000000 0.000000 0.000000 0.000000 0.000000 0.000000 
0.000000 0.000000 0.000000 0.000000 0.000000 0.000000 0.000000 0.000000 0.000000 0.000000 0.000000 0.000000 0.000000 0.000000 0.000000 0.000000 0.000000 0.000000 0.000000 0.000000 0.000000 1.499000 1.978000 1.941000 1.905000 1.871000 1.871000 1.871000 1.871000 1.888000 1.923000 1.910000 1.874000 1.871000 1.871000 0.000000 0.000000 0.000000 0.000000 0.000000 
0.000000 0.000000 0.000000 0.000000 0.000000 0.000000 0.000000 0.000000 0.000000 0.000000 0.000000 0.000000 0.000000 0.000000 0.000000 0.000000 0.000000 0.000000 0.000000 0.000000 0.000000 1.676000 1.986000 1.961000 1.918000 1.871000 1.871000 1.871000 1.871000 1.888000 1.923000 1.918000 1.895000 1.893000 1.893000 0.000000 0.000000 0.000000 0.000000 0.000000 
0.000000 0.000000 0.000000 0.000000 0.000000 2.347000 2.347000 2.347000 2.151000 1.926000 1.925000 1.914000 1.877000 1.858000 1.858000 1.857000 1.856000 1.855000 1.854000 1.854000 1.884000 1.966000 1.998000 1.994000 1.938000 1.871000 1.871000 1.871000 1.871000 1.888000 1.923000 1.932000 1.928000 1.928000 1.928000 0.000000 0.000000 0.000000 0.000000 0.000000 
0.000000 0.000000 0.000000 0.000000 0.000000 2.352000 2.352000 2.352000 2.237000 2.105000 2.105000 2.094000 2.056000 2.036000 2.036000 2.049000 2.067000 2.068000 2.068000 2.068000 2.054000 2.016000 2.000000 2.000000 1.969000 1.931000 1.913000 1.900000 1.900000 1.909000 1.928000 1.934000 1.934000 1.934000 1.934000 0.000000 0.000000 0.000000 0.000000 0.000000 
0.000000 0.000000 0.000000 0.000000 0.000000 2.068000 2.068000 2.068000 2.068000 2.068000 2.068000 2.058000 2.019000 2.000000 2.000000 2.027000 2.065000 2.068000 2.068000 2.068000 2.054000 2.017000 2.002000 2.002000 2.001000 1.999000 1.963000 1.936000 1.936000 1.935000 1.934000 1.934000 1.934000 1.934000 1.934000 0.000000 0.000000 0.000000 0.000000 0.000000 
0.000000 0.000000 0.000000 0.000000 0.000000 2.068000 2.068000 2.068000 2.068000 2.068000 2.068000 2.058000 2.019000 2.000000 2.000000 2.027000 2.065000 2.068000 2.068000 2.068000 2.062000 2.047000 2.040000 2.040000 2.022000 2.000000 1.984000 1.973000 1.973000 1.963000 1.941000 1.934000 1.934000 1.934000 1.934000 0.000000 0.000000 0.000000 0.000000 0.000000 
0.000000 0.000000 0.000000 0.000000 0.000000 2.068000 2.068000 2.068000 2.068000 2.068000 2.068000 2.059000 2.027000 2.010000 2.010000 2.033000 2.066000 2.068000 2.068000 2.068000 2.068000 2.068000 2.068000 2.068000 2.037000 2.000000 2.000000 2.000000 2.000000 1.983000 1.946000 1.934000 1.934000 1.934000 1.934000 0.000000 0.000000 0.000000 0.000000 0.000000 
0.000000 0.000000 0.000000 0.000000 0.000000 2.068000 2.068000 2.068000 2.068000 2.068000 2.068000 2.065000 2.054000 2.049000 2.049000 2.056000 2.067000 2.068000 2.068000 2.068000 2.068000 2.068000 2.068000 2.068000 2.037000 2.000000 2.000000 2.000000 2.000000 1.983000 1.946000 1.934000 1.934000 1.934000 1.934000 0.000000 0.000000 0.000000 0.000000 0.000000 
0.000000 0.000000 0.000000 0.000000 0.000000 2.087000 2.087000 2.087000 2.087000 2.087000 2.087000 2.084000 2.073000 2.068000 2.068000 2.068000 2.068000 2.068000 2.066000 2.056000 2.049000 2.049000 2.049000 2.049000 2.027000 2.000000 2.000000 2.000000 2.000000 1.983000 1.946000 1.934000 1.934000 1.934000 1.934000 0.000000 0.000000 0.000000 0.000000 0.000000 
0.000000 0.000000 0.000000 0.000000 0.000000 2.126000 2.126000 2.126000 2.126000 2.126000 2.126000 2.117000 2.085000 2.068000 2.068000 2.068000 2.068000 2.068000 2.063000 2.031000 2.011000 2.011000 2.011000 2.011000 2.006000 2.000000 2.000000 2.000000 2.000000 1.983000 1.946000 1.934000 1.934000 1.934000 1.934000 0.000000 0.000000 0.000000 0.000000 0.000000 
0.000000 0.000000 0.000000 0.000000 0.000000 2.166000 2.156000 2.140000 2.137000 2.138000 2.154000 2.155000 2.116000 2.088000 2.072000 2.068000 2.068000 2.054000 2.037000 2.014000 2.000000 2.000000 2.000000 2.000000 2.000000 2.000000 2.000000 2.000000 2.000000 1.983000 1.946000 1.934000 1.934000 1.934000 1.934000 0.000000 0.000000 0.000000 0.000000 0.000000 
0.000000 0.000000 0.000000 0.000000 0.000000 2.206000 2.182000 2.144000 2.137000 2.139000 2.178000 2.195000 2.155000 2.116000 2.079000 2.068000 2.068000 2.034000 2.002000 2.001000 2.000000 2.000000 2.000000 2.000000 2.000000 2.000000 2.000000 2.000000 2.000000 1.983000 1.946000 1.934000 1.934000 1.934000 1.934000 0.000000 0.000000 0.000000 0.000000 0.000000 
0.000000 0.000000 0.000000 0.000000 0.000000 2.171000 2.172000 2.174000 2.175000 2.176000 2.195000 2.198000 2.158000 2.118000 2.079000 2.068000 2.068000 2.032000 2.000000 2.000000 2.000000 2.000000 2.000000 2.000000 2.000000 2.000000 2.000000 2.000000 2.000000 1.992000 1.974000 1.955000 1.936000 1.934000 1.934000 0.000000 0.000000 0.000000 0.000000 0.000000 
0.000000 0.000000 0.000000 0.000000 0.000000 2.137000 2.162000 2.202000 2.209000 2.209000 2.209000 2.198000 2.158000 2.118000 2.079000 2.068000 2.068000 2.035000 2.005000 2.002000 2.000000 2.000000 2.002000 2.005000 2.006000 2.006000 2.006000 2.006000 2.006000 2.004000 2.001000 1.977000 1.943000 2.003000 2.065000 0.000000 0.000000 0.000000 0.000000 0.000000 
0.000000 0.000000 0.000000 0.000000 0.000000 2.137000 2.162000 2.202000 2.209000 2.209000 2.209000 2.198000 2.158000 2.118000 2.079000 2.068000 2.068000 2.055000 2.040000 2.016000 2.000000 2.000000 2.015000 2.039000 2.044000 2.044000 2.044000 2.044000 2.044000 2.032000 2.008000 1.991000 1.978000 2.467000 2.936000 0.000000 0.000000 0.000000 0.000000 0.000000 
0.000000 0.000000 0.000000 0.000000 0.000000 2.137000 2.162000 2.202000 2.209000 2.209000 2.209000 2.198000 2.158000 2.118000 2.079000 2.068000 2.068000 2.068000 2.062000 2.024000 2.000000 2.000000 2.023000 2.061000 2.181000 2.316000 2.304000 2.295000 2.295000 2.286000 2.268000 2.271000 2.284000 2.898000 0.000000 0.000000 0.000000 0.000000 0.000000 0.000000 
0.000000 0.000000 0.000000 0.000000 0.000000 2.137000 2.162000 2.202000 2.209000 2.209000 2.209000 2.198000 2.158000 2.118000 2.079000 2.068000 2.068000 2.068000 2.062000 2.024000 2.000000 2.000000 2.023000 2.061000 2.487000 2.987000 2.942000 2.908000 2.908000 2.925000 2.961000 0.000000 0.000000 0.000000 0.000000 0.000000 0.000000 0.000000 0.000000 0.000000 
0.000000 0.000000 0.000000 0.000000 0.000000 2.185000 2.202000 2.229000 2.222000 2.209000 2.209000 2.195000 2.141000 2.101000 2.076000 2.068000 2.068000 2.068000 2.064000 2.039000 2.027000 2.040000 2.184000 2.420000 2.828000 0.000000 0.000000 0.000000 0.000000 0.000000 0.000000 0.000000 0.000000 0.000000 0.000000 0.000000 0.000000 0.000000 0.000000 0.000000 
0.000000 0.000000 0.000000 0.000000 0.000000 2.267000 2.269000 2.273000 2.244000 2.209000 2.209000 2.189000 2.114000 2.073000 2.069000 2.068000 2.068000 2.068000 2.067000 2.063000 2.074000 2.108000 2.458000 0.000000 0.000000 0.000000 0.000000 0.000000 0.000000 0.000000 0.000000 0.000000 0.000000 0.000000 0.000000 0.000000 0.000000 0.000000 0.000000 0.000000 
0.000000 0.000000 0.000000 0.000000 0.000000 2.282000 2.282000 2.282000 2.248000 2.209000 2.209000 2.188000 2.108000 2.059000 2.042000 2.037000 2.037000 2.053000 2.068000 2.068000 2.210000 2.593000 2.921000 0.000000 0.000000 0.000000 0.000000 0.000000 0.000000 0.000000 0.000000 0.000000 0.000000 0.000000 0.000000 0.000000 0.000000 0.000000 0.000000 0.000000 
0.000000 0.000000 0.000000 0.000000 0.000000 2.282000 2.282000 2.282000 2.248000 2.209000 2.209000 2.188000 2.108000 2.049000 2.011000 2.000000 2.000000 2.036000 2.068000 2.068000 2.362000 0.000000 0.000000 0.000000 0.000000 0.000000 0.000000 0.000000 0.000000 0.000000 0.000000 0.000000 0.000000 0.000000 0.000000 0.000000 0.000000 0.000000 0.000000 0.000000 
0.000000 0.000000 0.000000 0.000000 0.000000 0.000000 0.000000 0.000000 0.000000 0.000000 0.000000 0.000000 0.000000 0.000000 0.000000 0.000000 0.000000 0.000000 0.000000 0.000000 0.000000 0.000000 0.000000 0.000000 0.000000 0.000000 0.000000 0.000000 0.000000 0.000000 0.000000 0.000000 0.000000 0.000000 0.000000 0.000000 0.000000 0.000000 0.000000 0.000000 
0.000000 0.000000 0.000000 0.000000 0.000000 0.000000 0.000000 0.000000 0.000000 0.000000 0.000000 0.000000 0.000000 0.000000 0.000000 0.000000 0.000000 0.000000 0.000000 0.000000 0.000000 0.000000 0.000000 0.000000 0.000000 0.000000 0.000000 0.000000 0.000000 0.000000 0.000000 0.000000 0.000000 0.000000 0.000000 0.000000 0.000000 0.000000 0.000000 0.000000 
0.000000 0.000000 0.000000 0.000000 0.000000 0.000000 0.000000 0.000000 0.000000 0.000000 0.000000 0.000000 0.000000 0.000000 0.000000 0.000000 0.000000 0.000000 0.000000 0.000000 0.000000 0.000000 0.000000 0.000000 0.000000 0.000000 0.000000 0.000000 0.000000 0.000000 0.000000 0.000000 0.000000 0.000000 0.000000 0.000000 0.000000 0.000000 0.000000 0.000000 
0.000000 0.000000 0.000000 0.000000 0.000000 0.000000 0.000000 0.000000 0.000000 0.000000 0.000000 0.000000 0.000000 0.000000 0.000000 0.000000 0.000000 0.000000 0.000000 0.000000 0.000000 0.000000 0.000000 0.000000 0.000000 0.000000 0.000000 0.000000 0.000000 0.000000 0.000000 0.000000 0.000000 0.000000 0.000000 0.000000 0.000000 0.000000 0.000000 0.000000 
0.000000 0.000000 0.000000 0.000000 0.000000 0.000000 0.000000 0.000000 0.000000 0.000000 0.000000 0.000000 0.000000 0.000000 0.000000 0.000000 0.000000 0.000000 0.000000 0.000000 0.000000 0.000000 0.000000 0.000000 0.000000 0.000000 0.000000 0.000000 0.000000 0.000000 0.000000 0.000000 0.000000 0.000000 0.000000 0.000000 0.000000 0.000000 0.000000 0.000000 
0.000000 0.000000 0.000000 0.000000 0.000000 0.000000 0.000000 0.000000 0.000000 0.000000 0.000000 0.000000 0.000000 0.000000 0.000000 0.000000 0.000000 0.000000 0.000000 0.000000 0.000000 0.000000 0.000000 0.000000 0.000000 0.000000 0.000000 0.000000 0.000000 0.000000 0.000000 0.000000 0.000000 0.000000 0.000000 0.000000 0.000000 0.000000 0.000000 0.000000 
0.000000 0.000000 0.000000 0.000000 0.000000 0.000000 0.000000 0.000000 0.000000 0.000000 0.000000 0.000000 0.000000 0.000000 0.000000 0.000000 0.000000 0.000000 0.000000 0.000000 0.000000 0.000000 0.000000 0.000000 0.000000 0.000000 0.000000 0.000000 0.000000 0.000000 0.000000 0.000000 0.000000 0.000000 0.000000 0.000000 0.000000 0.000000 0.000000 0.000000 
0.000000 0.000000 0.000000 0.000000 0.000000 0.000000 0.000000 0.000000 0.000000 0.000000 0.000000 0.000000 0.000000 0.000000 0.000000 0.000000 0.000000 0.000000 0.000000 0.000000 0.000000 0.000000 0.000000 0.000000 0.000000 0.000000 0.000000 0.000000 0.000000 0.000000 0.000000 0.000000 0.000000 0.000000 0.000000 0.000000 0.000000 0.000000 0.000000 0.000000 
0.000000 0.000000 0.000000 0.000000 0.000000 0.000000 0.000000 0.000000 0.000000 0.000000 0.000000 0.000000 0.000000 0.000000 0.000000 0.000000 0.000000 0.000000 0.000000 0.000000 0.000000 0.000000 0.000000 0.000000 0.000000 0.000000 0.000000 0.000000 0.000000 0.000000 0.000000 0.000000 0.000000 0.000000 0.000000 0.000000 0.000000 0.000000 0.000000 0.000000 
0.000000 0.000000 0.000000 0.000000 0.000000 0.000000 0.000000 0.000000 0.000000 0.000000 0.000000 0.000000 0.000000 0.000000 0.000000 0.000000 0.000000 0.000000 0.000000 0.000000 0.000000 0.000000 0.000000 0.000000 0.000000 0.000000 0.000000 0.000000 0.000000 0.000000 0.000000 0.000000 0.000000 0.000000 0.000000 0.000000 0.000000 0.000000 0.000000 0.000000 
