0.000000,0.000000,0.000000,0.000000,0.000000,0.000000,0.000000,0.000000,0.000000,0.000000,0.000000,0.000000,0.000000,0.000000,0.000000,0.000000,0.000000,0.000000,0.000000,0.000000,0.000000,0.000000,0.000000,0.000000,0.000000,0.000000,0.000000,0.000000,0.000000,0.000000,0.000000,0.000000,0.000000,0.000000,0.000000,0.000000,0.000000,0.000000,0.000000,0.000000,
0.000000,0.000000,0.000000,0.000000,0.000000,0.000000,0.000000,0.000000,0.000000,0.000000,0.000000,0.000000,0.000000,0.000000,0.000000,0.000000,0.000000,0.000000,0.000000,0.000000,0.000000,0.000000,0.000000,0.000000,0.000000,0.000000,0.000000,0.000000,0.000000,0.000000,0.000000,0.000000,0.000000,0.000000,0.000000,0.000000,0.000000,0.000000,0.000000,0.000000,
0.000000,0.000000,0.000000,0.000000,0.000000,0.000000,0.000000,0.000000,0.000000,0.000000,0.000000,0.000000,0.000000,0.000000,0.000000,0.000000,0.000000,0.000000,0.000000,0.000000,0.000000,0.000000,0.000000,0.000000,0.000000,0.000000,0.000000,0.000000,0.000000,0.000000,0.000000,0.000000,0.000000,0.000000,0.000000,0.000000,0.000000,0.000000,0.000000,0.000000,
0.000000,0.000000,0.000000,0.000000,0.000000,0.000000,0.000000,0.000000,0.000000,0.000000,0.000000,0.000000,0.000000,0.000000,0.000000,0.000000,0.000000,0.000000,0.000000,0.000000,0.000000,0.000000,0.000000,0.000000,0.000000,0.000000,0.000000,0.000000,0.000000,0.000000,0.000000,0.000000,0.000000,0.000000,0.000000,0.000000,0.000000,0.000000,0.000000,0.000000,
0.000000,0.000000,0.000000,0.000000,0.000000,0.000000,0.000000,0.000000,0.000000,0.000000,0.000000,0.000000,0.000000,0.000000,0.000000,0.000000,0.000000,0.000000,0.000000,0.000000,0.000000,0.000000,0.000000,0.000000,0.000000,0.000000,0.000000,0.000000,0.000000,0.000000,0.000000,0.000000,0.000000,0.000000,0.000000,0.000000,0.000000,0.000000,0.000000,0.000000,
0.000000,0.000000,0.000000,0.000000,0.000000,2.073000,2.068000,2.052000,2.051000,2.048000,2.034000,2.034000,2.034000,2.034000,2.034000,2.034000,2.229000,0.000000,0.000000,0.000000,0.000000,0.000000,0.000000,0.000000,0.000000,0.000000,0.000000,0.000000,0.000000,0.000000,0.000000,0.000000,0.000000,0.000000,0.000000,0.000000,0.000000,0.000000,0.000000,0.000000,
0.000000,0.000000,0.000000,0.000000,2.953000,2.055000,2.051000,2.051000,2.051000,2.048000,2.036000,2.034000,2.034000,2.034000,2.034000,2.034000,2.034000,2.452000,0.000000,0.000000,0.000000,0.000000,0.000000,0.000000,0.000000,0.000000,0.000000,0.000000,0.000000,0.000000,0.000000,0.000000,0.000000,0.000000,0.000000,0.000000,0.000000,0.000000,0.000000,0.000000,
0.000000,0.000000,0.000000,0.000000,2.061000,2.051000,2.051000,2.051000,2.051000,2.046000,2.042000,2.034000,2.034000,2.034000,2.034000,2.034000,2.034000,2.029000,2.029000,2.029000,0.000000,0.000000,0.000000,0.000000,0.000000,0.000000,0.000000,0.000000,0.000000,0.000000,0.000000,0.000000,0.000000,0.000000,0.000000,0.000000,0.000000,0.000000,0.000000,0.000000,
0.000000,0.000000,0.000000,0.000000,2.051000,2.051000,2.051000,2.051000,2.050000,2.034000,2.034000,2.034000,2.034000,2.034000,2.034000,2.034000,2.026000,2.017000,2.017000,2.017000,2.007000,2.000000,2.014000,2.017000,2.016000,2.007000,1.994000,1.984000,2.772000,0.000000,0.000000,0.000000,0.000000,0.000000,0.000000,0.000000,0.000000,0.000000,0.000000,0.000000,
0.000000,0.000000,0.000000,2.700000,2.051000,2.051000,2.051000,2.051000,2.041000,2.034000,2.034000,2.034000,2.034000,2.034000,2.034000,2.034000,2.017000,2.017000,2.017000,2.017000,2.013000,2.010000,2.016000,2.008000,2.007000,2.000000,1.998000,1.989000,1.984000,1.984000,1.984000,1.984000,2.103000,0.000000,0.000000,0.000000,0.000000,0.000000,0.000000,0.000000,
0.000000,0.000000,0.000000,2.051000,2.058000,2.055000,2.051000,2.051000,2.034000,2.034000,2.034000,2.034000,2.034000,2.034000,2.034000,2.034000,2.017000,2.017000,2.017000,2.017000,2.017000,2.017000,2.017000,2.000000,1.999000,1.989000,1.993000,1.998000,1.988000,1.984000,1.984000,1.984000,1.984000,1.984000,1.984000,1.986000,2.444000,2.729000,2.729000,0.000000,
0.000000,0.000000,0.000000,0.000000,2.053000,2.052000,2.051000,2.051000,2.047000,2.034000,2.034000,2.034000,2.034000,2.034000,2.034000,2.021000,2.017000,2.017000,2.017000,2.017000,2.017000,2.017000,2.005000,2.000000,1.987000,1.984000,1.985000,1.987000,1.993000,1.988000,1.984000,1.984000,1.997000,1.997000,1.992000,1.984000,1.994000,1.990000,1.987000,2.424000,
0.000000,0.000000,0.000000,2.141000,2.051000,2.051000,2.051000,2.051000,2.050000,2.034000,2.034000,2.034000,2.034000,2.034000,2.034000,2.018000,2.017000,2.017000,2.017000,2.017000,2.007000,2.001000,1.987000,1.985000,1.984000,1.984000,1.984000,1.984000,1.985000,1.984000,1.984000,1.984000,2.000000,2.000000,1.994000,1.984000,1.985000,1.984000,1.984000,2.000000,
0.000000,0.000000,2.050000,2.050000,2.050000,2.051000,2.051000,2.051000,2.050000,2.047000,2.034000,2.034000,2.034000,2.034000,2.034000,2.034000,2.018000,2.018000,2.017000,2.009000,2.000000,2.000000,1.986000,1.984000,1.985000,1.984000,1.984000,1.984000,1.983000,1.983000,1.983000,1.984000,1.999000,2.000000,1.993000,1.984000,1.984000,1.995000,2.000000,2.001000,
0.000000,0.000000,2.031000,2.032000,2.044000,2.051000,2.051000,2.048000,2.034000,2.034000,2.034000,2.034000,2.034000,2.034000,2.034000,2.031000,2.031000,2.028000,2.017000,2.009000,2.000000,2.000000,1.986000,1.984000,1.996000,1.984000,1.984000,1.984000,1.974000,1.968000,1.968000,1.984000,1.985000,1.994000,1.984000,1.984000,1.984000,1.984000,1.998000,2.013000,
0.000000,0.000000,2.017000,2.025000,2.044000,2.051000,2.051000,2.035000,2.034000,2.034000,2.034000,2.031000,2.028000,2.032000,2.029000,2.017000,2.017000,2.017000,2.015000,2.006000,2.000000,2.000000,1.986000,1.984000,1.984000,1.984000,1.984000,1.984000,1.978000,1.969000,1.968000,1.979000,1.984000,1.984000,1.984000,1.984000,1.981000,1.979000,1.993000,1.995000,
0.000000,0.000000,2.025000,2.029000,2.044000,2.051000,2.051000,2.042000,2.034000,2.034000,2.034000,2.026000,2.017000,2.029000,2.020000,2.010000,2.009000,2.009000,2.006000,1.997000,1.993000,1.993000,1.985000,1.984000,1.984000,1.984000,1.984000,1.984000,1.984000,1.972000,1.968000,1.968000,1.984000,1.984000,1.984000,1.984000,1.974000,1.968000,1.982000,1.984000,
0.000000,0.000000,2.034000,2.034000,2.044000,2.051000,2.051000,2.042000,2.034000,2.034000,2.034000,2.031000,2.027000,2.032000,2.020000,2.001000,2.000000,2.000000,2.000000,1.993000,1.984000,1.984000,1.992000,1.984000,1.984000,1.984000,1.984000,1.984000,1.984000,1.972000,1.968000,1.968000,1.984000,1.984000,1.984000,1.984000,1.980000,1.970000,1.974000,0.000000,
0.000000,2.730000,2.046000,2.046000,2.042000,2.039000,2.039000,2.034000,2.034000,2.034000,2.034000,2.034000,2.034000,2.034000,2.020000,2.001000,2.000000,2.000000,1.996000,1.987000,1.984000,1.984000,1.988000,1.984000,1.984000,1.981000,1.973000,1.973000,1.973000,1.969000,1.968000,1.968000,1.984000,1.984000,1.984000,1.984000,1.984000,1.972000,1.968000,0.000000,
0.000000,2.051000,2.051000,2.051000,2.041000,2.034000,2.034000,2.034000,2.034000,2.034000,2.034000,2.034000,2.034000,2.024000,2.017000,2.001000,2.000000,2.000000,1.995000,1.984000,1.992000,1.997000,1.986000,1.984000,1.983000,1.970000,1.968000,1.968000,1.968000,1.968000,1.968000,1.968000,1.984000,1.984000,1.984000,1.984000,1.984000,1.982000,1.993000,2.397000,
2.156000,2.051000,2.051000,2.051000,2.041000,2.034000,2.034000,2.034000,2.034000,2.034000,2.034000,2.034000,2.034000,2.022000,2.017000,2.001000,2.000000,2.000000,2.000000,1.999000,2.000000,1.989000,1.984000,1.984000,1.969000,1.968000,1.968000,1.968000,1.977000,1.972000,1.968000,1.968000,1.984000,1.984000,1.984000,1.984000,1.984000,1.984000,1.998000,2.000000,
2.050000,2.053000,2.062000,2.051000,2.041000,2.034000,2.034000,2.034000,2.034000,2.034000,2.034000,2.033000,2.033000,2.023000,2.018000,2.001000,2.000000,1.997000,1.984000,1.991000,1.990000,1.984000,1.984000,1.984000,1.969000,1.968000,1.968000,1.969000,1.969000,1.968000,1.968000,1.984000,1.984000,1.984000,1.984000,1.984000,1.983000,1.983000,1.834000,2.027000,
2.034000,2.037000,2.051000,2.051000,2.041000,2.034000,2.034000,2.034000,2.034000,2.034000,2.028000,2.017000,2.025000,2.030000,2.030000,2.005000,2.000000,1.997000,1.987000,1.986000,1.984000,1.984000,1.984000,1.984000,1.982000,1.968000,1.968000,1.974000,1.973000,1.968000,1.968000,1.984000,1.984000,1.984000,1.984000,1.984000,1.974000,1.968000,0.000000,1.963000,
2.040000,2.042000,2.051000,2.048000,2.039000,2.034000,2.034000,2.034000,2.034000,2.033000,2.025000,2.017000,2.017000,2.017000,2.017000,2.017000,2.000000,2.000000,2.000000,1.993000,1.984000,1.984000,1.984000,1.984000,1.978000,1.968000,1.968000,1.968000,1.968000,1.968000,1.968000,1.984000,1.979000,1.979000,1.981000,1.984000,1.974000,1.968000,1.977000,2.000000,
2.051000,2.051000,2.051000,2.043000,2.034000,2.034000,2.034000,2.034000,2.026000,2.024000,2.017000,2.017000,2.017000,2.017000,2.017000,2.017000,2.000000,2.000000,2.000000,1.993000,1.984000,1.984000,1.984000,1.984000,1.968000,1.968000,1.968000,1.968000,1.968000,1.968000,1.968000,1.976000,1.968000,1.968000,1.974000,1.984000,1.979000,1.975000,1.997000,2.000000,
2.051000,2.051000,2.051000,2.043000,2.034000,2.034000,2.034000,2.034000,2.017000,2.017000,2.017000,2.017000,2.017000,2.017000,2.017000,2.017000,2.000000,2.000000,2.000000,1.997000,1.988000,1.984000,1.984000,1.984000,1.968000,1.968000,1.968000,1.968000,1.968000,1.968000,1.968000,1.968000,1.969000,1.977000,1.980000,1.984000,1.984000,1.984000,1.998000,1.991000,
2.051000,2.051000,2.051000,2.043000,2.034000,2.034000,2.034000,2.034000,2.028000,2.017000,2.017000,2.011000,2.005000,2.013000,2.017000,2.005000,2.000000,2.000000,2.000000,2.000000,1.991000,1.984000,1.984000,1.973000,1.968000,1.968000,1.968000,1.968000,1.968000,1.968000,1.968000,1.979000,1.980000,1.984000,1.984000,1.984000,1.984000,1.984000,1.998000,1.984000,
0.000000,0.000000,2.051000,2.050000,2.048000,2.048000,2.037000,2.034000,2.033000,2.017000,2.017000,2.009000,2.000000,2.012000,2.017000,2.001000,2.000000,2.000000,2.000000,2.000000,1.991000,1.984000,1.984000,1.968000,1.968000,1.968000,1.968000,1.968000,1.968000,1.968000,1.968000,1.984000,1.984000,1.984000,1.984000,1.984000,1.984000,1.984000,1.986000,1.984000,
0.000000,0.000000,0.000000,0.000000,0.000000,0.000000,2.531000,2.035000,2.016000,2.000000,2.006000,2.017000,2.017000,2.017000,2.017000,2.001000,1.999000,1.984000,1.984000,1.984000,1.984000,1.984000,1.984000,1.984000,1.982000,1.968000,1.968000,1.968000,1.968000,1.968000,1.968000,1.984000,1.984000,1.984000,1.984000,1.984000,1.984000,0.000000,0.000000,0.000000,
0.000000,0.000000,0.000000,0.000000,0.000000,0.000000,0.000000,2.451000,2.290000,2.283000,2.201000,2.034000,2.034000,2.022000,2.003000,1.985000,1.984000,1.984000,1.984000,1.984000,1.984000,1.984000,1.984000,1.984000,1.984000,1.981000,1.969000,1.968000,1.977000,1.972000,1.968000,1.984000,1.984000,1.984000,1.984000,1.992000,2.000000,0.000000,0.000000,0.000000,
0.000000,0.000000,0.000000,0.000000,0.000000,0.000000,0.000000,0.000000,0.000000,0.000000,0.000000,2.669000,2.296000,2.022000,2.003000,1.985000,1.984000,1.984000,1.985000,1.986000,1.984000,1.984000,1.984000,1.984000,1.984000,1.984000,1.978000,1.968000,1.968000,1.968000,1.968000,1.984000,1.984000,1.984000,1.985000,1.994000,2.000000,0.000000,0.000000,0.000000,
0.000000,0.000000,0.000000,0.000000,0.000000,0.000000,0.000000,0.000000,0.000000,0.000000,0.000000,0.000000,0.000000,0.000000,2.992000,2.980000,1.995000,1.984000,1.991000,1.998000,1.986000,1.984000,1.984000,1.984000,1.984000,1.984000,1.980000,1.971000,1.968000,1.968000,1.968000,1.984000,1.984000,1.984000,1.988000,1.994000,1.994000,0.000000,0.000000,0.000000,
0.000000,0.000000,0.000000,0.000000,0.000000,0.000000,0.000000,0.000000,0.000000,0.000000,0.000000,0.000000,0.000000,0.000000,0.000000,0.000000,0.000000,0.000000,0.000000,2.746000,1.986000,1.976000,1.983000,1.977000,1.978000,1.990000,1.981000,1.972000,1.968000,1.968000,1.968000,1.984000,1.984000,1.984000,1.984000,1.984000,2.840000,0.000000,0.000000,0.000000,
0.000000,0.000000,0.000000,0.000000,0.000000,0.000000,0.000000,0.000000,0.000000,0.000000,0.000000,0.000000,0.000000,0.000000,0.000000,0.000000,0.000000,0.000000,0.000000,0.000000,2.698000,1.968000,1.982000,1.968000,1.971000,1.999000,1.985000,1.968000,1.968000,1.968000,1.968000,1.984000,1.984000,1.984000,1.984000,2.821000,0.000000,0.000000,0.000000,0.000000,
0.000000,0.000000,0.000000,0.000000,0.000000,0.000000,0.000000,0.000000,0.000000,0.000000,0.000000,0.000000,0.000000,0.000000,0.000000,0.000000,0.000000,0.000000,0.000000,0.000000,0.000000,0.000000,0.000000,0.000000,0.000000,0.000000,0.000000,0.000000,0.000000,0.000000,2.279000,1.984000,1.984000,1.984000,2.755000,0.000000,0.000000,0.000000,0.000000,0.000000,
0.000000,0.000000,0.000000,0.000000,0.000000,0.000000,0.000000,0.000000,0.000000,0.000000,0.000000,0.000000,0.000000,0.000000,0.000000,0.000000,0.000000,0.000000,0.000000,0.000000,0.000000,0.000000,0.000000,0.000000,0.000000,0.000000,0.000000,0.000000,0.000000,0.000000,0.000000,0.000000,0.000000,0.000000,0.000000,0.000000,0.000000,0.000000,0.000000,0.000000,
0.000000,0.000000,0.000000,0.000000,0.000000,0.000000,0.000000,0.000000,0.000000,0.000000,0.000000,0.000000,0.000000,0.000000,0.000000,0.000000,0.000000,0.000000,0.000000,0.000000,0.000000,0.000000,0.000000,0.000000,0.000000,0.000000,0.000000,0.000000,0.000000,0.000000,0.000000,0.000000,0.000000,0.000000,0.000000,0.000000,0.000000,0.000000,0.000000,0.000000,
0.000000,0.000000,0.000000,0.000000,0.000000,0.000000,0.000000,0.000000,0.000000,0.000000,0.000000,0.000000,0.000000,0.000000,0.000000,0.000000,0.000000,0.000000,0.000000,0.000000,0.000000,0.000000,0.000000,0.000000,0.000000,0.000000,0.000000,0.000000,0.000000,0.000000,0.000000,0.000000,0.000000,0.000000,0.000000,0.000000,0.000000,0.000000,0.000000,0.000000,
0.000000,0.000000,0.000000,0.000000,0.000000,0.000000,0.000000,0.000000,0.000000,0.000000,0.000000,0.000000,0.000000,0.000000,0.000000,0.000000,0.000000,0.000000,0.000000,0.000000,0.000000,0.000000,0.000000,0.000000,0.000000,0.000000,0.000000,0.000000,0.000000,0.000000,0.000000,0.000000,0.000000,0.000000,0.000000,0.000000,0.000000,0.000000,0.000000,0.000000,
0.000000,0.000000,0.000000,0.000000,0.000000,0.000000,0.000000,0.000000,0.000000,0.000000,0.000000,0.000000,0.000000,0.000000,0.000000,0.000000,0.000000,0.000000,0.000000,0.000000,0.000000,0.000000,0.000000,0.000000,0.000000,0.000000,0.000000,0.000000,0.000000,0.000000,0.000000,0.000000,0.000000,0.000000,0.000000,0.000000,0.000000,0.000000,0.000000,0.000000,
