0.000000,0.000000,0.000000,0.000000,0.000000,0.000000,0.000000,0.000000,0.000000,2.126000,2.126000,2.126000,2.133000,2.141000,2.110000,2.072000,2.003000,1.961000,1.961000,0.000000,0.000000,0.000000,0.000000,0.000000,0.000000,0.000000,0.000000,0.000000,0.000000,0.000000,0.000000,0.000000,0.000000,0.000000,0.000000,0.000000,0.000000,0.000000,0.000000,0.000000,
0.000000,0.000000,0.000000,0.000000,0.000000,0.000000,0.000000,0.000000,0.000000,2.086000,2.086000,2.086000,2.110000,2.141000,2.132000,2.115000,2.067000,2.036000,2.036000,0.000000,0.000000,0.000000,0.000000,0.000000,0.000000,0.000000,0.000000,0.000000,0.000000,0.000000,0.000000,0.000000,0.000000,0.000000,0.000000,0.000000,0.000000,0.000000,0.000000,0.000000,
0.000000,0.000000,0.000000,0.000000,0.000000,0.000000,0.000000,0.000000,0.000000,2.069000,2.069000,2.069000,2.101000,2.140000,2.141000,2.136000,2.109000,2.092000,2.092000,0.000000,0.000000,0.000000,0.000000,0.000000,0.000000,0.000000,0.000000,0.000000,0.000000,0.000000,0.000000,0.000000,0.000000,0.000000,0.000000,0.000000,0.000000,0.000000,0.000000,0.000000,
0.000000,0.000000,0.000000,0.000000,0.000000,0.000000,0.000000,0.000000,0.000000,2.069000,2.069000,2.069000,2.101000,2.140000,2.141000,2.140000,2.135000,2.132000,2.132000,0.000000,0.000000,0.000000,0.000000,0.000000,0.000000,0.000000,0.000000,0.000000,0.000000,0.000000,0.000000,0.000000,0.000000,0.000000,0.000000,0.000000,0.000000,0.000000,0.000000,0.000000,
0.000000,0.000000,0.000000,0.000000,0.000000,0.000000,0.000000,0.000000,0.000000,2.069000,2.069000,2.069000,2.087000,2.110000,2.110000,2.110000,2.110000,2.110000,2.110000,0.000000,0.000000,0.000000,0.000000,0.000000,0.000000,0.000000,0.000000,0.000000,0.000000,0.000000,0.000000,0.000000,0.000000,0.000000,0.000000,0.000000,0.000000,0.000000,0.000000,0.000000,
0.000000,0.000000,0.000000,0.000000,0.000000,0.000000,0.000000,0.000000,0.000000,2.069000,2.069000,2.069000,2.070000,2.071000,2.071000,2.071000,2.071000,2.071000,2.071000,0.000000,0.000000,0.000000,0.000000,0.000000,0.000000,0.000000,0.000000,0.000000,0.000000,0.000000,0.000000,0.000000,0.000000,0.000000,0.000000,0.000000,0.000000,0.000000,0.000000,0.000000,
0.000000,0.000000,0.000000,0.000000,0.000000,0.000000,0.000000,0.000000,0.000000,2.069000,2.069000,2.069000,2.069000,2.069000,2.069000,2.069000,2.069000,2.069000,2.069000,1.342000,0.000000,0.000000,0.000000,0.000000,0.000000,0.000000,0.000000,0.000000,0.000000,0.000000,0.000000,0.000000,0.000000,0.000000,0.000000,0.000000,0.000000,0.000000,0.000000,0.000000,
0.000000,0.000000,0.000000,0.000000,0.000000,0.000000,0.000000,0.000000,0.000000,2.069000,2.069000,2.069000,2.072000,2.075000,2.072000,2.069000,2.069000,2.069000,2.069000,2.069000,2.069000,0.000000,0.000000,0.000000,0.000000,0.000000,0.000000,0.000000,0.000000,0.000000,0.000000,0.000000,0.000000,0.000000,0.000000,0.000000,0.000000,0.000000,0.000000,0.000000,
0.000000,0.000000,0.000000,0.000000,0.000000,0.000000,0.000000,0.000000,0.000000,2.069000,2.069000,2.069000,2.089000,2.115000,2.090000,2.069000,2.069000,2.069000,2.069000,2.069000,2.069000,1.319000,0.000000,0.000000,0.000000,0.000000,0.000000,0.000000,0.000000,0.000000,0.000000,0.000000,0.000000,0.000000,0.000000,0.000000,0.000000,0.000000,0.000000,0.000000,
0.000000,0.000000,0.000000,0.000000,0.000000,0.000000,0.000000,0.000000,0.000000,2.083000,2.083000,2.083000,2.108000,2.141000,2.102000,2.069000,2.069000,2.069000,2.069000,2.069000,2.069000,2.069000,2.069000,0.000000,0.000000,0.000000,0.000000,0.000000,0.000000,0.000000,0.000000,0.000000,0.000000,0.000000,0.000000,0.000000,0.000000,0.000000,0.000000,0.000000,
0.000000,0.000000,0.000000,0.000000,0.000000,0.000000,0.000000,0.000000,0.000000,2.123000,2.123000,2.123000,2.131000,2.141000,2.102000,2.069000,2.069000,2.069000,2.069000,2.069000,2.069000,2.069000,2.069000,0.000000,0.000000,0.000000,0.000000,0.000000,0.000000,0.000000,0.000000,0.000000,0.000000,0.000000,0.000000,0.000000,0.000000,0.000000,0.000000,0.000000,
0.000000,0.000000,0.000000,0.000000,0.000000,0.000000,0.000000,0.000000,0.000000,2.141000,2.134000,2.122000,2.119000,2.119000,2.092000,2.069000,2.069000,2.069000,2.069000,2.069000,2.069000,2.069000,2.069000,0.000000,0.000000,0.000000,0.000000,0.000000,0.000000,0.000000,0.000000,0.000000,0.000000,0.000000,0.000000,0.000000,0.000000,0.000000,0.000000,0.000000,
0.000000,0.000000,0.000000,0.000000,0.000000,0.000000,0.000000,0.000000,0.000000,2.141000,2.121000,2.087000,2.079000,2.079000,2.074000,2.069000,2.069000,2.069000,2.069000,2.069000,2.069000,2.069000,2.069000,0.000000,0.000000,0.000000,0.000000,0.000000,0.000000,0.000000,0.000000,0.000000,0.000000,0.000000,0.000000,0.000000,0.000000,0.000000,0.000000,0.000000,
0.000000,0.000000,0.000000,0.000000,0.000000,0.000000,0.000000,0.000000,0.000000,2.572000,2.406000,2.127000,2.069000,2.069000,2.069000,2.069000,2.069000,2.069000,2.069000,2.069000,2.069000,2.069000,2.069000,0.000000,0.000000,0.000000,0.000000,0.000000,0.000000,0.000000,0.000000,0.000000,0.000000,0.000000,0.000000,0.000000,0.000000,0.000000,0.000000,0.000000,
0.000000,0.000000,0.000000,0.000000,0.000000,0.000000,0.000000,0.000000,0.000000,0.000000,2.797000,2.194000,2.069000,2.069000,2.069000,2.069000,2.069000,2.069000,2.069000,2.069000,2.069000,2.069000,2.069000,1.972000,1.482000,0.000000,0.000000,0.000000,0.000000,0.000000,0.000000,0.000000,0.000000,0.000000,0.000000,0.000000,0.000000,0.000000,0.000000,0.000000,
0.000000,0.000000,0.000000,0.000000,0.000000,0.000000,0.000000,0.000000,0.000000,0.000000,0.000000,2.714000,2.396000,2.073000,2.069000,2.069000,2.069000,2.069000,2.069000,2.069000,2.069000,2.069000,2.069000,2.069000,1.649000,0.000000,0.000000,0.000000,0.000000,0.000000,0.000000,0.000000,0.000000,0.000000,0.000000,0.000000,0.000000,0.000000,0.000000,0.000000,
0.000000,0.000000,0.000000,0.000000,0.000000,0.000000,0.000000,0.000000,0.000000,0.000000,0.000000,0.000000,2.699000,2.073000,2.064000,2.064000,2.064000,2.064000,2.064000,2.064000,2.064000,2.066000,2.069000,2.069000,1.649000,0.000000,0.000000,0.000000,0.000000,0.000000,0.000000,0.000000,0.000000,0.000000,0.000000,0.000000,0.000000,0.000000,0.000000,0.000000,
0.000000,0.000000,0.000000,0.000000,0.000000,0.000000,0.000000,0.000000,0.000000,0.000000,0.000000,0.000000,2.683000,2.035000,2.026000,2.026000,2.026000,2.026000,2.026000,2.026000,2.026000,2.044000,2.068000,2.069000,1.649000,0.000000,0.000000,0.000000,0.000000,0.000000,0.000000,0.000000,0.000000,0.000000,0.000000,0.000000,0.000000,0.000000,0.000000,0.000000,
0.000000,0.000000,0.000000,0.000000,0.000000,0.000000,0.000000,0.000000,0.000000,0.000000,0.000000,0.000000,2.661000,2.009000,2.000000,2.000000,2.000000,2.000000,2.000000,2.000000,2.000000,2.029000,2.067000,2.076000,1.661000,0.000000,0.000000,0.000000,0.000000,0.000000,0.000000,0.000000,0.000000,0.000000,0.000000,0.000000,0.000000,0.000000,0.000000,0.000000,
0.000000,0.000000,0.000000,0.000000,0.000000,0.000000,0.000000,0.000000,0.000000,0.000000,0.000000,0.000000,2.628000,2.008000,2.000000,2.000000,2.000000,2.000000,2.000000,2.000000,2.000000,2.029000,2.067000,2.097000,1.697000,0.000000,0.000000,0.000000,0.000000,0.000000,0.000000,0.000000,0.000000,0.000000,0.000000,0.000000,0.000000,0.000000,0.000000,0.000000,
0.000000,0.000000,0.000000,0.000000,0.000000,0.000000,0.000000,0.000000,0.000000,0.000000,0.000000,0.000000,2.630000,2.048000,2.029000,2.018000,2.007000,1.996000,1.985000,1.981000,1.981000,2.010000,2.048000,2.077000,1.678000,0.000000,0.000000,0.000000,0.000000,0.000000,0.000000,0.000000,0.000000,0.000000,0.000000,0.000000,0.000000,0.000000,0.000000,0.000000,
0.000000,0.000000,0.000000,0.000000,0.000000,0.000000,0.000000,0.000000,0.000000,0.000000,0.000000,0.000000,2.664000,2.126000,2.085000,2.052000,2.020000,1.988000,1.956000,1.943000,1.943000,1.972000,2.010000,2.017000,1.607000,0.000000,0.000000,0.000000,0.000000,0.000000,0.000000,0.000000,0.000000,0.000000,0.000000,0.000000,0.000000,0.000000,0.000000,0.000000,
0.000000,0.000000,0.000000,0.000000,0.000000,0.000000,0.000000,0.000000,0.000000,0.000000,0.000000,0.000000,2.652000,2.148000,2.102000,2.062000,2.024000,1.986000,1.948000,1.932000,1.932000,1.961000,1.998000,2.000000,1.749000,0.000000,0.000000,0.000000,0.000000,0.000000,0.000000,0.000000,0.000000,0.000000,0.000000,0.000000,0.000000,0.000000,0.000000,0.000000,
0.000000,0.000000,0.000000,0.000000,0.000000,0.000000,0.000000,0.000000,0.000000,2.995000,2.995000,2.995000,2.621000,2.147000,2.102000,2.062000,2.024000,1.986000,1.948000,1.932000,1.932000,1.961000,1.998000,2.000000,1.978000,1.839000,0.000000,0.000000,0.000000,0.000000,0.000000,0.000000,0.000000,0.000000,0.000000,0.000000,0.000000,0.000000,0.000000,0.000000,
0.000000,0.000000,0.000000,0.000000,0.000000,0.000000,0.000000,0.000000,0.000000,2.990000,2.990000,2.990000,2.618000,2.147000,2.102000,2.062000,2.024000,1.986000,1.948000,1.932000,1.932000,1.961000,1.998000,1.982000,1.966000,1.966000,1.036000,0.000000,0.000000,0.000000,0.000000,0.000000,0.000000,0.000000,0.000000,0.000000,0.000000,0.000000,0.000000,0.000000,
0.000000,0.000000,0.000000,0.000000,0.000000,0.000000,0.000000,0.000000,0.000000,2.990000,2.990000,2.990000,2.638000,2.194000,2.121000,2.059000,2.023000,1.986000,1.948000,1.932000,1.932000,1.959000,1.995000,1.962000,1.932000,1.932000,1.009000,0.000000,0.000000,0.000000,0.000000,0.000000,0.000000,0.000000,0.000000,0.000000,0.000000,0.000000,0.000000,0.000000,
0.000000,0.000000,0.000000,0.000000,0.000000,0.000000,0.000000,0.000000,0.000000,2.990000,2.990000,2.990000,2.845000,2.661000,2.313000,2.024000,2.009000,1.986000,1.948000,1.932000,1.932000,1.943000,1.958000,1.944000,1.932000,1.932000,1.009000,0.000000,0.000000,0.000000,0.000000,0.000000,0.000000,0.000000,0.000000,0.000000,0.000000,0.000000,0.000000,0.000000,
0.000000,0.000000,0.000000,0.000000,0.000000,0.000000,0.000000,0.000000,0.000000,2.990000,2.990000,2.990000,2.990000,2.990000,2.443000,1.989000,1.989000,1.977000,1.946000,1.932000,1.932000,1.932000,1.932000,1.932000,1.932000,1.932000,1.009000,0.000000,0.000000,0.000000,0.000000,0.000000,0.000000,0.000000,0.000000,0.000000,0.000000,0.000000,0.000000,0.000000,
0.000000,0.000000,0.000000,0.000000,0.000000,0.000000,0.000000,0.000000,0.000000,2.990000,2.990000,2.990000,2.990000,2.990000,2.422000,1.951000,1.951000,1.947000,1.937000,1.932000,1.932000,1.932000,1.932000,1.932000,1.932000,1.932000,1.009000,0.000000,0.000000,0.000000,0.000000,0.000000,0.000000,0.000000,0.000000,0.000000,0.000000,0.000000,0.000000,0.000000,
0.000000,0.000000,0.000000,0.000000,0.000000,0.000000,0.000000,0.000000,0.000000,2.990000,2.990000,2.990000,0.000000,0.000000,2.414000,1.914000,1.914000,1.914000,1.914000,1.920000,1.930000,1.932000,1.932000,1.932000,1.932000,1.932000,1.260000,0.000000,0.000000,0.000000,0.000000,0.000000,0.000000,0.000000,0.000000,0.000000,0.000000,0.000000,0.000000,0.000000,
0.000000,0.000000,0.000000,0.000000,0.000000,0.000000,0.000000,0.000000,0.000000,2.990000,2.990000,2.990000,0.000000,0.000000,2.420000,1.878000,1.878000,1.878000,1.878000,1.895000,1.925000,1.932000,1.932000,1.932000,1.932000,1.932000,1.771000,1.309000,0.000000,0.000000,0.000000,0.000000,0.000000,0.000000,0.000000,0.000000,0.000000,0.000000,0.000000,0.000000,
0.000000,0.000000,0.000000,0.000000,0.000000,0.000000,0.000000,0.000000,0.000000,2.990000,2.990000,2.990000,0.000000,0.000000,2.422000,1.866000,1.866000,1.866000,1.866000,1.879000,1.902000,1.907000,1.907000,1.907000,1.907000,1.907000,1.907000,1.907000,0.000000,0.000000,0.000000,0.000000,0.000000,0.000000,0.000000,0.000000,0.000000,0.000000,0.000000,0.000000,
0.000000,0.000000,0.000000,0.000000,0.000000,0.000000,0.000000,0.000000,0.000000,2.990000,2.990000,2.990000,0.000000,0.000000,2.422000,1.866000,1.866000,1.866000,1.866000,1.867000,1.870000,1.870000,1.870000,1.870000,1.870000,1.870000,1.870000,1.870000,0.000000,0.000000,0.000000,0.000000,0.000000,0.000000,0.000000,0.000000,0.000000,0.000000,0.000000,0.000000,
0.000000,0.000000,0.000000,0.000000,0.000000,0.000000,0.000000,0.000000,0.000000,2.990000,2.990000,2.990000,0.000000,0.000000,2.725000,2.403000,2.072000,1.866000,1.866000,1.866000,1.866000,1.866000,1.866000,1.866000,1.866000,1.866000,1.860000,1.843000,1.108000,0.000000,0.000000,0.000000,0.000000,0.000000,0.000000,0.000000,0.000000,0.000000,0.000000,0.000000,
0.000000,0.000000,0.000000,0.000000,0.000000,0.000000,0.000000,0.000000,0.000000,2.986000,2.986000,2.986000,2.986000,2.986000,0.000000,2.964000,2.288000,1.866000,1.866000,1.866000,1.866000,1.866000,1.866000,1.866000,1.866000,1.866000,1.853000,1.817000,1.800000,1.800000,1.800000,0.000000,0.000000,0.000000,0.000000,0.000000,0.000000,0.000000,0.000000,0.000000,
0.000000,0.000000,0.000000,0.000000,0.000000,0.000000,0.000000,0.000000,0.000000,2.932000,2.932000,2.932000,2.932000,2.932000,2.986000,2.914000,2.269000,1.866000,1.866000,1.866000,1.866000,1.866000,1.866000,1.866000,1.866000,1.866000,1.847000,1.791000,1.766000,1.766000,1.766000,0.000000,0.000000,0.000000,0.000000,0.000000,0.000000,0.000000,0.000000,0.000000,
0.000000,0.000000,0.000000,0.000000,0.000000,0.000000,0.000000,0.000000,0.000000,2.892000,2.892000,2.892000,2.892000,2.892000,2.946000,2.894000,2.364000,1.996000,1.899000,1.857000,1.857000,1.861000,1.866000,1.866000,1.866000,1.866000,1.842000,1.772000,1.740000,1.740000,1.740000,0.000000,0.000000,0.000000,0.000000,0.000000,0.000000,0.000000,0.000000,0.000000,
0.000000,0.000000,0.000000,0.000000,0.000000,0.000000,0.000000,0.000000,0.000000,2.892000,2.892000,2.892000,2.892000,2.892000,2.946000,2.956000,2.771000,2.482000,2.020000,1.822000,1.822000,1.840000,1.865000,1.866000,1.866000,1.866000,1.842000,1.772000,1.740000,1.740000,1.740000,0.000000,0.000000,0.000000,0.000000,0.000000,0.000000,0.000000,0.000000,0.000000,
0.000000,0.000000,0.000000,0.000000,0.000000,0.000000,0.000000,0.000000,0.000000,2.892000,2.892000,2.892000,2.892000,2.892000,2.932000,2.965000,2.965000,2.723000,2.079000,1.803000,1.803000,1.830000,1.865000,1.866000,1.866000,1.866000,1.848000,1.796000,1.772000,1.772000,1.772000,0.000000,0.000000,0.000000,0.000000,0.000000,0.000000,0.000000,0.000000,0.000000,
0.000000,0.000000,0.000000,0.000000,0.000000,0.000000,0.000000,0.000000,0.000000,2.892000,2.892000,2.892000,2.892000,2.892000,2.902000,2.911000,2.911000,2.680000,2.067000,1.803000,1.803000,1.830000,1.865000,1.866000,1.866000,1.866000,1.861000,1.848000,1.842000,1.842000,1.842000,0.000000,0.000000,0.000000,0.000000,0.000000,0.000000,0.000000,0.000000,0.000000,
