0.000000,0.000000,0.000000,0.000000,0.000000,0.000000,0.000000,0.000000,0.000000,0.000000,0.000000,0.000000,0.000000,0.000000,0.000000,0.000000,0.000000,0.000000,0.000000,0.000000,0.000000,0.000000,0.000000,0.000000,0.000000,0.000000,0.000000,0.000000,0.000000,0.000000,0.000000,0.000000,0.000000,0.000000,0.000000,0.000000,0.000000,0.000000,0.000000,0.000000,
0.000000,0.000000,0.000000,0.000000,0.000000,0.000000,0.000000,0.000000,0.000000,0.000000,0.000000,0.000000,0.000000,0.000000,0.000000,0.000000,0.000000,0.000000,0.000000,0.000000,0.000000,0.000000,0.000000,0.000000,0.000000,0.000000,0.000000,0.000000,0.000000,0.000000,0.000000,0.000000,0.000000,0.000000,0.000000,0.000000,0.000000,0.000000,0.000000,0.000000,
0.000000,0.000000,0.000000,0.000000,0.000000,0.000000,0.000000,0.000000,0.000000,0.000000,0.000000,0.000000,0.000000,0.000000,0.000000,0.000000,0.000000,0.000000,0.000000,0.000000,0.000000,0.000000,0.000000,0.000000,0.000000,0.000000,0.000000,0.000000,0.000000,0.000000,0.000000,0.000000,0.000000,0.000000,0.000000,0.000000,0.000000,0.000000,0.000000,0.000000,
0.000000,0.000000,0.000000,0.000000,0.000000,0.000000,0.000000,0.000000,0.000000,0.000000,0.000000,0.000000,0.000000,0.000000,0.000000,0.000000,0.000000,0.000000,0.000000,0.000000,0.000000,0.000000,0.000000,0.000000,0.000000,0.000000,0.000000,0.000000,0.000000,0.000000,0.000000,0.000000,0.000000,0.000000,0.000000,0.000000,0.000000,0.000000,0.000000,0.000000,
0.000000,0.000000,0.000000,0.000000,0.000000,0.000000,0.000000,0.000000,0.000000,0.000000,0.000000,0.000000,0.000000,0.000000,0.000000,0.000000,0.000000,0.000000,0.000000,0.000000,0.000000,0.000000,0.000000,0.000000,0.000000,0.000000,0.000000,0.000000,0.000000,0.000000,0.000000,0.000000,0.000000,0.000000,0.000000,0.000000,0.000000,0.000000,0.000000,0.000000,
0.000000,0.000000,0.000000,0.000000,0.000000,0.000000,0.000000,0.000000,0.000000,0.000000,0.000000,0.000000,0.000000,0.000000,0.000000,0.000000,0.000000,0.000000,0.000000,0.000000,0.000000,0.000000,0.000000,0.000000,0.000000,0.000000,0.000000,0.000000,0.000000,0.000000,0.000000,0.000000,0.000000,0.000000,0.000000,0.000000,0.000000,0.000000,0.000000,0.000000,
0.000000,0.000000,0.000000,0.000000,0.000000,0.000000,0.000000,0.000000,0.000000,0.000000,0.000000,0.000000,0.000000,0.000000,0.000000,0.000000,0.000000,0.000000,0.000000,0.000000,0.000000,0.000000,0.000000,0.000000,0.000000,0.000000,0.000000,0.000000,0.000000,0.000000,0.000000,0.000000,0.000000,0.000000,0.000000,0.000000,0.000000,0.000000,0.000000,0.000000,
0.000000,0.000000,0.000000,0.000000,0.000000,0.000000,0.000000,0.000000,0.000000,0.000000,0.000000,0.000000,0.000000,0.000000,0.000000,0.000000,0.000000,0.000000,0.000000,0.000000,0.000000,0.000000,0.000000,0.000000,0.000000,0.000000,0.000000,0.000000,0.000000,0.000000,0.000000,0.000000,0.000000,0.000000,0.000000,0.000000,0.000000,0.000000,0.000000,0.000000,
0.000000,0.000000,0.000000,0.000000,0.000000,0.000000,0.000000,0.000000,0.000000,0.000000,0.000000,0.000000,0.000000,0.000000,0.000000,0.000000,0.000000,0.000000,0.000000,0.000000,0.000000,0.000000,0.000000,0.000000,0.000000,0.000000,0.000000,0.000000,0.000000,0.000000,0.000000,0.000000,0.000000,0.000000,0.000000,0.000000,0.000000,0.000000,0.000000,0.000000,
0.000000,0.000000,0.000000,0.000000,0.000000,0.000000,0.000000,1.337000,1.337000,1.337000,1.337000,1.344000,1.371000,1.601000,1.968000,2.000000,2.000000,2.000000,1.981000,1.946000,1.941000,1.763000,0.000000,0.000000,0.000000,0.000000,0.000000,0.000000,0.000000,0.000000,0.000000,0.000000,0.000000,0.000000,0.000000,0.000000,0.000000,0.000000,0.000000,0.000000,
0.000000,0.000000,0.000000,0.000000,0.000000,0.000000,0.000000,1.337000,1.330000,1.321000,1.320000,1.375000,1.568000,1.771000,1.982000,2.000000,2.000000,2.000000,1.988000,1.967000,1.952000,1.832000,1.187000,0.000000,0.000000,0.000000,0.000000,0.000000,0.000000,0.000000,0.000000,0.000000,0.000000,0.000000,0.000000,0.000000,0.000000,0.000000,0.000000,0.000000,
0.000000,0.000000,0.000000,0.000000,0.000000,0.000000,0.000000,1.337000,1.321000,1.295000,1.295000,1.422000,1.869000,2.031000,2.002000,2.000000,2.000000,2.000000,2.000000,1.999000,1.970000,1.938000,1.920000,1.894000,1.860000,1.853000,1.854000,1.854000,1.840000,1.807000,1.798000,1.798000,0.000000,0.000000,0.000000,0.000000,0.000000,0.000000,0.000000,0.000000,
0.000000,0.000000,0.000000,0.000000,0.000000,0.000000,0.000000,1.337000,1.320000,1.295000,1.294000,1.423000,1.878000,2.039000,2.003000,2.000000,2.000000,2.000000,2.000000,2.000000,1.970000,1.941000,1.941000,1.934000,1.919000,1.916000,1.914000,1.894000,1.869000,1.836000,1.827000,1.827000,0.000000,0.000000,0.000000,0.000000,0.000000,0.000000,0.000000,0.000000,
0.000000,0.000000,0.000000,0.000000,0.000000,0.000000,0.000000,1.337000,1.323000,1.302000,1.378000,1.540000,1.911000,2.042000,2.013000,2.010000,2.009000,2.003000,2.000000,2.000000,1.975000,1.951000,1.951000,1.948000,1.942000,1.941000,1.937000,1.903000,1.869000,1.836000,1.827000,1.827000,0.000000,0.000000,0.000000,0.000000,0.000000,0.000000,0.000000,0.000000,
0.000000,0.000000,0.000000,0.000000,0.000000,0.000000,0.000000,1.337000,1.333000,1.327000,1.672000,1.948000,2.028000,2.055000,2.046000,2.046000,2.040000,2.012000,2.000000,2.000000,1.993000,1.986000,1.986000,1.973000,1.946000,1.941000,1.937000,1.903000,1.869000,1.836000,1.827000,1.827000,0.000000,0.000000,0.000000,0.000000,0.000000,0.000000,0.000000,0.000000,
0.000000,0.000000,0.000000,0.000000,0.000000,0.000000,0.000000,1.402000,1.460000,1.549000,1.868000,2.094000,2.070000,2.060000,2.060000,2.060000,2.052000,2.016000,2.000000,2.000000,2.000000,2.000000,2.000000,1.989000,1.967000,1.952000,1.937000,1.903000,1.874000,1.852000,1.838000,1.827000,0.000000,0.000000,0.000000,0.000000,0.000000,0.000000,0.000000,0.000000,
0.000000,0.000000,0.000000,0.000000,0.000000,0.000000,0.000000,1.510000,1.666000,1.903000,1.998000,2.063000,2.061000,2.060000,2.060000,2.060000,2.052000,2.016000,2.000000,2.000000,2.000000,2.000000,2.000000,1.999000,1.997000,1.971000,1.937000,1.903000,1.882000,1.881000,1.857000,1.827000,0.000000,0.000000,0.000000,0.000000,0.000000,0.000000,0.000000,0.000000,
0.000000,0.000000,0.000000,0.000000,0.000000,0.000000,0.000000,1.747000,1.823000,1.938000,2.010000,2.055000,2.035000,2.028000,2.028000,2.045000,2.052000,2.016000,2.000000,2.000000,2.000000,2.000000,2.000000,2.000000,2.000000,1.972000,1.937000,1.903000,1.883000,1.883000,1.821000,1.741000,0.000000,0.000000,0.000000,0.000000,0.000000,0.000000,0.000000,0.000000,
0.000000,0.000000,0.000000,0.000000,0.000000,0.000000,0.000000,1.949000,1.949000,1.949000,2.013000,2.049000,2.008000,1.992000,1.992000,2.024000,2.045000,2.014000,2.000000,2.000000,2.000000,2.000000,2.000000,2.000000,2.000000,1.972000,1.938000,1.908000,1.889000,1.884000,1.772000,1.629000,0.000000,0.000000,0.000000,0.000000,0.000000,0.000000,0.000000,0.000000,
0.000000,0.000000,0.000000,0.000000,0.000000,0.000000,0.000000,1.984000,1.984000,1.984000,2.028000,2.043000,1.982000,1.957000,1.957000,1.989000,2.014000,2.004000,2.000000,2.000000,2.000000,2.000000,2.000000,2.000000,2.000000,1.972000,1.940000,1.931000,1.915000,1.890000,1.697000,1.459000,0.000000,0.000000,0.000000,0.000000,0.000000,0.000000,0.000000,0.000000,
0.000000,0.000000,0.000000,0.000000,0.000000,0.000000,0.000000,2.039000,2.039000,2.039000,2.075000,2.070000,1.965000,1.916000,1.905000,1.926000,1.947000,1.958000,1.968000,1.979000,1.991000,2.000000,2.000000,2.000000,2.000000,1.972000,1.941000,1.941000,1.879000,1.732000,1.545000,1.353000,0.000000,0.000000,0.000000,0.000000,0.000000,0.000000,0.000000,0.000000,
0.000000,0.000000,0.000000,0.000000,0.000000,0.000000,0.000000,2.112000,2.112000,2.112000,2.149000,2.127000,1.956000,1.870000,1.839000,1.840000,1.849000,1.879000,1.910000,1.942000,1.973000,2.000000,2.000000,2.000000,2.000000,1.972000,1.941000,1.941000,1.791000,1.437000,1.326000,1.302000,0.000000,0.000000,0.000000,0.000000,0.000000,0.000000,0.000000,0.000000,
0.000000,0.000000,0.000000,0.000000,0.000000,0.000000,0.000000,2.155000,2.155000,2.155000,2.154000,2.108000,1.948000,1.863000,1.830000,1.827000,1.831000,1.847000,1.864000,1.881000,1.912000,1.944000,1.961000,1.979000,1.996000,1.972000,1.920000,1.725000,1.533000,1.344000,1.294000,1.294000,0.000000,0.000000,0.000000,0.000000,0.000000,0.000000,0.000000,0.000000,
0.000000,0.000000,0.000000,0.000000,0.000000,0.000000,0.000000,2.081000,2.122000,2.184000,2.150000,2.083000,1.945000,1.867000,1.830000,1.827000,1.826000,1.823000,1.822000,1.822000,1.850000,1.884000,1.921000,1.956000,1.988000,1.969000,1.899000,1.515000,1.294000,1.294000,1.294000,1.294000,0.000000,0.000000,0.000000,0.000000,0.000000,0.000000,0.000000,0.000000,
0.000000,0.000000,0.000000,0.000000,0.000000,0.000000,0.000000,1.455000,1.740000,2.173000,2.150000,2.089000,1.971000,1.889000,1.832000,1.827000,1.822000,1.800000,1.790000,1.790000,1.817000,1.854000,1.911000,1.946000,1.957000,1.951000,1.899000,1.515000,1.294000,1.294000,1.294000,1.294000,0.000000,0.000000,0.000000,0.000000,0.000000,0.000000,0.000000,0.000000,
0.000000,0.000000,0.000000,0.000000,0.000000,0.000000,0.000000,1.131000,1.424000,1.871000,1.858000,1.862000,1.943000,1.928000,1.850000,1.834000,1.820000,1.788000,1.773000,1.773000,1.793000,1.820000,1.868000,1.893000,1.893000,1.846000,1.761000,1.465000,1.294000,1.294000,1.289000,1.282000,0.000000,0.000000,0.000000,0.000000,0.000000,0.000000,0.000000,0.000000,
0.000000,0.000000,0.000000,0.000000,0.000000,0.000000,0.000000,1.131000,1.181000,1.256000,1.254000,1.385000,1.856000,1.985000,1.885000,1.850000,1.820000,1.788000,1.773000,1.773000,1.776000,1.781000,1.789000,1.793000,1.793000,1.649000,1.475000,1.360000,1.294000,1.294000,1.278000,1.257000,0.000000,0.000000,0.000000,0.000000,0.000000,0.000000,0.000000,0.000000,
0.000000,0.000000,0.000000,0.000000,0.000000,0.000000,0.000000,1.131000,1.124000,1.113000,1.113000,1.273000,1.835000,2.017000,1.945000,1.907000,1.870000,1.821000,1.790000,1.775000,1.748000,1.719000,1.690000,1.663000,1.636000,1.524000,1.397000,1.332000,1.294000,1.294000,1.276000,1.252000,0.000000,0.000000,0.000000,0.000000,0.000000,0.000000,0.000000,0.000000,
0.000000,0.000000,0.000000,0.000000,0.000000,0.000000,0.000000,1.128000,1.113000,1.090000,1.090000,1.242000,1.777000,1.972000,1.939000,1.941000,1.930000,1.862000,1.812000,1.778000,1.720000,1.657000,1.594000,1.535000,1.480000,1.427000,1.375000,1.326000,1.296000,1.294000,1.277000,1.255000,0.000000,0.000000,0.000000,0.000000,0.000000,0.000000,0.000000,0.000000,
0.000000,0.000000,0.000000,0.000000,0.000000,0.000000,0.000000,1.105000,1.090000,1.068000,1.067000,1.119000,1.300000,1.366000,1.354000,1.692000,1.964000,1.895000,1.835000,1.781000,1.720000,1.652000,1.555000,1.486000,1.449000,1.413000,1.377000,1.342000,1.315000,1.298000,1.288000,1.280000,0.000000,0.000000,0.000000,0.000000,0.000000,0.000000,0.000000,0.000000,
0.000000,0.000000,0.000000,0.000000,0.000000,0.000000,0.000000,1.092000,1.077000,1.055000,1.054000,1.048000,1.026000,1.017000,1.017000,1.549000,1.984000,1.915000,1.848000,1.782000,1.720000,1.648000,1.532000,1.459000,1.432000,1.405000,1.378000,1.352000,1.326000,1.301000,1.294000,1.294000,0.000000,0.000000,0.000000,0.000000,0.000000,0.000000,0.000000,0.000000,
0.000000,0.000000,0.000000,0.000000,0.000000,0.000000,0.000000,0.000000,0.000000,0.000000,0.000000,0.000000,0.000000,0.000000,0.000000,0.000000,0.000000,0.000000,0.000000,0.000000,0.000000,0.000000,0.000000,0.000000,0.000000,0.000000,0.000000,0.000000,0.000000,0.000000,0.000000,0.000000,0.000000,0.000000,0.000000,0.000000,0.000000,0.000000,0.000000,0.000000,
0.000000,0.000000,0.000000,0.000000,0.000000,0.000000,0.000000,0.000000,0.000000,0.000000,0.000000,0.000000,0.000000,0.000000,0.000000,0.000000,0.000000,0.000000,0.000000,0.000000,0.000000,0.000000,0.000000,0.000000,0.000000,0.000000,0.000000,0.000000,0.000000,0.000000,0.000000,0.000000,0.000000,0.000000,0.000000,0.000000,0.000000,0.000000,0.000000,0.000000,
0.000000,0.000000,0.000000,0.000000,0.000000,0.000000,0.000000,0.000000,0.000000,0.000000,0.000000,0.000000,0.000000,0.000000,0.000000,0.000000,0.000000,0.000000,0.000000,0.000000,0.000000,0.000000,0.000000,0.000000,0.000000,0.000000,0.000000,0.000000,0.000000,0.000000,0.000000,0.000000,0.000000,0.000000,0.000000,0.000000,0.000000,0.000000,0.000000,0.000000,
0.000000,0.000000,0.000000,0.000000,0.000000,0.000000,0.000000,0.000000,0.000000,0.000000,0.000000,0.000000,0.000000,0.000000,0.000000,0.000000,0.000000,0.000000,0.000000,0.000000,0.000000,0.000000,0.000000,0.000000,0.000000,0.000000,0.000000,0.000000,0.000000,0.000000,0.000000,0.000000,0.000000,0.000000,0.000000,0.000000,0.000000,0.000000,0.000000,0.000000,
0.000000,0.000000,0.000000,0.000000,0.000000,0.000000,0.000000,0.000000,0.000000,0.000000,0.000000,0.000000,0.000000,0.000000,0.000000,0.000000,0.000000,0.000000,0.000000,0.000000,0.000000,0.000000,0.000000,0.000000,0.000000,0.000000,0.000000,0.000000,0.000000,0.000000,0.000000,0.000000,0.000000,0.000000,0.000000,0.000000,0.000000,0.000000,0.000000,0.000000,
0.000000,0.000000,0.000000,0.000000,0.000000,0.000000,0.000000,0.000000,0.000000,0.000000,0.000000,0.000000,0.000000,0.000000,0.000000,0.000000,0.000000,0.000000,0.000000,0.000000,0.000000,0.000000,0.000000,0.000000,0.000000,0.000000,0.000000,0.000000,0.000000,0.000000,0.000000,0.000000,0.000000,0.000000,0.000000,0.000000,0.000000,0.000000,0.000000,0.000000,
0.000000,0.000000,0.000000,0.000000,0.000000,0.000000,0.000000,0.000000,0.000000,0.000000,0.000000,0.000000,0.000000,0.000000,0.000000,0.000000,0.000000,0.000000,0.000000,0.000000,0.000000,0.000000,0.000000,0.000000,0.000000,0.000000,0.000000,0.000000,0.000000,0.000000,0.000000,0.000000,0.000000,0.000000,0.000000,0.000000,0.000000,0.000000,0.000000,0.000000,
0.000000,0.000000,0.000000,0.000000,0.000000,0.000000,0.000000,0.000000,0.000000,0.000000,0.000000,0.000000,0.000000,0.000000,0.000000,0.000000,0.000000,0.000000,0.000000,0.000000,0.000000,0.000000,0.000000,0.000000,0.000000,0.000000,0.000000,0.000000,0.000000,0.000000,0.000000,0.000000,0.000000,0.000000,0.000000,0.000000,0.000000,0.000000,0.000000,0.000000,
0.000000,0.000000,0.000000,0.000000,0.000000,0.000000,0.000000,0.000000,0.000000,0.000000,0.000000,0.000000,0.000000,0.000000,0.000000,0.000000,0.000000,0.000000,0.000000,0.000000,0.000000,0.000000,0.000000,0.000000,0.000000,0.000000,0.000000,0.000000,0.000000,0.000000,0.000000,0.000000,0.000000,0.000000,0.000000,0.000000,0.000000,0.000000,0.000000,0.000000,
