40 40
0.000000 0.000000 0.000000 0.000000 0.000000 0.000000 0.000000 0.000000 0.000000 0.000000 0.000000 0.000000 0.000000 0.000000 0.000000 0.000000 0.000000 0.000000 0.000000 0.000000 0.000000 0.000000 0.000000 0.000000 0.000000 0.000000 0.000000 0.000000 0.000000 0.000000 0.000000 0.000000 0.000000 0.000000 0.000000 0.000000 0.000000 0.000000 0.000000 0.000000 
0.000000 0.000000 0.000000 0.000000 0.000000 0.000000 0.000000 0.000000 0.000000 0.000000 0.000000 0.000000 0.000000 0.000000 0.000000 0.000000 0.000000 0.000000 0.000000 0.000000 0.000000 0.000000 0.000000 0.000000 0.000000 0.000000 0.000000 0.000000 0.000000 0.000000 0.000000 0.000000 0.000000 0.000000 0.000000 0.000000 0.000000 0.000000 0.000000 0.000000 
0.000000 0.000000 0.000000 0.000000 0.000000 0.000000 0.000000 0.000000 0.000000 0.000000 0.000000 0.000000 0.000000 0.000000 0.000000 0.000000 0.000000 0.000000 0.000000 0.000000 0.000000 0.000000 0.000000 0.000000 0.000000 0.000000 0.000000 0.000000 0.000000 0.000000 0.000000 0.000000 0.000000 0.000000 0.000000 0.000000 0.000000 0.000000 0.000000 0.000000 
0.000000 0.000000 0.000000 0.000000 0.000000 0.000000 0.000000 0.000000 0.000000 0.000000 0.000000 0.000000 0.000000 0.000000 0.000000 0.000000 0.000000 0.000000 0.000000 0.000000 0.000000 0.000000 0.000000 0.000000 0.000000 0.000000 0.000000 0.000000 0.000000 0.000000 0.000000 0.000000 0.000000 0.000000 0.000000 0.000000 0.000000 0.000000 0.000000 0.000000 
0.000000 0.000000 0.000000 0.000000 0.000000 0.000000 0.000000 0.000000 0.000000 0.000000 0.000000 0.000000 0.000000 0.000000 0.000000 0.000000 0.000000 0.000000 0.000000 0.000000 0.000000 0.000000 0.000000 2.079000 2.066000 2.073000 2.066000 2.060000 2.057000 2.048000 0.000000 0.000000 0.000000 0.000000 0.000000 0.000000 0.000000 0.000000 0.000000 0.000000 
0.000000 0.000000 0.000000 0.000000 0.000000 0.000000 0.000000 0.000000 0.000000 0.000000 2.298000 2.078000 2.069000 2.068000 2.061000 2.217000 2.190000 2.043000 2.051000 2.053000 2.060000 2.137000 0.000000 2.053000 2.041000 2.016000 2.013000 2.019000 2.014000 2.010000 2.172000 0.000000 0.000000 0.000000 0.000000 0.000000 0.000000 0.000000 0.000000 0.000000 
0.000000 0.000000 0.000000 0.000000 0.000000 0.000000 2.774000 2.094000 2.025000 2.035000 2.046000 2.045000 2.050000 2.053000 2.054000 2.036000 2.032000 2.029000 2.027000 2.024000 2.007000 2.003000 2.000000 2.014000 2.019000 2.005000 2.004000 2.004000 2.002000 2.000000 1.997000 2.935000 0.000000 0.000000 0.000000 0.000000 0.000000 0.000000 0.000000 0.000000 
0.000000 0.000000 0.000000 0.000000 0.000000 0.000000 2.017000 2.017000 2.025000 2.025000 2.025000 2.017000 2.017000 2.017000 2.017000 2.016000 2.016000 2.016000 2.017000 2.016000 2.002000 2.000000 2.001000 2.009000 2.008000 2.002000 2.000000 2.000000 2.000000 2.000000 1.994000 1.993000 0.000000 0.000000 0.000000 0.000000 0.000000 0.000000 0.000000 0.000000 
0.000000 0.000000 0.000000 0.000000 0.000000 0.000000 2.017000 2.017000 2.025000 2.024000 2.019000 2.017000 2.017000 2.017000 2.011000 2.010000 2.009000 2.009000 2.017000 2.010000 2.001000 2.001000 2.009000 2.002000 2.000000 2.000000 2.000000 2.000000 2.000000 2.000000 2.000000 2.000000 0.000000 0.000000 0.000000 0.000000 0.000000 0.000000 0.000000 0.000000 
0.000000 0.000000 0.000000 0.000000 0.000000 0.000000 2.031000 2.025000 2.025000 2.024000 2.017000 2.017000 2.017000 2.017000 2.009000 2.009000 2.011000 2.017000 2.012000 2.007000 2.000000 2.000000 2.000000 2.000000 2.000000 2.000000 2.000000 2.000000 2.000000 2.000000 1.993000 1.992000 0.000000 0.000000 0.000000 0.000000 0.000000 0.000000 0.000000 0.000000 
0.000000 0.000000 0.000000 0.000000 0.000000 0.000000 2.036000 2.025000 2.025000 2.017000 2.017000 2.017000 2.017000 2.017000 2.009000 2.009000 2.009000 2.010000 2.009000 2.007000 2.000000 2.000000 2.000000 2.000000 2.000000 2.000000 2.000000 2.000000 2.000000 1.993000 1.992000 2.852000 0.000000 0.000000 0.000000 0.000000 0.000000 0.000000 0.000000 0.000000 
0.000000 0.000000 0.000000 0.000000 0.000000 0.000000 2.037000 2.018000 2.017000 2.017000 2.017000 2.017000 2.017000 2.017000 2.013000 2.013000 2.009000 2.009000 2.009000 2.007000 2.000000 2.000000 2.000000 2.000000 2.000000 2.000000 2.000000 2.000000 2.000000 1.992000 1.996000 2.922000 0.000000 0.000000 0.000000 0.000000 0.000000 0.000000 0.000000 0.000000 
0.000000 0.000000 0.000000 0.000000 0.000000 0.000000 2.176000 2.018000 2.017000 2.017000 2.017000 2.017000 2.017000 2.013000 2.009000 2.009000 2.009000 2.009000 2.009000 2.009000 2.003000 2.001000 2.000000 2.000000 2.000000 2.000000 2.000000 2.000000 2.000000 2.000000 2.000000 2.016000 0.000000 0.000000 0.000000 0.000000 0.000000 0.000000 0.000000 0.000000 
0.000000 0.000000 0.000000 0.000000 0.000000 0.000000 0.000000 2.018000 2.017000 2.023000 2.019000 2.017000 2.017000 2.010000 2.009000 2.009000 2.009000 2.009000 2.009000 2.009000 2.004000 2.002000 2.000000 2.000000 2.000000 2.000000 2.000000 2.000000 2.000000 2.000000 2.000000 2.009000 2.602000 0.000000 0.000000 0.000000 0.000000 0.000000 0.000000 0.000000 
0.000000 0.000000 0.000000 0.000000 0.000000 0.000000 0.000000 2.014000 2.018000 2.022000 2.018000 2.017000 2.014000 2.009000 2.009000 2.009000 2.009000 2.009000 2.009000 2.009000 2.002000 2.000000 2.000000 2.000000 2.000000 2.005000 2.000000 2.000000 2.000000 2.000000 2.000000 2.000000 2.834000 0.000000 0.000000 0.000000 0.000000 0.000000 0.000000 0.000000 
0.000000 0.000000 0.000000 0.000000 0.000000 0.000000 0.000000 2.000000 2.009000 2.017000 2.017000 2.014000 2.009000 2.009000 2.008000 2.000000 2.000000 2.009000 2.009000 2.009000 2.002000 2.000000 2.000000 2.000000 2.000000 2.000000 2.000000 2.000000 2.000000 2.000000 2.000000 2.000000 0.000000 0.000000 0.000000 0.000000 0.000000 0.000000 0.000000 0.000000 
0.000000 0.000000 0.000000 0.000000 0.000000 0.000000 0.000000 2.005000 2.013000 2.017000 2.017000 2.014000 2.009000 2.004000 2.003000 1.997000 1.997000 2.009000 2.009000 2.009000 2.002000 2.000000 2.000000 2.000000 2.000000 2.000000 2.000000 2.000000 2.000000 2.000000 2.000000 1.992000 2.064000 0.000000 0.000000 0.000000 0.000000 0.000000 0.000000 0.000000 
0.000000 0.000000 0.000000 0.000000 0.000000 0.000000 0.000000 2.018000 2.020000 2.017000 2.017000 2.013000 2.009000 2.002000 2.001000 1.995000 1.996000 2.009000 2.009000 2.009000 2.002000 2.000000 2.000000 2.004000 2.000000 2.000000 2.000000 2.000000 2.000000 2.000000 1.999000 2.000000 2.073000 0.000000 0.000000 0.000000 0.000000 0.000000 0.000000 0.000000 
0.000000 0.000000 0.000000 0.000000 0.000000 0.000000 0.000000 2.019000 2.017000 2.017000 2.017000 2.009000 2.009000 2.009000 2.008000 2.000000 2.000000 2.009000 2.009000 2.007000 1.995000 1.996000 2.000000 2.000000 2.000000 2.000000 2.000000 2.000000 2.000000 1.998000 1.992000 2.000000 2.073000 0.000000 0.000000 0.000000 0.000000 0.000000 0.000000 0.000000 
0.000000 0.000000 0.000000 0.000000 0.000000 0.000000 0.000000 2.103000 2.017000 2.017000 2.017000 2.009000 2.009000 2.009000 2.008000 2.000000 2.009000 2.009000 2.009000 2.007000 1.994000 1.995000 2.000000 2.000000 2.000000 2.000000 2.000000 2.000000 2.000000 1.998000 1.992000 2.000000 2.071000 0.000000 0.000000 0.000000 0.000000 0.000000 0.000000 0.000000 
0.000000 0.000000 0.000000 0.000000 0.000000 0.000000 0.000000 2.244000 2.017000 2.017000 2.017000 2.017000 2.017000 2.013000 2.009000 2.009000 2.009000 2.009000 2.009000 2.007000 1.994000 1.995000 2.000000 2.000000 2.000000 2.000000 2.000000 2.000000 1.992000 1.992000 1.992000 2.000000 2.073000 0.000000 0.000000 0.000000 0.000000 0.000000 0.000000 0.000000 
0.000000 0.000000 0.000000 0.000000 0.000000 0.000000 0.000000 2.258000 2.017000 2.017000 2.017000 2.017000 2.017000 2.013000 2.009000 2.009000 2.009000 2.012000 2.006000 2.003000 1.997000 1.998000 2.000000 2.000000 2.000000 2.000000 2.000000 2.000000 1.992000 1.992000 1.992000 1.992000 2.065000 0.000000 0.000000 0.000000 0.000000 0.000000 0.000000 0.000000 
0.000000 0.000000 0.000000 0.000000 0.000000 0.000000 0.000000 2.252000 2.015000 2.017000 2.017000 2.017000 2.017000 2.016000 2.009000 2.009000 2.009000 2.009000 2.000000 2.000000 2.000000 2.000000 2.000000 2.000000 2.000000 2.000000 2.000000 1.998000 1.992000 1.992000 1.985000 1.987000 2.065000 0.000000 0.000000 0.000000 0.000000 0.000000 0.000000 0.000000 
0.000000 0.000000 0.000000 0.000000 0.000000 0.000000 0.000000 2.248000 2.009000 2.017000 2.017000 2.017000 2.017000 2.013000 2.009000 2.004000 2.002000 2.009000 2.000000 1.999000 1.994000 1.996000 2.000000 2.000000 1.999000 1.994000 1.994000 1.992000 1.992000 1.992000 1.991000 1.991000 2.071000 0.000000 0.000000 0.000000 0.000000 0.000000 0.000000 0.000000 
0.000000 0.000000 0.000000 0.000000 0.000000 0.000000 0.000000 2.244000 2.017000 2.013000 2.009000 2.009000 2.009000 2.012000 2.013000 2.002000 2.000000 2.000000 2.000000 1.992000 1.992000 1.992000 1.992000 1.994000 1.992000 1.992000 1.992000 1.992000 1.992000 1.984000 1.991000 1.992000 2.000000 0.000000 0.000000 0.000000 0.000000 0.000000 0.000000 0.000000 
0.000000 0.000000 0.000000 0.000000 0.000000 0.000000 0.000000 2.232000 2.009000 2.009000 2.009000 2.009000 2.009000 2.009000 2.008000 2.000000 2.000000 2.000000 2.000000 1.992000 1.992000 1.992000 1.992000 1.992000 1.992000 1.992000 1.992000 1.992000 1.992000 1.984000 1.991000 1.992000 2.001000 0.000000 0.000000 0.000000 0.000000 0.000000 0.000000 0.000000 
0.000000 0.000000 0.000000 0.000000 0.000000 0.000000 0.000000 0.000000 2.009000 2.008000 1.994000 1.995000 2.000000 2.003000 2.003000 2.000000 2.000000 2.000000 2.000000 1.992000 1.992000 1.992000 1.992000 1.997000 1.992000 1.992000 1.992000 1.992000 1.992000 1.984000 1.984000 1.987000 2.000000 0.000000 0.000000 0.000000 0.000000 0.000000 0.000000 0.000000 
0.000000 0.000000 0.000000 0.000000 0.000000 0.000000 0.000000 0.000000 2.009000 2.008000 2.000000 1.999000 1.998000 2.000000 2.000000 1.999000 1.992000 1.998000 1.992000 1.992000 1.992000 1.992000 1.992000 1.999000 1.998000 1.992000 1.992000 1.992000 1.992000 1.992000 1.985000 1.987000 1.992000 0.000000 0.000000 0.000000 0.000000 0.000000 0.000000 0.000000 
0.000000 0.000000 0.000000 0.000000 0.000000 0.000000 0.000000 2.633000 2.012000 2.008000 2.000000 1.997000 1.992000 2.000000 2.000000 1.994000 1.992000 1.992000 1.992000 1.992000 1.992000 1.992000 1.992000 1.997000 1.993000 1.992000 1.992000 1.985000 1.989000 1.992000 1.985000 1.987000 1.992000 0.000000 0.000000 0.000000 0.000000 0.000000 0.000000 0.000000 
0.000000 0.000000 0.000000 0.000000 0.000000 0.000000 0.000000 2.238000 2.020000 2.009000 2.002000 2.000000 2.000000 2.000000 2.000000 1.997000 1.997000 1.992000 1.992000 1.988000 1.984000 1.987000 1.992000 1.992000 1.992000 1.992000 1.992000 1.987000 1.990000 1.992000 1.985000 1.987000 1.992000 0.000000 0.000000 0.000000 0.000000 0.000000 0.000000 0.000000 
0.000000 0.000000 0.000000 0.000000 0.000000 0.000000 0.000000 0.000000 1.990000 2.009000 2.003000 2.000000 2.000000 2.000000 1.999000 1.992000 1.992000 1.992000 1.984000 1.984000 1.984000 1.987000 1.992000 1.992000 1.992000 1.992000 1.992000 1.992000 1.992000 1.992000 1.992000 1.989000 1.984000 0.000000 0.000000 0.000000 0.000000 0.000000 0.000000 0.000000 
0.000000 0.000000 0.000000 0.000000 0.000000 0.000000 1.349000 0.000000 1.192000 2.009000 2.009000 2.009000 2.009000 2.002000 1.999000 1.992000 1.992000 1.992000 1.989000 1.988000 1.984000 1.987000 1.992000 1.995000 1.996000 1.992000 1.992000 1.992000 1.992000 1.984000 1.984000 1.986000 1.984000 0.000000 0.000000 0.000000 0.000000 0.000000 0.000000 0.000000 
0.000000 0.000000 0.000000 0.000000 0.000000 0.000000 0.000000 0.000000 1.190000 2.008000 2.000000 2.007000 2.007000 2.000000 1.999000 1.992000 1.992000 1.992000 1.992000 1.992000 1.992000 1.992000 1.992000 1.996000 1.997000 1.992000 1.992000 1.992000 1.990000 1.984000 1.984000 1.984000 1.984000 0.000000 0.000000 0.000000 0.000000 0.000000 0.000000 0.000000 
0.000000 0.000000 0.000000 0.000000 0.000000 0.000000 0.000000 0.000000 1.190000 2.008000 2.000000 2.000000 2.000000 2.000000 1.993000 1.992000 1.992000 1.992000 1.992000 1.992000 1.992000 1.992000 1.992000 1.992000 1.992000 1.992000 1.992000 1.992000 1.984000 1.984000 1.978000 1.980000 1.984000 0.000000 0.000000 0.000000 0.000000 0.000000 0.000000 0.000000 
0.000000 0.000000 0.000000 0.000000 0.000000 0.000000 0.000000 0.000000 1.190000 2.008000 2.000000 1.997000 1.992000 1.992000 1.992000 1.992000 1.992000 1.992000 1.992000 1.988000 1.988000 1.992000 1.992000 1.992000 1.992000 1.992000 1.992000 1.992000 1.984000 1.984000 1.977000 1.979000 1.988000 0.000000 0.000000 0.000000 0.000000 0.000000 0.000000 0.000000 
0.000000 0.000000 0.000000 0.000000 0.000000 0.000000 0.000000 0.000000 1.190000 2.009000 2.002000 1.997000 1.992000 1.992000 1.992000 1.992000 1.992000 1.992000 1.992000 1.984000 1.984000 1.992000 1.992000 1.992000 1.992000 1.992000 1.992000 1.992000 1.984000 1.976000 1.976000 1.976000 1.984000 0.000000 0.000000 0.000000 0.000000 0.000000 0.000000 0.000000 
0.000000 0.000000 0.000000 0.000000 0.000000 0.000000 0.000000 0.000000 0.000000 0.000000 0.000000 0.000000 0.000000 0.000000 0.000000 0.000000 0.000000 0.000000 0.000000 0.000000 0.000000 0.000000 0.000000 0.000000 0.000000 0.000000 0.000000 0.000000 0.000000 0.000000 0.000000 0.000000 0.000000 0.000000 0.000000 0.000000 0.000000 0.000000 0.000000 0.000000 
0.000000 0.000000 0.000000 0.000000 0.000000 0.000000 0.000000 0.000000 0.000000 0.000000 0.000000 0.000000 0.000000 0.000000 0.000000 0.000000 0.000000 0.000000 0.000000 0.000000 0.000000 0.000000 0.000000 0.000000 0.000000 0.000000 0.000000 0.000000 0.000000 0.000000 0.000000 0.000000 0.000000 0.000000 0.000000 0.000000 0.000000 0.000000 0.000000 0.000000 
0.000000 0.000000 0.000000 0.000000 0.000000 0.000000 0.000000 0.000000 0.000000 0.000000 0.000000 0.000000 0.000000 0.000000 0.000000 0.000000 0.000000 0.000000 0.000000 0.000000 0.000000 0.000000 0.000000 0.000000 0.000000 0.000000 0.000000 0.000000 0.000000 0.000000 0.000000 0.000000 0.000000 0.000000 0.000000 0.000000 0.000000 0.000000 0.000000 0.000000 
0.000000 0.000000 0.000000 0.000000 0.000000 0.000000 0.000000 0.000000 0.000000 0.000000 0.000000 0.000000 0.000000 0.000000 0.000000 0.000000 0.000000 0.000000 0.000000 0.000000 0.000000 0.000000 0.000000 0.000000 0.000000 0.000000 0.000000 0.000000 0.000000 0.000000 0.000000 0.000000 0.000000 0.000000 0.000000 0.000000 0.000000 0.000000 0.000000 0.000000 
