40 40
0.000000 0.000000 0.000000 0.000000 0.000000 0.000000 0.000000 0.000000 0.000000 0.000000 0.000000 0.000000 0.000000 0.000000 0.000000 0.000000 0.000000 0.000000 0.000000 0.000000 0.000000 0.000000 0.000000 0.000000 0.000000 0.000000 0.000000 0.000000 0.000000 0.000000 0.000000 0.000000 0.000000 0.000000 0.000000 0.000000 0.000000 0.000000 0.000000 0.000000 
0.000000 0.000000 0.000000 0.000000 0.000000 0.000000 0.000000 0.000000 0.000000 0.000000 0.000000 0.000000 0.000000 0.000000 0.000000 0.000000 0.000000 0.000000 0.000000 0.000000 0.000000 0.000000 0.000000 0.000000 0.000000 0.000000 0.000000 0.000000 0.000000 0.000000 0.000000 0.000000 0.000000 0.000000 0.000000 0.000000 0.000000 0.000000 0.000000 0.000000 
0.000000 0.000000 0.000000 0.000000 0.000000 0.000000 0.000000 0.000000 0.000000 0.000000 0.000000 0.000000 0.000000 0.000000 0.000000 0.000000 0.000000 0.000000 0.000000 0.000000 0.000000 0.000000 0.000000 0.000000 0.000000 0.000000 0.000000 0.000000 0.000000 0.000000 0.000000 0.000000 0.000000 0.000000 0.000000 0.000000 0.000000 0.000000 0.000000 0.000000 
0.000000 0.000000 0.000000 0.000000 0.000000 0.000000 0.000000 0.000000 0.000000 0.000000 0.000000 0.000000 0.000000 0.000000 0.000000 0.000000 0.000000 0.000000 0.000000 0.000000 0.000000 0.000000 0.000000 0.000000 0.000000 0.000000 0.000000 0.000000 0.000000 0.000000 0.000000 0.000000 0.000000 0.000000 0.000000 0.000000 0.000000 0.000000 0.000000 0.000000 
0.000000 0.000000 0.000000 0.000000 0.000000 0.000000 0.000000 0.000000 0.000000 0.000000 0.000000 0.000000 0.000000 0.000000 0.000000 0.000000 0.000000 0.000000 0.000000 0.000000 0.000000 0.000000 0.000000 0.000000 0.000000 0.000000 0.000000 0.000000 0.000000 0.000000 0.000000 0.000000 0.000000 0.000000 0.000000 0.000000 0.000000 0.000000 0.000000 0.000000 
0.000000 0.000000 0.000000 0.000000 0.000000 0.000000 0.000000 0.000000 0.000000 0.000000 0.000000 0.000000 0.000000 0.000000 0.000000 0.000000 0.000000 0.000000 0.000000 0.000000 0.000000 0.000000 0.000000 0.000000 0.000000 0.000000 0.000000 0.000000 0.000000 0.000000 0.000000 0.000000 0.000000 0.000000 0.000000 0.000000 0.000000 0.000000 0.000000 0.000000 
0.000000 0.000000 0.000000 0.000000 0.000000 0.000000 0.000000 0.000000 0.000000 0.000000 0.000000 0.000000 0.000000 0.000000 0.000000 0.000000 0.000000 0.000000 0.000000 0.000000 0.000000 0.000000 0.000000 0.000000 0.000000 0.000000 0.000000 0.000000 0.000000 0.000000 0.000000 0.000000 0.000000 0.000000 0.000000 0.000000 0.000000 0.000000 0.000000 0.000000 
0.000000 0.000000 0.000000 0.000000 0.000000 0.000000 0.000000 0.000000 0.000000 0.000000 0.000000 0.000000 0.000000 0.000000 0.000000 0.000000 0.000000 0.000000 0.000000 0.000000 0.000000 0.000000 0.000000 0.000000 0.000000 0.000000 0.000000 0.000000 0.000000 0.000000 0.000000 0.000000 0.000000 0.000000 0.000000 0.000000 0.000000 0.000000 0.000000 0.000000 
0.000000 0.000000 0.000000 0.000000 0.000000 0.000000 0.000000 0.000000 0.000000 0.000000 0.000000 0.000000 0.000000 0.000000 0.000000 0.000000 0.000000 0.000000 0.000000 0.000000 0.000000 0.000000 0.000000 0.000000 0.000000 0.000000 0.000000 0.000000 0.000000 0.000000 0.000000 0.000000 0.000000 0.000000 0.000000 0.000000 0.000000 0.000000 0.000000 0.000000 
0.000000 0.000000 0.000000 0.000000 0.000000 0.000000 0.000000 0.000000 0.000000 0.000000 0.000000 0.000000 0.000000 0.000000 0.000000 0.000000 0.000000 0.000000 0.000000 0.000000 0.000000 0.000000 0.000000 0.000000 0.000000 0.000000 0.000000 0.000000 0.000000 0.000000 0.000000 0.000000 0.000000 0.000000 0.000000 0.000000 0.000000 0.000000 0.000000 0.000000 
0.000000 0.000000 0.000000 0.000000 0.000000 0.000000 0.000000 0.000000 0.000000 0.000000 0.000000 0.000000 0.000000 0.000000 0.000000 0.000000 0.000000 0.000000 0.000000 0.000000 0.000000 0.000000 0.000000 0.000000 0.000000 0.000000 0.000000 0.000000 0.000000 0.000000 0.000000 0.000000 0.000000 0.000000 0.000000 0.000000 0.000000 0.000000 0.000000 0.000000 
0.000000 0.000000 0.000000 0.000000 0.000000 0.000000 0.000000 0.000000 0.000000 0.000000 0.000000 0.000000 0.000000 0.000000 0.000000 0.000000 0.000000 0.000000 0.000000 0.000000 0.000000 0.000000 0.000000 0.000000 0.000000 0.000000 0.000000 0.000000 0.000000 0.000000 0.000000 0.000000 0.000000 0.000000 0.000000 0.000000 0.000000 0.000000 0.000000 0.000000 
0.000000 0.000000 0.000000 0.000000 0.000000 0.000000 0.000000 0.000000 0.000000 0.000000 0.000000 0.000000 0.000000 0.000000 0.000000 0.000000 0.000000 0.000000 0.000000 0.000000 0.000000 0.000000 0.000000 0.000000 0.000000 0.000000 0.000000 0.000000 0.000000 0.000000 0.000000 0.000000 0.000000 0.000000 0.000000 0.000000 0.000000 0.000000 0.000000 0.000000 
0.000000 0.000000 0.000000 0.000000 2.113000 2.131000 2.182000 2.229000 2.229000 2.229000 2.229000 2.229000 2.229000 2.229000 2.229000 2.229000 2.229000 2.184000 2.133000 2.113000 2.113000 2.098000 2.048000 2.000000 2.000000 2.000000 1.966000 1.918000 1.892000 1.892000 1.892000 1.892000 1.892000 0.000000 0.000000 0.000000 0.000000 0.000000 0.000000 0.000000 
0.000000 0.000000 0.000000 0.000000 2.113000 2.128000 2.171000 2.212000 2.219000 2.227000 2.229000 2.229000 2.229000 2.229000 2.228000 2.220000 2.212000 2.173000 2.130000 2.108000 2.101000 2.082000 2.041000 2.000000 1.993000 1.985000 1.954000 1.914000 1.892000 1.892000 1.892000 1.892000 1.892000 0.000000 0.000000 0.000000 0.000000 0.000000 0.000000 0.000000 
0.000000 0.000000 0.000000 0.000000 2.113000 2.120000 2.141000 2.162000 2.192000 2.222000 2.229000 2.229000 2.229000 2.229000 2.223000 2.193000 2.164000 2.142000 2.121000 2.095000 2.066000 2.040000 2.020000 1.999000 1.972000 1.944000 1.922000 1.903000 1.892000 1.892000 1.892000 1.892000 1.892000 0.000000 0.000000 0.000000 0.000000 0.000000 0.000000 0.000000 
0.000000 0.000000 0.000000 0.000000 2.113000 2.113000 2.113000 2.116000 2.165000 2.215000 2.227000 2.228000 2.229000 2.229000 2.219000 2.169000 2.118000 2.113000 2.113000 2.083000 2.034000 2.000000 2.000000 1.999000 1.952000 1.905000 1.892000 1.892000 1.892000 1.892000 1.892000 1.892000 1.892000 1.892000 1.892000 1.892000 0.000000 0.000000 0.000000 0.000000 
0.000000 0.000000 0.000000 0.000000 2.113000 2.113000 2.113000 2.115000 2.142000 2.169000 2.193000 2.217000 2.229000 2.229000 2.219000 2.169000 2.118000 2.113000 2.113000 2.083000 2.034000 2.000000 2.000000 1.999000 1.952000 1.905000 1.892000 1.892000 1.892000 1.892000 1.892000 1.892000 1.892000 1.892000 1.892000 1.892000 0.000000 0.000000 0.000000 0.000000 
0.000000 0.000000 0.000000 0.000000 2.113000 2.113000 2.113000 2.113000 2.118000 2.123000 2.160000 2.205000 2.229000 2.229000 2.219000 2.169000 2.118000 2.113000 2.113000 2.083000 2.034000 2.000000 2.000000 1.999000 1.952000 1.905000 1.892000 1.892000 1.892000 1.892000 1.892000 1.892000 1.892000 1.892000 1.892000 1.892000 0.000000 0.000000 0.000000 0.000000 
0.000000 0.000000 0.000000 0.000000 2.113000 2.113000 2.113000 2.113000 2.113000 2.113000 2.126000 2.143000 2.152000 2.152000 2.149000 2.132000 2.115000 2.113000 2.113000 2.083000 2.034000 1.995000 1.979000 1.963000 1.932000 1.900000 1.892000 1.892000 1.892000 1.892000 1.892000 1.892000 1.892000 1.906000 1.921000 1.928000 0.000000 0.000000 0.000000 0.000000 
0.000000 0.000000 0.000000 0.000000 2.113000 2.113000 2.113000 2.113000 2.113000 2.113000 2.092000 2.066000 2.052000 2.052000 2.057000 2.084000 2.110000 2.113000 2.113000 2.083000 2.034000 1.989000 1.952000 1.916000 1.906000 1.895000 1.892000 1.892000 1.892000 1.892000 1.892000 1.892000 1.892000 1.923000 1.960000 1.975000 0.000000 0.000000 0.000000 0.000000 
0.000000 0.000000 0.000000 0.000000 1.983000 1.983000 1.983000 1.986000 2.033000 2.079000 2.059000 2.020000 2.000000 2.000000 2.009000 2.059000 2.108000 2.113000 2.113000 2.089000 2.050000 2.006000 1.948000 1.892000 1.892000 1.892000 1.892000 1.892000 1.892000 1.892000 1.892000 1.892000 1.892000 1.941000 1.999000 2.024000 0.000000 0.000000 0.000000 0.000000 
0.000000 0.000000 0.000000 0.000000 1.713000 1.713000 1.713000 1.722000 1.865000 2.007000 2.027000 2.009000 2.000000 2.000000 2.009000 2.059000 2.108000 2.113000 2.113000 2.102000 2.085000 2.048000 1.969000 1.892000 1.892000 1.892000 1.892000 1.892000 1.892000 1.892000 1.892000 1.892000 1.892000 1.960000 2.039000 2.073000 0.000000 0.000000 0.000000 0.000000 
0.000000 0.000000 0.000000 0.000000 1.494000 1.494000 1.494000 1.507000 1.709000 1.912000 2.010000 2.076000 2.091000 2.051000 2.027000 2.073000 2.118000 2.123000 2.123000 2.120000 2.116000 2.083000 1.986000 1.892000 1.892000 1.892000 1.892000 1.892000 1.892000 1.892000 1.893000 1.896000 1.900000 1.980000 2.073000 2.113000 0.000000 0.000000 0.000000 0.000000 
0.000000 0.000000 0.000000 0.000000 1.494000 1.494000 1.494000 1.501000 1.607000 1.713000 2.061000 2.480000 2.577000 2.324000 2.123000 2.147000 2.171000 2.173000 2.173000 2.157000 2.131000 2.083000 1.986000 1.892000 1.892000 1.892000 1.892000 1.892000 1.892000 1.892000 1.896000 1.920000 1.944000 2.010000 2.082000 2.113000 0.000000 0.000000 0.000000 0.000000 
0.000000 0.000000 0.000000 0.000000 1.494000 1.494000 1.494000 1.495000 1.505000 1.515000 2.112000 2.883000 0.000000 2.597000 2.219000 2.221000 2.224000 2.224000 2.224000 2.195000 2.146000 2.083000 1.986000 1.892000 1.892000 1.892000 1.892000 1.892000 1.892000 1.892000 1.899000 1.944000 1.989000 2.039000 2.091000 2.113000 0.000000 0.000000 0.000000 0.000000 
0.000000 0.000000 0.000000 0.000000 1.494000 1.494000 1.494000 1.494000 1.494000 1.494000 2.117000 2.925000 0.000000 2.625000 2.229000 2.229000 2.229000 2.229000 2.229000 2.198000 2.148000 2.083000 1.986000 1.892000 1.892000 1.892000 1.892000 1.892000 1.892000 1.892000 1.899000 1.946000 1.993000 2.042000 2.091000 2.113000 0.000000 0.000000 0.000000 0.000000 
0.000000 0.000000 0.000000 0.000000 0.000000 0.000000 0.000000 0.000000 0.000000 0.000000 0.000000 0.000000 0.000000 0.000000 0.000000 0.000000 0.000000 0.000000 0.000000 0.000000 0.000000 0.000000 0.000000 0.000000 0.000000 0.000000 0.000000 0.000000 0.000000 0.000000 0.000000 0.000000 0.000000 0.000000 0.000000 0.000000 0.000000 0.000000 0.000000 0.000000 
0.000000 0.000000 0.000000 0.000000 0.000000 0.000000 0.000000 0.000000 0.000000 0.000000 0.000000 0.000000 0.000000 0.000000 0.000000 0.000000 0.000000 0.000000 0.000000 0.000000 0.000000 0.000000 0.000000 0.000000 0.000000 0.000000 0.000000 0.000000 0.000000 0.000000 0.000000 0.000000 0.000000 0.000000 0.000000 0.000000 0.000000 0.000000 0.000000 0.000000 
0.000000 0.000000 0.000000 0.000000 0.000000 0.000000 0.000000 0.000000 0.000000 0.000000 0.000000 0.000000 0.000000 0.000000 0.000000 0.000000 0.000000 0.000000 0.000000 0.000000 0.000000 0.000000 0.000000 0.000000 0.000000 0.000000 0.000000 0.000000 0.000000 0.000000 0.000000 0.000000 0.000000 0.000000 0.000000 0.000000 0.000000 0.000000 0.000000 0.000000 
0.000000 0.000000 0.000000 0.000000 0.000000 0.000000 0.000000 0.000000 0.000000 0.000000 0.000000 0.000000 0.000000 0.000000 0.000000 0.000000 0.000000 0.000000 0.000000 0.000000 0.000000 0.000000 0.000000 0.000000 0.000000 0.000000 0.000000 0.000000 0.000000 0.000000 0.000000 0.000000 0.000000 0.000000 0.000000 0.000000 0.000000 0.000000 0.000000 0.000000 
0.000000 0.000000 0.000000 0.000000 0.000000 0.000000 0.000000 0.000000 0.000000 0.000000 0.000000 0.000000 0.000000 0.000000 0.000000 0.000000 0.000000 0.000000 0.000000 0.000000 0.000000 0.000000 0.000000 0.000000 0.000000 0.000000 0.000000 0.000000 0.000000 0.000000 0.000000 0.000000 0.000000 0.000000 0.000000 0.000000 0.000000 0.000000 0.000000 0.000000 
0.000000 0.000000 0.000000 0.000000 0.000000 0.000000 0.000000 0.000000 0.000000 0.000000 0.000000 0.000000 0.000000 0.000000 0.000000 0.000000 0.000000 0.000000 0.000000 0.000000 0.000000 0.000000 0.000000 0.000000 0.000000 0.000000 0.000000 0.000000 0.000000 0.000000 0.000000 0.000000 0.000000 0.000000 0.000000 0.000000 0.000000 0.000000 0.000000 0.000000 
0.000000 0.000000 0.000000 0.000000 0.000000 0.000000 0.000000 0.000000 0.000000 0.000000 0.000000 0.000000 0.000000 0.000000 0.000000 0.000000 0.000000 0.000000 0.000000 0.000000 0.000000 0.000000 0.000000 0.000000 0.000000 0.000000 0.000000 0.000000 0.000000 0.000000 0.000000 0.000000 0.000000 0.000000 0.000000 0.000000 0.000000 0.000000 0.000000 0.000000 
0.000000 0.000000 0.000000 0.000000 0.000000 0.000000 0.000000 0.000000 0.000000 0.000000 0.000000 0.000000 0.000000 0.000000 0.000000 0.000000 0.000000 0.000000 0.000000 0.000000 0.000000 0.000000 0.000000 0.000000 0.000000 0.000000 0.000000 0.000000 0.000000 0.000000 0.000000 0.000000 0.000000 0.000000 0.000000 0.000000 0.000000 0.000000 0.000000 0.000000 
0.000000 0.000000 0.000000 0.000000 0.000000 0.000000 0.000000 0.000000 0.000000 0.000000 0.000000 0.000000 0.000000 0.000000 0.000000 0.000000 0.000000 0.000000 0.000000 0.000000 0.000000 0.000000 0.000000 0.000000 0.000000 0.000000 0.000000 0.000000 0.000000 0.000000 0.000000 0.000000 0.000000 0.000000 0.000000 0.000000 0.000000 0.000000 0.000000 0.000000 
0.000000 0.000000 0.000000 0.000000 0.000000 0.000000 0.000000 0.000000 0.000000 0.000000 0.000000 0.000000 0.000000 0.000000 0.000000 0.000000 0.000000 0.000000 0.000000 0.000000 0.000000 0.000000 0.000000 0.000000 0.000000 0.000000 0.000000 0.000000 0.000000 0.000000 0.000000 0.000000 0.000000 0.000000 0.000000 0.000000 0.000000 0.000000 0.000000 0.000000 
0.000000 0.000000 0.000000 0.000000 0.000000 0.000000 0.000000 0.000000 0.000000 0.000000 0.000000 0.000000 0.000000 0.000000 0.000000 0.000000 0.000000 0.000000 0.000000 0.000000 0.000000 0.000000 0.000000 0.000000 0.000000 0.000000 0.000000 0.000000 0.000000 0.000000 0.000000 0.000000 0.000000 0.000000 0.000000 0.000000 0.000000 0.000000 0.000000 0.000000 
0.000000 0.000000 0.000000 0.000000 0.000000 0.000000 0.000000 0.000000 0.000000 0.000000 0.000000 0.000000 0.000000 0.000000 0.000000 0.000000 0.000000 0.000000 0.000000 0.000000 0.000000 0.000000 0.000000 0.000000 0.000000 0.000000 0.000000 0.000000 0.000000 0.000000 0.000000 0.000000 0.000000 0.000000 0.000000 0.000000 0.000000 0.000000 0.000000 0.000000 
0.000000 0.000000 0.000000 0.000000 0.000000 0.000000 0.000000 0.000000 0.000000 0.000000 0.000000 0.000000 0.000000 0.000000 0.000000 0.000000 0.000000 0.000000 0.000000 0.000000 0.000000 0.000000 0.000000 0.000000 0.000000 0.000000 0.000000 0.000000 0.000000 0.000000 0.000000 0.000000 0.000000 0.000000 0.000000 0.000000 0.000000 0.000000 0.000000 0.000000 
