40 40
0.000000 0.000000 0.000000 0.000000 0.000000 0.000000 0.000000 0.000000 0.000000 0.000000 0.000000 0.000000 0.000000 0.000000 0.000000 0.000000 0.000000 0.000000 0.000000 0.000000 0.000000 0.000000 0.000000 0.000000 0.000000 0.000000 0.000000 0.000000 0.000000 0.000000 0.000000 0.000000 0.000000 0.000000 0.000000 0.000000 0.000000 0.000000 0.000000 0.000000 
0.000000 0.000000 0.000000 0.000000 0.000000 0.000000 0.000000 0.000000 0.000000 0.000000 0.000000 0.000000 0.000000 0.000000 0.000000 0.000000 0.000000 0.000000 0.000000 0.000000 0.000000 0.000000 0.000000 0.000000 0.000000 0.000000 0.000000 0.000000 0.000000 0.000000 0.000000 0.000000 0.000000 0.000000 0.000000 0.000000 0.000000 0.000000 0.000000 0.000000 
0.000000 0.000000 0.000000 0.000000 0.000000 0.000000 0.000000 0.000000 0.000000 0.000000 0.000000 0.000000 0.000000 0.000000 0.000000 0.000000 0.000000 0.000000 0.000000 0.000000 0.000000 0.000000 0.000000 0.000000 0.000000 0.000000 0.000000 0.000000 0.000000 0.000000 0.000000 0.000000 0.000000 0.000000 0.000000 0.000000 0.000000 0.000000 0.000000 0.000000 
0.000000 0.000000 0.000000 0.000000 0.000000 0.000000 0.000000 0.000000 0.000000 0.000000 0.000000 0.000000 0.000000 0.000000 0.000000 0.000000 0.000000 0.000000 0.000000 0.000000 0.000000 0.000000 0.000000 0.000000 0.000000 0.000000 0.000000 0.000000 0.000000 0.000000 0.000000 0.000000 0.000000 0.000000 0.000000 0.000000 0.000000 0.000000 0.000000 0.000000 
0.000000 0.000000 0.000000 0.000000 0.000000 0.000000 0.000000 0.000000 0.000000 0.000000 0.000000 0.000000 0.000000 0.000000 0.000000 0.000000 0.000000 0.000000 0.000000 0.000000 0.000000 0.000000 0.000000 0.000000 0.000000 0.000000 0.000000 0.000000 0.000000 0.000000 0.000000 0.000000 0.000000 0.000000 0.000000 0.000000 0.000000 0.000000 0.000000 0.000000 
0.000000 0.000000 0.000000 0.000000 0.000000 0.000000 0.000000 0.000000 0.000000 0.000000 0.000000 0.000000 0.000000 0.000000 0.000000 0.000000 0.000000 0.000000 0.000000 0.000000 0.000000 0.000000 0.000000 0.000000 0.000000 0.000000 0.000000 0.000000 0.000000 0.000000 0.000000 0.000000 0.000000 0.000000 0.000000 0.000000 0.000000 0.000000 0.000000 0.000000 
0.000000 0.000000 0.000000 0.000000 0.000000 0.000000 0.000000 0.000000 0.000000 0.000000 0.000000 0.000000 0.000000 0.000000 0.000000 0.000000 0.000000 0.000000 0.000000 0.000000 0.000000 0.000000 0.000000 0.000000 0.000000 0.000000 0.000000 0.000000 0.000000 0.000000 0.000000 0.000000 0.000000 0.000000 0.000000 0.000000 0.000000 0.000000 0.000000 0.000000 
0.000000 0.000000 0.000000 0.000000 0.000000 0.000000 0.000000 0.000000 0.000000 0.000000 0.000000 0.000000 0.000000 0.000000 0.000000 0.000000 0.000000 0.000000 0.000000 0.000000 0.000000 0.000000 0.000000 0.000000 0.000000 0.000000 0.000000 0.000000 0.000000 0.000000 0.000000 0.000000 0.000000 0.000000 0.000000 0.000000 0.000000 0.000000 0.000000 0.000000 
0.000000 0.000000 0.000000 0.000000 0.000000 0.000000 0.000000 0.000000 0.000000 0.000000 0.000000 0.000000 0.000000 0.000000 0.000000 0.000000 0.000000 0.000000 0.000000 0.000000 0.000000 0.000000 0.000000 0.000000 0.000000 0.000000 0.000000 0.000000 0.000000 0.000000 0.000000 0.000000 0.000000 0.000000 0.000000 0.000000 0.000000 0.000000 0.000000 0.000000 
0.000000 0.000000 0.000000 0.000000 0.000000 0.000000 0.000000 0.000000 0.000000 0.000000 0.000000 0.000000 0.000000 0.000000 0.000000 0.000000 0.000000 0.000000 0.000000 0.000000 0.000000 0.000000 0.000000 0.000000 0.000000 0.000000 0.000000 0.000000 0.000000 0.000000 0.000000 0.000000 0.000000 0.000000 0.000000 0.000000 0.000000 0.000000 0.000000 0.000000 
0.000000 0.000000 0.000000 0.000000 0.000000 0.000000 0.000000 0.000000 0.000000 0.000000 0.000000 0.000000 0.000000 0.000000 0.000000 0.000000 0.000000 0.000000 0.000000 0.000000 0.000000 0.000000 0.000000 0.000000 0.000000 0.000000 0.000000 0.000000 0.000000 0.000000 0.000000 0.000000 0.000000 0.000000 0.000000 0.000000 0.000000 0.000000 0.000000 0.000000 
2.168000 2.168000 2.212000 2.341000 2.469000 2.491000 2.425000 2.359000 2.343000 2.343000 2.343000 2.406000 2.472000 2.539000 2.608000 2.677000 2.720000 2.720000 2.720000 2.720000 2.720000 2.720000 2.517000 2.259000 2.001000 2.000000 2.000000 2.012000 2.072000 2.132000 2.168000 2.168000 2.168000 2.168000 2.168000 2.168000 2.168000 2.168000 2.166000 2.106000 
2.162000 2.162000 2.205000 2.331000 2.457000 2.479000 2.415000 2.352000 2.337000 2.337000 2.337000 2.398000 2.461000 2.525000 2.594000 2.663000 2.707000 2.709000 2.712000 2.713000 2.713000 2.713000 2.512000 2.256000 2.001000 2.000000 2.000000 2.012000 2.070000 2.128000 2.163000 2.165000 2.167000 2.168000 2.168000 2.168000 2.168000 2.168000 2.166000 2.106000 
2.102000 2.102000 2.136000 2.238000 2.339000 2.363000 2.323000 2.284000 2.274000 2.274000 2.274000 2.312000 2.352000 2.396000 2.463000 2.530000 2.581000 2.607000 2.633000 2.644000 2.644000 2.644000 2.462000 2.232000 2.001000 2.000000 2.000000 2.007000 2.044000 2.080000 2.111000 2.135000 2.159000 2.168000 2.168000 2.168000 2.168000 2.168000 2.166000 2.106000 
2.042000 2.042000 2.068000 2.145000 2.222000 2.248000 2.231000 2.215000 2.211000 2.211000 2.211000 2.227000 2.243000 2.268000 2.332000 2.396000 2.455000 2.504000 2.554000 2.575000 2.575000 2.575000 2.412000 2.207000 2.001000 2.000000 2.000000 2.003000 2.018000 2.033000 2.060000 2.105000 2.151000 2.168000 2.168000 2.168000 2.168000 2.168000 2.166000 2.106000 
2.000000 2.000000 2.021000 2.081000 2.141000 2.168000 2.168000 2.168000 2.168000 2.168000 2.168000 2.162000 2.155000 2.159000 2.214000 2.270000 2.327000 2.386000 2.444000 2.469000 2.469000 2.469000 2.336000 2.169000 2.001000 2.000000 2.000000 2.000000 2.000000 2.000000 2.025000 2.085000 2.145000 2.168000 2.168000 2.168000 2.163000 2.156000 2.148000 2.094000 
2.000000 2.000000 2.021000 2.081000 2.141000 2.168000 2.168000 2.168000 2.168000 2.168000 2.168000 2.141000 2.113000 2.095000 2.128000 2.161000 2.195000 2.230000 2.265000 2.280000 2.280000 2.280000 2.201000 2.101000 2.000000 2.000000 2.000000 2.000000 2.000000 2.000000 2.025000 2.085000 2.145000 2.168000 2.168000 2.168000 2.145000 2.117000 2.088000 2.056000 
2.000000 2.000000 2.021000 2.081000 2.141000 2.168000 2.168000 2.168000 2.168000 2.168000 2.168000 2.120000 2.070000 2.031000 2.042000 2.053000 2.064000 2.075000 2.086000 2.091000 2.091000 2.091000 2.065000 2.033000 2.000000 2.000000 2.000000 2.000000 2.000000 2.000000 2.025000 2.085000 2.145000 2.168000 2.168000 2.168000 2.127000 2.077000 2.029000 2.018000 
2.013000 2.024000 2.048000 2.097000 2.146000 2.168000 2.168000 2.168000 2.168000 2.168000 2.168000 2.110000 2.050000 2.000000 2.000000 2.000000 2.000000 2.000000 2.000000 2.000000 2.000000 2.000000 2.000000 2.000000 2.000000 2.000000 2.000000 2.000000 2.000000 2.000000 2.025000 2.085000 2.145000 2.168000 2.168000 2.168000 2.119000 2.058000 2.000000 2.000000 
2.037000 2.070000 2.101000 2.128000 2.156000 2.168000 2.168000 2.168000 2.168000 2.168000 2.168000 2.110000 2.050000 2.000000 2.000000 2.000000 2.000000 2.000000 2.000000 2.000000 2.000000 2.000000 2.000000 2.000000 2.000000 2.000000 2.000000 2.000000 2.000000 2.000000 2.025000 2.085000 2.145000 2.168000 2.168000 2.168000 2.119000 2.058000 2.000000 2.000000 
2.062000 2.116000 2.153000 2.159000 2.165000 2.168000 2.168000 2.168000 2.168000 2.168000 2.168000 2.110000 2.050000 2.000000 2.000000 2.000000 2.000000 2.000000 2.000000 2.000000 2.000000 2.000000 2.000000 2.000000 2.000000 2.000000 2.000000 2.000000 2.000000 2.000000 2.025000 2.085000 2.145000 2.168000 2.168000 2.168000 2.119000 2.058000 2.000000 2.000000 
2.068000 2.128000 2.168000 2.168000 2.168000 2.168000 2.168000 2.168000 2.168000 2.168000 2.168000 2.125000 2.081000 2.041000 2.025000 2.010000 2.000000 2.000000 2.000000 2.000000 2.000000 2.000000 2.000000 2.000000 2.000000 2.000000 2.000000 2.000000 2.000000 2.000000 2.025000 2.085000 2.145000 2.168000 2.168000 2.168000 2.131000 2.087000 2.043000 2.027000 
2.068000 2.128000 2.168000 2.168000 2.168000 2.168000 2.168000 2.168000 2.168000 2.168000 2.168000 2.146000 2.123000 2.097000 2.060000 2.023000 2.000000 2.000000 2.000000 2.000000 2.000000 2.000000 2.000000 2.000000 2.000000 2.000000 2.000000 2.000000 2.000000 2.000000 2.025000 2.085000 2.145000 2.168000 2.168000 2.168000 2.149000 2.126000 2.103000 2.065000 
2.068000 2.128000 2.168000 2.168000 2.168000 2.168000 2.168000 2.168000 2.168000 2.168000 2.168000 2.167000 2.165000 2.154000 2.095000 2.037000 2.000000 2.000000 2.000000 2.000000 2.000000 2.000000 2.000000 2.000000 2.000000 2.000000 2.000000 2.000000 2.000000 2.000000 2.025000 2.085000 2.145000 2.168000 2.168000 2.168000 2.167000 2.165000 2.162000 2.103000 
2.497000 2.537000 2.564000 2.564000 2.564000 2.535000 2.483000 2.431000 2.419000 2.419000 2.419000 2.443000 2.468000 2.460000 2.285000 2.109000 2.000000 2.000000 2.000000 2.000000 2.000000 2.000000 2.000000 2.000000 2.000000 2.000000 2.000000 2.004000 2.024000 2.044000 2.072000 2.112000 2.153000 2.168000 2.168000 2.168000 2.168000 2.168000 2.167000 2.127000 
2.958000 2.977000 2.989000 2.989000 2.989000 2.930000 2.822000 2.714000 2.688000 2.688000 2.688000 2.739000 2.791000 2.785000 2.486000 2.187000 2.000000 2.000000 2.000000 2.000000 2.000000 2.000000 2.000000 2.000000 2.000000 2.000000 2.000000 2.008000 2.050000 2.091000 2.124000 2.142000 2.161000 2.168000 2.168000 2.168000 2.168000 2.168000 2.167000 2.149000 
0.000000 0.000000 0.000000 0.000000 0.000000 0.000000 0.000000 2.959000 2.921000 2.921000 2.921000 2.994000 0.000000 0.000000 2.659000 2.254000 2.000000 2.000000 2.000000 2.000000 2.000000 2.000000 2.000000 2.000000 2.000000 2.000000 2.000000 2.012000 2.072000 2.132000 2.168000 2.168000 2.168000 2.168000 2.168000 2.168000 2.168000 2.168000 2.168000 2.168000 
0.000000 0.000000 0.000000 0.000000 0.000000 0.000000 0.000000 2.959000 2.921000 2.921000 2.921000 2.994000 0.000000 0.000000 2.659000 2.254000 2.000000 2.000000 2.000000 2.000000 2.000000 2.000000 2.000000 2.000000 2.000000 2.000000 2.000000 2.012000 2.072000 2.132000 2.168000 2.168000 2.168000 2.168000 2.168000 2.168000 2.168000 2.168000 2.168000 2.168000 
0.000000 0.000000 0.000000 0.000000 0.000000 0.000000 0.000000 0.000000 0.000000 0.000000 0.000000 0.000000 0.000000 0.000000 0.000000 0.000000 0.000000 0.000000 0.000000 0.000000 0.000000 0.000000 0.000000 0.000000 0.000000 0.000000 0.000000 0.000000 0.000000 0.000000 0.000000 0.000000 0.000000 0.000000 0.000000 0.000000 0.000000 0.000000 0.000000 0.000000 
0.000000 0.000000 0.000000 0.000000 0.000000 0.000000 0.000000 0.000000 0.000000 0.000000 0.000000 0.000000 0.000000 0.000000 0.000000 0.000000 0.000000 0.000000 0.000000 0.000000 0.000000 0.000000 0.000000 0.000000 0.000000 0.000000 0.000000 0.000000 0.000000 0.000000 0.000000 0.000000 0.000000 0.000000 0.000000 0.000000 0.000000 0.000000 0.000000 0.000000 
0.000000 0.000000 0.000000 0.000000 0.000000 0.000000 0.000000 0.000000 0.000000 0.000000 0.000000 0.000000 0.000000 0.000000 0.000000 0.000000 0.000000 0.000000 0.000000 0.000000 0.000000 0.000000 0.000000 0.000000 0.000000 0.000000 0.000000 0.000000 0.000000 0.000000 0.000000 0.000000 0.000000 0.000000 0.000000 0.000000 0.000000 0.000000 0.000000 0.000000 
0.000000 0.000000 0.000000 0.000000 0.000000 0.000000 0.000000 0.000000 0.000000 0.000000 0.000000 0.000000 0.000000 0.000000 0.000000 0.000000 0.000000 0.000000 0.000000 0.000000 0.000000 0.000000 0.000000 0.000000 0.000000 0.000000 0.000000 0.000000 0.000000 0.000000 0.000000 0.000000 0.000000 0.000000 0.000000 0.000000 0.000000 0.000000 0.000000 0.000000 
0.000000 0.000000 0.000000 0.000000 0.000000 0.000000 0.000000 0.000000 0.000000 0.000000 0.000000 0.000000 0.000000 0.000000 0.000000 0.000000 0.000000 0.000000 0.000000 0.000000 0.000000 0.000000 0.000000 0.000000 0.000000 0.000000 0.000000 0.000000 0.000000 0.000000 0.000000 0.000000 0.000000 0.000000 0.000000 0.000000 0.000000 0.000000 0.000000 0.000000 
0.000000 0.000000 0.000000 0.000000 0.000000 0.000000 0.000000 0.000000 0.000000 0.000000 0.000000 0.000000 0.000000 0.000000 0.000000 0.000000 0.000000 0.000000 0.000000 0.000000 0.000000 0.000000 0.000000 0.000000 0.000000 0.000000 0.000000 0.000000 0.000000 0.000000 0.000000 0.000000 0.000000 0.000000 0.000000 0.000000 0.000000 0.000000 0.000000 0.000000 
0.000000 0.000000 0.000000 0.000000 0.000000 0.000000 0.000000 0.000000 0.000000 0.000000 0.000000 0.000000 0.000000 0.000000 0.000000 0.000000 0.000000 0.000000 0.000000 0.000000 0.000000 0.000000 0.000000 0.000000 0.000000 0.000000 0.000000 0.000000 0.000000 0.000000 0.000000 0.000000 0.000000 0.000000 0.000000 0.000000 0.000000 0.000000 0.000000 0.000000 
0.000000 0.000000 0.000000 0.000000 0.000000 0.000000 0.000000 0.000000 0.000000 0.000000 0.000000 0.000000 0.000000 0.000000 0.000000 0.000000 0.000000 0.000000 0.000000 0.000000 0.000000 0.000000 0.000000 0.000000 0.000000 0.000000 0.000000 0.000000 0.000000 0.000000 0.000000 0.000000 0.000000 0.000000 0.000000 0.000000 0.000000 0.000000 0.000000 0.000000 
0.000000 0.000000 0.000000 0.000000 0.000000 0.000000 0.000000 0.000000 0.000000 0.000000 0.000000 0.000000 0.000000 0.000000 0.000000 0.000000 0.000000 0.000000 0.000000 0.000000 0.000000 0.000000 0.000000 0.000000 0.000000 0.000000 0.000000 0.000000 0.000000 0.000000 0.000000 0.000000 0.000000 0.000000 0.000000 0.000000 0.000000 0.000000 0.000000 0.000000 
0.000000 0.000000 0.000000 0.000000 0.000000 0.000000 0.000000 0.000000 0.000000 0.000000 0.000000 0.000000 0.000000 0.000000 0.000000 0.000000 0.000000 0.000000 0.000000 0.000000 0.000000 0.000000 0.000000 0.000000 0.000000 0.000000 0.000000 0.000000 0.000000 0.000000 0.000000 0.000000 0.000000 0.000000 0.000000 0.000000 0.000000 0.000000 0.000000 0.000000 
0.000000 0.000000 0.000000 0.000000 0.000000 0.000000 0.000000 0.000000 0.000000 0.000000 0.000000 0.000000 0.000000 0.000000 0.000000 0.000000 0.000000 0.000000 0.000000 0.000000 0.000000 0.000000 0.000000 0.000000 0.000000 0.000000 0.000000 0.000000 0.000000 0.000000 0.000000 0.000000 0.000000 0.000000 0.000000 0.000000 0.000000 0.000000 0.000000 0.000000 
0.000000 0.000000 0.000000 0.000000 0.000000 0.000000 0.000000 0.000000 0.000000 0.000000 0.000000 0.000000 0.000000 0.000000 0.000000 0.000000 0.000000 0.000000 0.000000 0.000000 0.000000 0.000000 0.000000 0.000000 0.000000 0.000000 0.000000 0.000000 0.000000 0.000000 0.000000 0.000000 0.000000 0.000000 0.000000 0.000000 0.000000 0.000000 0.000000 0.000000 
