0.000000,0.000000,0.000000,0.000000,0.000000,0.000000,0.000000,0.000000,0.000000,0.000000,0.000000,0.000000,0.000000,0.000000,0.000000,0.000000,0.000000,0.000000,0.000000,0.000000,0.000000,0.000000,0.000000,0.000000,0.000000,0.000000,0.000000,0.000000,0.000000,0.000000,0.000000,0.000000,0.000000,0.000000,0.000000,0.000000,0.000000,0.000000,0.000000,0.000000,
0.000000,0.000000,0.000000,0.000000,0.000000,0.000000,0.000000,0.000000,0.000000,0.000000,0.000000,0.000000,0.000000,0.000000,0.000000,0.000000,0.000000,0.000000,0.000000,0.000000,0.000000,0.000000,0.000000,0.000000,0.000000,0.000000,0.000000,0.000000,0.000000,0.000000,0.000000,0.000000,0.000000,0.000000,0.000000,0.000000,0.000000,0.000000,0.000000,0.000000,
0.000000,0.000000,0.000000,0.000000,0.000000,0.000000,0.000000,0.000000,0.000000,0.000000,0.000000,0.000000,0.000000,0.000000,0.000000,0.000000,0.000000,0.000000,0.000000,0.000000,0.000000,0.000000,0.000000,0.000000,0.000000,0.000000,0.000000,0.000000,0.000000,0.000000,0.000000,0.000000,0.000000,0.000000,0.000000,0.000000,0.000000,0.000000,0.000000,0.000000,
0.000000,0.000000,0.000000,0.000000,0.000000,0.000000,0.000000,0.000000,0.000000,0.000000,0.000000,0.000000,0.000000,0.000000,0.000000,0.000000,0.000000,0.000000,0.000000,0.000000,0.000000,0.000000,0.000000,0.000000,0.000000,0.000000,0.000000,0.000000,0.000000,0.000000,0.000000,0.000000,0.000000,0.000000,0.000000,0.000000,0.000000,0.000000,0.000000,0.000000,
0.000000,0.000000,0.000000,0.000000,0.000000,0.000000,0.000000,0.000000,0.000000,0.000000,0.000000,0.000000,0.000000,0.000000,0.000000,0.000000,0.000000,0.000000,0.000000,0.000000,0.000000,0.000000,0.000000,0.000000,0.000000,0.000000,0.000000,0.000000,0.000000,0.000000,0.000000,0.000000,0.000000,0.000000,0.000000,0.000000,0.000000,0.000000,0.000000,0.000000,
0.000000,0.000000,0.000000,0.000000,0.000000,0.000000,0.000000,0.000000,0.000000,0.000000,0.000000,0.000000,0.000000,0.000000,0.000000,0.000000,0.000000,0.000000,0.000000,0.000000,0.000000,0.000000,0.000000,0.000000,0.000000,0.000000,0.000000,0.000000,0.000000,0.000000,0.000000,0.000000,0.000000,0.000000,0.000000,0.000000,0.000000,0.000000,0.000000,0.000000,
0.000000,0.000000,0.000000,0.000000,0.000000,0.000000,0.000000,0.000000,0.000000,0.000000,0.000000,0.000000,0.000000,0.000000,0.000000,0.000000,0.000000,0.000000,0.000000,0.000000,0.000000,0.000000,0.000000,0.000000,0.000000,0.000000,0.000000,0.000000,0.000000,0.000000,0.000000,0.000000,0.000000,0.000000,0.000000,0.000000,0.000000,0.000000,0.000000,0.000000,
0.000000,0.000000,0.000000,0.000000,0.000000,0.000000,0.000000,0.000000,0.000000,0.000000,0.000000,0.000000,0.000000,0.000000,0.000000,0.000000,0.000000,0.000000,0.000000,0.000000,0.000000,0.000000,0.000000,0.000000,0.000000,0.000000,0.000000,0.000000,0.000000,0.000000,0.000000,0.000000,0.000000,0.000000,0.000000,0.000000,0.000000,0.000000,0.000000,0.000000,
0.000000,0.000000,0.000000,0.000000,0.000000,0.000000,0.000000,0.000000,0.000000,0.000000,0.000000,0.000000,0.000000,0.000000,0.000000,0.000000,0.000000,0.000000,0.000000,0.000000,0.000000,0.000000,0.000000,0.000000,0.000000,0.000000,0.000000,0.000000,0.000000,0.000000,0.000000,0.000000,0.000000,0.000000,0.000000,0.000000,0.000000,0.000000,0.000000,0.000000,
0.000000,0.000000,0.000000,0.000000,0.000000,0.000000,0.000000,0.000000,0.000000,0.000000,0.000000,0.000000,0.000000,0.000000,0.000000,0.000000,0.000000,0.000000,0.000000,0.000000,0.000000,0.000000,0.000000,0.000000,0.000000,0.000000,0.000000,0.000000,0.000000,0.000000,0.000000,0.000000,0.000000,0.000000,0.000000,0.000000,0.000000,0.000000,0.000000,0.000000,
0.000000,0.000000,0.000000,0.000000,0.000000,0.000000,0.000000,0.000000,0.000000,0.000000,0.000000,0.000000,0.000000,0.000000,0.000000,0.000000,0.000000,0.000000,0.000000,0.000000,0.000000,0.000000,0.000000,0.000000,0.000000,0.000000,0.000000,0.000000,0.000000,0.000000,0.000000,0.000000,0.000000,0.000000,0.000000,0.000000,0.000000,0.000000,0.000000,0.000000,
0.000000,1.753000,2.463000,2.216000,2.212000,2.180000,2.148000,2.116000,2.121000,2.139000,2.158000,2.158000,2.158000,2.158000,2.141000,2.130000,2.118000,2.116000,2.086000,2.051000,2.025000,2.013000,2.003000,1.352000,1.597000,1.959000,1.930000,1.925000,1.912000,1.334000,1.473000,1.856000,1.835000,1.834000,1.828000,1.813000,1.781000,1.773000,0.000000,0.000000,
0.000000,2.692000,2.463000,2.216000,2.185000,2.160000,2.146000,2.123000,2.128000,2.142000,2.151000,2.158000,2.158000,2.152000,2.134000,2.123000,2.117000,2.123000,2.099000,2.060000,2.039000,2.013000,2.003000,1.987000,1.972000,1.956000,1.930000,1.919000,1.915000,1.907000,1.881000,1.854000,1.843000,1.841000,1.830000,1.807000,1.781000,1.773000,0.000000,0.000000,
0.000000,2.683000,2.451000,2.192000,2.171000,2.152000,2.128000,2.119000,2.135000,2.144000,2.144000,2.158000,2.158000,2.145000,2.127000,2.116000,2.116000,2.114000,2.085000,2.065000,2.038000,2.018000,2.003000,1.987000,1.972000,1.956000,1.930000,1.919000,1.911000,1.899000,1.872000,1.851000,1.843000,1.841000,1.833000,1.807000,1.774000,1.766000,0.000000,0.000000,
0.000000,2.675000,2.423000,2.185000,2.168000,2.138000,2.119000,2.117000,2.135000,2.144000,2.144000,2.157000,2.157000,2.158000,2.131000,2.121000,2.113000,2.108000,2.075000,2.062000,2.036000,2.020000,1.994000,1.975000,1.965000,1.956000,1.930000,1.914000,1.906000,1.887000,1.879000,1.851000,1.842000,1.833000,1.831000,1.806000,1.762000,1.754000,0.000000,0.000000,
0.000000,2.607000,2.194000,2.175000,2.156000,2.129000,2.116000,2.117000,2.135000,2.144000,2.144000,2.144000,2.149000,2.158000,2.145000,2.107000,2.089000,2.082000,2.069000,2.052000,2.037000,2.024000,1.998000,1.975000,1.960000,1.955000,1.929000,1.905000,1.895000,1.882000,1.871000,1.847000,1.834000,1.826000,1.812000,1.792000,1.765000,1.754000,0.000000,0.000000,
0.000000,2.289000,2.178000,2.165000,2.145000,2.118000,2.116000,2.116000,2.128000,2.144000,2.144000,2.144000,2.144000,2.148000,2.143000,2.118000,2.091000,2.076000,2.069000,2.052000,2.036000,2.020000,1.996000,1.974000,1.953000,1.947000,1.922000,1.901000,1.887000,1.868000,1.859000,1.835000,1.826000,1.805000,1.796000,1.779000,1.770000,1.754000,0.000000,0.000000,
0.000000,2.158000,2.165000,2.150000,2.141000,2.116000,2.116000,2.116000,2.126000,2.135000,2.130000,2.134000,2.144000,2.143000,2.136000,2.108000,2.079000,2.063000,2.063000,2.062000,2.021000,1.994000,1.987000,1.974000,1.959000,1.944000,1.919000,1.908000,1.878000,1.855000,1.840000,1.833000,1.824000,1.801000,1.793000,1.775000,1.760000,1.745000,0.000000,0.000000,
0.000000,2.173000,2.175000,2.151000,2.141000,2.116000,2.116000,2.116000,2.124000,2.133000,2.130000,2.134000,2.144000,2.131000,2.121000,2.084000,2.065000,2.063000,2.056000,2.043000,2.010000,1.986000,1.969000,1.952000,1.941000,1.938000,1.926000,1.908000,1.865000,1.854000,1.843000,1.837000,1.821000,1.796000,1.782000,1.766000,1.748000,1.732000,0.000000,0.000000,
0.000000,2.199000,2.189000,2.160000,2.141000,2.116000,2.116000,2.116000,2.121000,2.130000,2.130000,2.134000,2.138000,2.130000,2.117000,2.076000,2.065000,2.061000,2.048000,2.014000,1.994000,1.978000,1.968000,1.952000,1.938000,1.926000,1.903000,1.893000,1.874000,1.861000,1.848000,1.837000,1.815000,1.788000,1.773000,1.770000,1.736000,1.720000,0.000000,0.000000,
0.000000,2.211000,2.179000,2.172000,2.143000,2.124000,2.116000,2.117000,2.130000,2.130000,2.130000,2.134000,2.135000,2.130000,2.113000,2.088000,2.065000,2.048000,2.032000,2.004000,1.986000,1.976000,1.968000,1.952000,1.932000,1.903000,1.875000,1.879000,1.872000,1.854000,1.840000,1.827000,1.814000,1.788000,1.773000,1.765000,1.733000,1.717000,0.000000,0.000000,
0.000000,2.193000,2.170000,2.157000,2.124000,2.112000,2.115000,2.117000,2.130000,2.130000,2.130000,2.130000,2.130000,2.130000,2.112000,2.084000,2.061000,2.045000,2.031000,2.008000,1.997000,1.978000,1.968000,1.959000,1.930000,1.903000,1.878000,1.875000,1.866000,1.841000,1.833000,1.827000,1.811000,1.770000,1.761000,1.753000,1.733000,1.717000,0.000000,0.000000,
0.000000,2.176000,2.165000,2.147000,2.115000,2.103000,2.113000,2.116000,2.124000,2.130000,2.130000,2.130000,2.130000,2.130000,2.116000,2.070000,2.051000,2.036000,2.027000,2.015000,1.998000,1.983000,1.962000,1.951000,1.926000,1.903000,1.886000,1.879000,1.861000,1.834000,1.833000,1.823000,1.799000,1.764000,1.754000,1.742000,1.733000,1.717000,0.000000,0.000000,
0.000000,2.172000,2.165000,2.137000,2.115000,2.103000,2.104000,2.104000,2.121000,2.130000,2.130000,2.130000,2.130000,2.130000,2.120000,2.067000,2.050000,2.035000,2.025000,2.024000,1.998000,1.983000,1.958000,1.951000,1.926000,1.910000,1.895000,1.882000,1.861000,1.834000,1.830000,1.812000,1.794000,1.762000,1.754000,1.739000,1.734000,1.725000,0.000000,0.000000,
0.000000,2.172000,2.165000,2.136000,2.115000,2.103000,2.103000,2.103000,2.113000,2.130000,2.130000,2.130000,2.130000,2.130000,2.117000,2.076000,2.063000,2.050000,2.038000,2.005000,1.987000,1.978000,1.965000,1.948000,1.926000,1.910000,1.896000,1.882000,1.861000,1.846000,1.830000,1.806000,1.785000,1.763000,1.754000,1.746000,1.662000,1.295000,0.000000,0.000000,
0.000000,2.171000,2.158000,2.128000,2.108000,2.103000,2.103000,2.103000,2.113000,2.130000,2.130000,2.130000,2.130000,2.130000,2.109000,2.082000,2.065000,2.058000,2.017000,1.961000,1.955000,1.965000,1.956000,1.940000,1.921000,1.902000,1.890000,1.884000,1.867000,1.854000,1.817000,1.800000,1.789000,1.773000,1.751000,1.746000,1.447000,0.000000,0.000000,0.000000,
0.000000,2.170000,2.151000,2.122000,2.103000,2.103000,2.103000,2.103000,2.113000,2.130000,2.130000,2.130000,2.130000,2.130000,2.115000,2.086000,2.053000,2.038000,1.995000,1.964000,1.964000,1.965000,1.956000,1.940000,1.917000,1.896000,1.886000,1.883000,1.868000,1.854000,1.817000,1.797000,1.793000,1.776000,1.749000,1.745000,1.687000,1.480000,0.000000,0.000000,
0.000000,2.170000,2.151000,2.122000,2.103000,2.103000,2.103000,2.103000,2.113000,2.130000,2.130000,2.130000,2.130000,2.130000,0.000000,1.144000,2.041000,2.025000,2.006000,1.978000,1.965000,1.960000,1.944000,1.930000,1.930000,1.906000,1.886000,1.879000,1.857000,1.843000,1.817000,1.797000,1.793000,1.779000,1.759000,1.754000,1.720000,1.691000,0.000000,0.000000,
0.000000,0.000000,0.000000,0.000000,0.000000,0.000000,0.000000,0.000000,0.000000,0.000000,0.000000,0.000000,0.000000,0.000000,0.000000,0.000000,0.000000,0.000000,0.000000,0.000000,0.000000,0.000000,0.000000,0.000000,0.000000,0.000000,0.000000,0.000000,0.000000,0.000000,0.000000,0.000000,0.000000,0.000000,0.000000,0.000000,0.000000,0.000000,0.000000,0.000000,
0.000000,0.000000,0.000000,0.000000,0.000000,0.000000,0.000000,0.000000,0.000000,0.000000,0.000000,0.000000,0.000000,0.000000,0.000000,0.000000,0.000000,0.000000,0.000000,0.000000,0.000000,0.000000,0.000000,0.000000,0.000000,0.000000,0.000000,0.000000,0.000000,0.000000,0.000000,0.000000,0.000000,0.000000,0.000000,0.000000,0.000000,0.000000,0.000000,0.000000,
0.000000,0.000000,0.000000,0.000000,0.000000,0.000000,0.000000,0.000000,0.000000,0.000000,0.000000,0.000000,0.000000,0.000000,0.000000,0.000000,0.000000,0.000000,0.000000,0.000000,0.000000,0.000000,0.000000,0.000000,0.000000,0.000000,0.000000,0.000000,0.000000,0.000000,0.000000,0.000000,0.000000,0.000000,0.000000,0.000000,0.000000,0.000000,0.000000,0.000000,
0.000000,0.000000,0.000000,0.000000,0.000000,0.000000,0.000000,0.000000,0.000000,0.000000,0.000000,0.000000,0.000000,0.000000,0.000000,0.000000,0.000000,0.000000,0.000000,0.000000,0.000000,0.000000,0.000000,0.000000,0.000000,0.000000,0.000000,0.000000,0.000000,0.000000,0.000000,0.000000,0.000000,0.000000,0.000000,0.000000,0.000000,0.000000,0.000000,0.000000,
0.000000,0.000000,0.000000,0.000000,0.000000,0.000000,0.000000,0.000000,0.000000,0.000000,0.000000,0.000000,0.000000,0.000000,0.000000,0.000000,0.000000,0.000000,0.000000,0.000000,0.000000,0.000000,0.000000,0.000000,0.000000,0.000000,0.000000,0.000000,0.000000,0.000000,0.000000,0.000000,0.000000,0.000000,0.000000,0.000000,0.000000,0.000000,0.000000,0.000000,
0.000000,0.000000,0.000000,0.000000,0.000000,0.000000,0.000000,0.000000,0.000000,0.000000,0.000000,0.000000,0.000000,0.000000,0.000000,0.000000,0.000000,0.000000,0.000000,0.000000,0.000000,0.000000,0.000000,0.000000,0.000000,0.000000,0.000000,0.000000,0.000000,0.000000,0.000000,0.000000,0.000000,0.000000,0.000000,0.000000,0.000000,0.000000,0.000000,0.000000,
0.000000,0.000000,0.000000,0.000000,0.000000,0.000000,0.000000,0.000000,0.000000,0.000000,0.000000,0.000000,0.000000,0.000000,0.000000,0.000000,0.000000,0.000000,0.000000,0.000000,0.000000,0.000000,0.000000,0.000000,0.000000,0.000000,0.000000,0.000000,0.000000,0.000000,0.000000,0.000000,0.000000,0.000000,0.000000,0.000000,0.000000,0.000000,0.000000,0.000000,
0.000000,0.000000,0.000000,0.000000,0.000000,0.000000,0.000000,0.000000,0.000000,0.000000,0.000000,0.000000,0.000000,0.000000,0.000000,0.000000,0.000000,0.000000,0.000000,0.000000,0.000000,0.000000,0.000000,0.000000,0.000000,0.000000,0.000000,0.000000,0.000000,0.000000,0.000000,0.000000,0.000000,0.000000,0.000000,0.000000,0.000000,0.000000,0.000000,0.000000,
0.000000,0.000000,0.000000,0.000000,0.000000,0.000000,0.000000,0.000000,0.000000,0.000000,0.000000,0.000000,0.000000,0.000000,0.000000,0.000000,0.000000,0.000000,0.000000,0.000000,0.000000,0.000000,0.000000,0.000000,0.000000,0.000000,0.000000,0.000000,0.000000,0.000000,0.000000,0.000000,0.000000,0.000000,0.000000,0.000000,0.000000,0.000000,0.000000,0.000000,
0.000000,0.000000,0.000000,0.000000,0.000000,0.000000,0.000000,0.000000,0.000000,0.000000,0.000000,0.000000,0.000000,0.000000,0.000000,0.000000,0.000000,0.000000,0.000000,0.000000,0.000000,0.000000,0.000000,0.000000,0.000000,0.000000,0.000000,0.000000,0.000000,0.000000,0.000000,0.000000,0.000000,0.000000,0.000000,0.000000,0.000000,0.000000,0.000000,0.000000,
0.000000,0.000000,0.000000,0.000000,0.000000,0.000000,0.000000,0.000000,0.000000,0.000000,0.000000,0.000000,0.000000,0.000000,0.000000,0.000000,0.000000,0.000000,0.000000,0.000000,0.000000,0.000000,0.000000,0.000000,0.000000,0.000000,0.000000,0.000000,0.000000,0.000000,0.000000,0.000000,0.000000,0.000000,0.000000,0.000000,0.000000,0.000000,0.000000,0.000000,
0.000000,0.000000,0.000000,0.000000,0.000000,0.000000,0.000000,0.000000,0.000000,0.000000,0.000000,0.000000,0.000000,0.000000,0.000000,0.000000,0.000000,0.000000,0.000000,0.000000,0.000000,0.000000,0.000000,0.000000,0.000000,0.000000,0.000000,0.000000,0.000000,0.000000,0.000000,0.000000,0.000000,0.000000,0.000000,0.000000,0.000000,0.000000,0.000000,0.000000,
