40 40
0.000000 0.000000 0.000000 0.000000 0.000000 0.000000 0.000000 0.000000 0.000000 0.000000 0.000000 0.000000 0.000000 0.000000 0.000000 0.000000 0.000000 0.000000 0.000000 0.000000 0.000000 0.000000 0.000000 0.000000 0.000000 0.000000 0.000000 0.000000 0.000000 0.000000 0.000000 0.000000 0.000000 0.000000 0.000000 0.000000 0.000000 0.000000 0.000000 0.000000 
0.000000 0.000000 0.000000 0.000000 0.000000 0.000000 0.000000 0.000000 0.000000 0.000000 0.000000 0.000000 0.000000 0.000000 0.000000 0.000000 0.000000 0.000000 0.000000 0.000000 0.000000 0.000000 0.000000 0.000000 0.000000 0.000000 0.000000 0.000000 0.000000 0.000000 0.000000 0.000000 0.000000 0.000000 0.000000 0.000000 0.000000 0.000000 0.000000 0.000000 
0.000000 0.000000 0.000000 0.000000 0.000000 0.000000 0.000000 0.000000 0.000000 0.000000 0.000000 0.000000 0.000000 0.000000 0.000000 0.000000 0.000000 0.000000 0.000000 0.000000 0.000000 0.000000 0.000000 0.000000 0.000000 0.000000 0.000000 0.000000 0.000000 0.000000 0.000000 0.000000 0.000000 0.000000 0.000000 0.000000 0.000000 0.000000 0.000000 0.000000 
0.000000 0.000000 0.000000 0.000000 0.000000 0.000000 0.000000 0.000000 0.000000 0.000000 0.000000 0.000000 0.000000 0.000000 0.000000 0.000000 0.000000 0.000000 0.000000 0.000000 0.000000 0.000000 0.000000 0.000000 0.000000 0.000000 0.000000 0.000000 0.000000 0.000000 0.000000 0.000000 0.000000 0.000000 0.000000 0.000000 0.000000 0.000000 0.000000 0.000000 
0.000000 0.000000 0.000000 0.000000 0.000000 0.000000 0.000000 0.000000 0.000000 0.000000 0.000000 0.000000 0.000000 0.000000 0.000000 0.000000 0.000000 0.000000 0.000000 0.000000 0.000000 0.000000 0.000000 0.000000 0.000000 0.000000 0.000000 0.000000 0.000000 0.000000 0.000000 0.000000 0.000000 0.000000 0.000000 0.000000 0.000000 0.000000 0.000000 0.000000 
0.000000 0.000000 0.000000 0.000000 0.000000 0.000000 0.000000 0.000000 0.000000 0.000000 0.000000 0.000000 0.000000 0.000000 0.000000 0.000000 0.000000 0.000000 0.000000 0.000000 0.000000 0.000000 0.000000 0.000000 0.000000 0.000000 0.000000 0.000000 0.000000 0.000000 0.000000 0.000000 0.000000 0.000000 0.000000 0.000000 0.000000 0.000000 0.000000 0.000000 
0.000000 0.000000 0.000000 0.000000 0.000000 0.000000 0.000000 0.000000 0.000000 0.000000 0.000000 0.000000 0.000000 0.000000 0.000000 0.000000 0.000000 0.000000 0.000000 0.000000 0.000000 0.000000 0.000000 0.000000 0.000000 0.000000 0.000000 0.000000 0.000000 0.000000 0.000000 0.000000 0.000000 0.000000 0.000000 0.000000 0.000000 0.000000 0.000000 0.000000 
0.000000 0.000000 0.000000 0.000000 0.000000 0.000000 0.000000 0.000000 0.000000 0.000000 0.000000 0.000000 0.000000 0.000000 0.000000 0.000000 0.000000 0.000000 0.000000 0.000000 0.000000 0.000000 0.000000 0.000000 0.000000 0.000000 0.000000 0.000000 0.000000 0.000000 0.000000 0.000000 0.000000 0.000000 0.000000 0.000000 0.000000 0.000000 0.000000 0.000000 
0.000000 0.000000 0.000000 0.000000 0.000000 0.000000 0.000000 0.000000 0.000000 0.000000 0.000000 0.000000 0.000000 0.000000 0.000000 0.000000 0.000000 0.000000 0.000000 0.000000 0.000000 0.000000 0.000000 0.000000 0.000000 0.000000 0.000000 0.000000 0.000000 0.000000 0.000000 0.000000 0.000000 0.000000 0.000000 0.000000 0.000000 0.000000 0.000000 0.000000 
0.000000 0.000000 0.000000 0.000000 0.000000 0.000000 0.000000 0.000000 0.000000 0.000000 0.000000 0.000000 0.000000 0.000000 0.000000 0.000000 0.000000 0.000000 0.000000 0.000000 0.000000 0.000000 0.000000 0.000000 0.000000 0.000000 0.000000 0.000000 0.000000 0.000000 0.000000 0.000000 0.000000 0.000000 0.000000 0.000000 0.000000 0.000000 0.000000 0.000000 
0.000000 0.000000 0.000000 0.000000 0.000000 0.000000 0.000000 0.000000 0.000000 0.000000 0.000000 0.000000 0.000000 0.000000 0.000000 0.000000 0.000000 0.000000 0.000000 0.000000 0.000000 0.000000 0.000000 0.000000 0.000000 0.000000 0.000000 0.000000 0.000000 0.000000 0.000000 0.000000 0.000000 0.000000 0.000000 0.000000 0.000000 0.000000 0.000000 0.000000 
0.000000 0.000000 0.000000 0.000000 0.000000 0.000000 0.000000 0.000000 0.000000 0.000000 0.000000 0.000000 0.000000 0.000000 0.000000 0.000000 0.000000 0.000000 0.000000 0.000000 0.000000 0.000000 0.000000 0.000000 0.000000 0.000000 0.000000 0.000000 0.000000 0.000000 0.000000 0.000000 0.000000 0.000000 0.000000 0.000000 0.000000 0.000000 0.000000 0.000000 
0.000000 0.000000 0.000000 0.000000 0.000000 0.000000 0.000000 0.000000 0.000000 0.000000 0.000000 0.000000 0.000000 0.000000 0.000000 0.000000 0.000000 0.000000 0.000000 0.000000 0.000000 0.000000 0.000000 0.000000 0.000000 0.000000 0.000000 0.000000 0.000000 0.000000 0.000000 0.000000 0.000000 0.000000 0.000000 0.000000 0.000000 0.000000 0.000000 0.000000 
2.173000 2.213000 2.214000 2.199000 2.119000 2.069000 2.069000 2.069000 2.069000 2.100000 2.139000 2.141000 2.141000 2.141000 2.127000 2.087000 2.048000 2.010000 2.000000 2.000000 1.965000 1.932000 1.932000 1.932000 1.932000 1.951000 1.989000 2.027000 2.065000 2.069000 2.065000 2.027000 2.000000 2.000000 1.947000 1.837000 1.734000 1.633000 1.621000 1.621000 
2.149000 2.189000 2.190000 2.178000 2.111000 2.069000 2.069000 2.069000 2.069000 2.089000 2.116000 2.117000 2.117000 2.117000 2.108000 2.081000 2.048000 2.010000 2.000000 2.000000 1.965000 1.932000 1.932000 1.932000 1.932000 1.951000 1.989000 2.027000 2.065000 2.069000 2.065000 2.027000 2.000000 2.000000 1.947000 1.837000 1.734000 1.633000 1.621000 1.623000 
2.109000 2.149000 2.149000 2.141000 2.097000 2.069000 2.069000 2.069000 2.069000 2.073000 2.077000 2.077000 2.077000 2.077000 2.076000 2.071000 2.048000 2.010000 2.000000 2.000000 1.965000 1.932000 1.932000 1.932000 1.932000 1.951000 1.989000 2.027000 2.065000 2.069000 2.065000 2.027000 2.000000 2.000000 1.947000 1.837000 1.734000 1.633000 1.621000 1.628000 
2.101000 2.140000 2.141000 2.134000 2.094000 2.069000 2.069000 2.069000 2.069000 2.069000 2.069000 2.069000 2.069000 2.069000 2.069000 2.069000 2.057000 2.036000 2.030000 2.030000 1.995000 1.962000 1.962000 1.962000 1.962000 1.973000 1.994000 2.027000 2.065000 2.069000 2.065000 2.027000 2.000000 2.000000 1.962000 1.884000 1.810000 1.737000 1.715000 1.705000 
2.101000 2.140000 2.141000 2.134000 2.094000 2.069000 2.069000 2.069000 2.069000 2.069000 2.069000 2.069000 2.069000 2.069000 2.069000 2.069000 2.069000 2.069000 2.068000 2.068000 2.033000 1.999000 1.999000 1.999000 1.999000 2.000000 2.000000 2.027000 2.065000 2.069000 2.065000 2.027000 2.000000 2.000000 1.981000 1.943000 1.906000 1.869000 1.834000 1.802000 
2.123000 2.141000 2.141000 2.138000 2.120000 2.108000 2.108000 2.108000 2.108000 2.108000 2.108000 2.087000 2.069000 2.069000 2.069000 2.069000 2.069000 2.069000 2.069000 2.069000 2.033000 2.000000 2.000000 2.000000 2.000000 2.000000 2.000000 2.027000 2.065000 2.069000 2.067000 2.050000 2.032000 2.011000 1.992000 1.975000 1.958000 1.941000 1.907000 1.872000 
2.141000 2.141000 2.141000 2.141000 2.141000 2.139000 2.135000 2.134000 2.134000 2.134000 2.134000 2.099000 2.069000 2.069000 2.069000 2.069000 2.069000 2.069000 2.069000 2.069000 2.037000 2.007000 2.007000 2.006000 2.002000 2.000000 2.000000 2.024000 2.059000 2.066000 2.069000 2.069000 2.058000 2.019000 2.000000 2.000000 2.000000 2.000000 1.967000 1.930000 
2.141000 2.141000 2.141000 2.141000 2.141000 2.131000 2.105000 2.094000 2.094000 2.094000 2.094000 2.081000 2.069000 2.069000 2.069000 2.069000 2.069000 2.069000 2.069000 2.069000 2.057000 2.045000 2.045000 2.037000 2.012000 2.000000 2.000000 2.009000 2.023000 2.047000 2.069000 2.069000 2.058000 2.019000 2.000000 2.000000 2.000000 2.000000 1.967000 1.931000 
2.141000 2.141000 2.141000 2.141000 2.141000 2.126000 2.086000 2.069000 2.069000 2.069000 2.069000 2.069000 2.069000 2.069000 2.069000 2.069000 2.069000 2.069000 2.075000 2.083000 2.084000 2.082000 2.066000 2.045000 2.015000 1.996000 1.988000 1.986000 1.986000 2.028000 2.069000 2.069000 2.060000 2.030000 2.014000 2.014000 2.014000 2.014000 1.981000 1.946000 
2.141000 2.141000 2.141000 2.141000 2.141000 2.126000 2.086000 2.069000 2.069000 2.069000 2.069000 2.069000 2.069000 2.069000 2.069000 2.069000 2.069000 2.069000 2.091000 2.122000 2.124000 2.116000 2.057000 2.013000 2.004000 1.985000 1.956000 1.948000 1.948000 2.009000 2.069000 2.069000 2.066000 2.057000 2.053000 2.053000 2.053000 2.053000 2.019000 1.982000 
2.131000 2.118000 2.118000 2.118000 2.118000 2.108000 2.081000 2.069000 2.069000 2.069000 2.069000 2.069000 2.069000 2.069000 2.073000 2.086000 2.099000 2.111000 2.126000 2.140000 2.141000 2.131000 2.053000 2.000000 2.000000 1.981000 1.943000 1.932000 1.932000 2.001000 2.069000 2.069000 2.069000 2.069000 2.069000 2.069000 2.069000 2.069000 2.046000 2.020000 
2.114000 2.079000 2.078000 2.078000 2.078000 2.076000 2.071000 2.069000 2.069000 2.069000 2.069000 2.069000 2.069000 2.069000 2.081000 2.116000 2.151000 2.186000 2.173000 2.143000 2.141000 2.131000 2.053000 2.000000 2.000000 1.981000 1.943000 1.932000 1.932000 2.001000 2.069000 2.069000 2.069000 2.069000 2.069000 2.069000 2.069000 2.069000 2.065000 2.060000 
2.109000 2.070000 2.069000 2.069000 2.069000 2.069000 2.069000 2.069000 2.069000 2.069000 2.069000 2.069000 2.069000 2.069000 2.083000 2.123000 2.163000 2.203000 2.184000 2.144000 2.141000 2.131000 2.053000 2.000000 2.000000 1.981000 1.943000 1.932000 1.932000 2.001000 2.069000 2.069000 2.069000 2.069000 2.069000 2.069000 2.069000 2.069000 2.069000 2.069000 
0.000000 0.000000 0.000000 0.000000 0.000000 0.000000 0.000000 0.000000 0.000000 0.000000 0.000000 0.000000 0.000000 0.000000 0.000000 0.000000 0.000000 0.000000 0.000000 0.000000 0.000000 0.000000 0.000000 0.000000 0.000000 0.000000 0.000000 0.000000 0.000000 0.000000 0.000000 0.000000 0.000000 0.000000 0.000000 0.000000 0.000000 0.000000 0.000000 0.000000 
0.000000 0.000000 0.000000 0.000000 0.000000 0.000000 0.000000 0.000000 0.000000 0.000000 0.000000 0.000000 0.000000 0.000000 0.000000 0.000000 0.000000 0.000000 0.000000 0.000000 0.000000 0.000000 0.000000 0.000000 0.000000 0.000000 0.000000 0.000000 0.000000 0.000000 0.000000 0.000000 0.000000 0.000000 0.000000 0.000000 0.000000 0.000000 0.000000 0.000000 
0.000000 0.000000 0.000000 0.000000 0.000000 0.000000 0.000000 0.000000 0.000000 0.000000 0.000000 0.000000 0.000000 0.000000 0.000000 0.000000 0.000000 0.000000 0.000000 0.000000 0.000000 0.000000 0.000000 0.000000 0.000000 0.000000 0.000000 0.000000 0.000000 0.000000 0.000000 0.000000 0.000000 0.000000 0.000000 0.000000 0.000000 0.000000 0.000000 0.000000 
0.000000 0.000000 0.000000 0.000000 0.000000 0.000000 0.000000 0.000000 0.000000 0.000000 0.000000 0.000000 0.000000 0.000000 0.000000 0.000000 0.000000 0.000000 0.000000 0.000000 0.000000 0.000000 0.000000 0.000000 0.000000 0.000000 0.000000 0.000000 0.000000 0.000000 0.000000 0.000000 0.000000 0.000000 0.000000 0.000000 0.000000 0.000000 0.000000 0.000000 
0.000000 0.000000 0.000000 0.000000 0.000000 0.000000 0.000000 0.000000 0.000000 0.000000 0.000000 0.000000 0.000000 0.000000 0.000000 0.000000 0.000000 0.000000 0.000000 0.000000 0.000000 0.000000 0.000000 0.000000 0.000000 0.000000 0.000000 0.000000 0.000000 0.000000 0.000000 0.000000 0.000000 0.000000 0.000000 0.000000 0.000000 0.000000 0.000000 0.000000 
0.000000 0.000000 0.000000 0.000000 0.000000 0.000000 0.000000 0.000000 0.000000 0.000000 0.000000 0.000000 0.000000 0.000000 0.000000 0.000000 0.000000 0.000000 0.000000 0.000000 0.000000 0.000000 0.000000 0.000000 0.000000 0.000000 0.000000 0.000000 0.000000 0.000000 0.000000 0.000000 0.000000 0.000000 0.000000 0.000000 0.000000 0.000000 0.000000 0.000000 
0.000000 0.000000 0.000000 0.000000 0.000000 0.000000 0.000000 0.000000 0.000000 0.000000 0.000000 0.000000 0.000000 0.000000 0.000000 0.000000 0.000000 0.000000 0.000000 0.000000 0.000000 0.000000 0.000000 0.000000 0.000000 0.000000 0.000000 0.000000 0.000000 0.000000 0.000000 0.000000 0.000000 0.000000 0.000000 0.000000 0.000000 0.000000 0.000000 0.000000 
0.000000 0.000000 0.000000 0.000000 0.000000 0.000000 0.000000 0.000000 0.000000 0.000000 0.000000 0.000000 0.000000 0.000000 0.000000 0.000000 0.000000 0.000000 0.000000 0.000000 0.000000 0.000000 0.000000 0.000000 0.000000 0.000000 0.000000 0.000000 0.000000 0.000000 0.000000 0.000000 0.000000 0.000000 0.000000 0.000000 0.000000 0.000000 0.000000 0.000000 
0.000000 0.000000 0.000000 0.000000 0.000000 0.000000 0.000000 0.000000 0.000000 0.000000 0.000000 0.000000 0.000000 0.000000 0.000000 0.000000 0.000000 0.000000 0.000000 0.000000 0.000000 0.000000 0.000000 0.000000 0.000000 0.000000 0.000000 0.000000 0.000000 0.000000 0.000000 0.000000 0.000000 0.000000 0.000000 0.000000 0.000000 0.000000 0.000000 0.000000 
0.000000 0.000000 0.000000 0.000000 0.000000 0.000000 0.000000 0.000000 0.000000 0.000000 0.000000 0.000000 0.000000 0.000000 0.000000 0.000000 0.000000 0.000000 0.000000 0.000000 0.000000 0.000000 0.000000 0.000000 0.000000 0.000000 0.000000 0.000000 0.000000 0.000000 0.000000 0.000000 0.000000 0.000000 0.000000 0.000000 0.000000 0.000000 0.000000 0.000000 
0.000000 0.000000 0.000000 0.000000 0.000000 0.000000 0.000000 0.000000 0.000000 0.000000 0.000000 0.000000 0.000000 0.000000 0.000000 0.000000 0.000000 0.000000 0.000000 0.000000 0.000000 0.000000 0.000000 0.000000 0.000000 0.000000 0.000000 0.000000 0.000000 0.000000 0.000000 0.000000 0.000000 0.000000 0.000000 0.000000 0.000000 0.000000 0.000000 0.000000 
0.000000 0.000000 0.000000 0.000000 0.000000 0.000000 0.000000 0.000000 0.000000 0.000000 0.000000 0.000000 0.000000 0.000000 0.000000 0.000000 0.000000 0.000000 0.000000 0.000000 0.000000 0.000000 0.000000 0.000000 0.000000 0.000000 0.000000 0.000000 0.000000 0.000000 0.000000 0.000000 0.000000 0.000000 0.000000 0.000000 0.000000 0.000000 0.000000 0.000000 
0.000000 0.000000 0.000000 0.000000 0.000000 0.000000 0.000000 0.000000 0.000000 0.000000 0.000000 0.000000 0.000000 0.000000 0.000000 0.000000 0.000000 0.000000 0.000000 0.000000 0.000000 0.000000 0.000000 0.000000 0.000000 0.000000 0.000000 0.000000 0.000000 0.000000 0.000000 0.000000 0.000000 0.000000 0.000000 0.000000 0.000000 0.000000 0.000000 0.000000 
0.000000 0.000000 0.000000 0.000000 0.000000 0.000000 0.000000 0.000000 0.000000 0.000000 0.000000 0.000000 0.000000 0.000000 0.000000 0.000000 0.000000 0.000000 0.000000 0.000000 0.000000 0.000000 0.000000 0.000000 0.000000 0.000000 0.000000 0.000000 0.000000 0.000000 0.000000 0.000000 0.000000 0.000000 0.000000 0.000000 0.000000 0.000000 0.000000 0.000000 
