0.000000,0.000000,0.000000,0.000000,0.000000,0.000000,0.000000,0.000000,0.000000,0.000000,0.000000,0.000000,0.000000,0.000000,0.000000,2.193000,2.193000,2.193000,2.191000,2.127000,2.062000,2.000000,2.000000,2.000000,2.000000,2.000000,2.000000,2.000000,2.000000,0.000000,0.000000,0.000000,0.000000,0.000000,0.000000,0.000000,0.000000,0.000000,0.000000,0.000000,
0.000000,0.000000,0.000000,0.000000,0.000000,0.000000,0.000000,0.000000,0.000000,0.000000,0.000000,0.000000,0.000000,0.000000,0.000000,2.193000,2.193000,2.193000,2.191000,2.127000,2.062000,2.000000,2.000000,2.000000,2.000000,2.000000,2.000000,2.000000,2.000000,0.000000,0.000000,0.000000,0.000000,0.000000,0.000000,0.000000,0.000000,0.000000,0.000000,0.000000,
0.000000,0.000000,0.000000,0.000000,0.000000,0.000000,0.000000,0.000000,0.000000,0.000000,0.000000,0.000000,0.000000,0.000000,0.000000,2.193000,2.193000,2.193000,2.191000,2.127000,2.062000,2.000000,2.000000,2.000000,2.000000,2.000000,2.000000,2.000000,2.000000,0.000000,0.000000,0.000000,0.000000,0.000000,0.000000,0.000000,0.000000,0.000000,0.000000,0.000000,
0.000000,0.000000,0.000000,0.000000,0.000000,0.000000,0.000000,0.000000,0.000000,0.000000,0.000000,0.000000,0.000000,0.000000,1.302000,2.193000,2.193000,2.193000,2.191000,2.127000,2.062000,2.000000,2.000000,2.000000,2.000000,2.000000,2.000000,2.000000,2.000000,0.000000,0.000000,0.000000,0.000000,0.000000,0.000000,0.000000,0.000000,0.000000,0.000000,0.000000,
0.000000,0.000000,0.000000,0.000000,0.000000,0.000000,0.000000,0.000000,0.000000,0.000000,0.000000,2.193000,2.193000,2.193000,2.193000,2.193000,2.193000,2.193000,2.191000,2.127000,2.063000,2.001000,2.001000,2.001000,2.001000,2.001000,2.001000,2.001000,2.001000,0.000000,0.000000,0.000000,0.000000,0.000000,0.000000,0.000000,0.000000,0.000000,0.000000,0.000000,
0.000000,0.000000,0.000000,0.000000,0.000000,0.000000,0.000000,0.000000,0.000000,0.000000,0.000000,2.193000,2.193000,2.193000,2.193000,2.193000,2.193000,2.193000,2.192000,2.149000,2.107000,2.066000,2.066000,2.066000,2.066000,2.066000,2.066000,2.066000,2.066000,0.000000,0.000000,0.000000,0.000000,0.000000,0.000000,0.000000,0.000000,0.000000,0.000000,0.000000,
0.000000,0.000000,0.000000,0.000000,0.000000,0.000000,0.000000,0.000000,0.000000,0.000000,0.000000,2.193000,2.193000,2.193000,2.193000,2.193000,2.193000,2.193000,2.192000,2.171000,2.150000,2.130000,2.130000,2.130000,2.130000,2.130000,2.130000,2.130000,2.130000,0.000000,0.000000,0.000000,0.000000,0.000000,0.000000,0.000000,0.000000,0.000000,0.000000,0.000000,
0.000000,0.000000,0.000000,0.000000,0.000000,0.000000,0.000000,0.000000,0.000000,0.000000,0.000000,2.193000,2.193000,2.193000,2.193000,2.193000,2.193000,2.193000,2.193000,2.193000,2.193000,2.193000,2.193000,2.193000,2.193000,2.193000,2.193000,2.193000,2.193000,0.000000,0.000000,0.000000,0.000000,0.000000,0.000000,0.000000,0.000000,0.000000,0.000000,0.000000,
0.000000,0.000000,0.000000,0.000000,0.000000,0.000000,0.000000,0.000000,0.000000,0.000000,0.000000,2.193000,2.193000,2.193000,2.193000,2.193000,2.193000,2.193000,2.193000,2.193000,2.193000,2.193000,2.193000,2.193000,2.193000,2.193000,2.193000,2.193000,2.193000,0.000000,0.000000,0.000000,0.000000,0.000000,0.000000,0.000000,0.000000,0.000000,0.000000,0.000000,
0.000000,0.000000,0.000000,0.000000,0.000000,0.000000,0.000000,0.000000,0.000000,0.000000,0.000000,2.193000,2.193000,2.193000,2.193000,2.193000,2.193000,2.193000,2.193000,2.193000,2.193000,2.193000,2.193000,2.193000,2.193000,2.193000,2.193000,2.193000,2.193000,0.000000,0.000000,0.000000,0.000000,0.000000,0.000000,0.000000,0.000000,0.000000,0.000000,0.000000,
0.000000,0.000000,0.000000,0.000000,0.000000,0.000000,0.000000,0.000000,0.000000,0.000000,0.000000,2.193000,2.193000,2.193000,2.193000,2.193000,2.193000,2.193000,2.193000,2.193000,2.193000,2.193000,2.193000,2.193000,2.193000,2.193000,2.193000,2.193000,2.193000,0.000000,0.000000,0.000000,0.000000,0.000000,0.000000,0.000000,0.000000,0.000000,0.000000,0.000000,
0.000000,0.000000,0.000000,0.000000,0.000000,0.000000,0.000000,0.000000,0.000000,0.000000,0.000000,2.193000,2.193000,2.193000,2.193000,2.193000,2.193000,2.193000,2.193000,2.193000,2.193000,2.193000,2.193000,2.193000,2.193000,2.193000,2.193000,2.193000,2.193000,0.000000,0.000000,0.000000,0.000000,0.000000,0.000000,0.000000,0.000000,0.000000,0.000000,0.000000,
0.000000,0.000000,0.000000,0.000000,0.000000,0.000000,0.000000,0.000000,0.000000,0.000000,0.000000,2.193000,2.193000,2.193000,2.193000,2.193000,2.193000,2.193000,2.193000,2.193000,2.193000,2.193000,2.193000,2.193000,2.193000,2.193000,2.193000,2.193000,2.193000,0.000000,0.000000,0.000000,0.000000,0.000000,0.000000,0.000000,0.000000,0.000000,0.000000,0.000000,
0.000000,0.000000,0.000000,0.000000,0.000000,0.000000,0.000000,0.000000,0.000000,0.000000,0.000000,2.193000,2.193000,2.193000,2.193000,2.193000,2.193000,2.193000,2.193000,2.192000,2.191000,2.190000,2.190000,2.190000,2.190000,2.190000,2.190000,2.190000,2.190000,0.000000,0.000000,0.000000,0.000000,0.000000,0.000000,0.000000,0.000000,0.000000,0.000000,0.000000,
0.000000,0.000000,0.000000,0.000000,0.000000,0.000000,0.000000,0.000000,0.000000,0.000000,0.000000,2.193000,2.193000,2.193000,2.193000,2.193000,2.193000,2.193000,2.192000,2.170000,2.147000,2.126000,2.126000,2.126000,2.126000,2.126000,2.126000,2.126000,2.126000,0.000000,0.000000,0.000000,0.000000,0.000000,0.000000,0.000000,0.000000,0.000000,0.000000,0.000000,
0.000000,0.000000,0.000000,0.000000,0.000000,0.000000,0.000000,0.000000,0.000000,0.000000,0.000000,2.193000,2.193000,2.193000,2.193000,2.193000,2.193000,2.193000,2.192000,2.148000,2.104000,2.061000,2.061000,2.061000,2.061000,2.061000,2.061000,2.061000,2.061000,0.000000,0.000000,0.000000,0.000000,0.000000,0.000000,0.000000,0.000000,0.000000,0.000000,0.000000,
0.000000,0.000000,0.000000,0.000000,0.000000,0.000000,0.000000,0.000000,0.000000,0.000000,0.000000,2.193000,2.193000,2.193000,2.193000,2.193000,2.193000,2.193000,2.191000,2.127000,2.062000,2.000000,2.000000,2.000000,2.000000,2.000000,2.000000,2.000000,2.000000,0.000000,0.000000,0.000000,0.000000,0.000000,0.000000,0.000000,0.000000,0.000000,0.000000,0.000000,
0.000000,0.000000,0.000000,0.000000,0.000000,0.000000,0.000000,0.000000,0.000000,0.000000,0.000000,2.193000,2.193000,2.193000,2.193000,2.193000,2.193000,2.193000,2.191000,2.127000,2.062000,2.000000,2.000000,2.000000,2.000000,2.000000,2.000000,2.000000,2.000000,0.000000,0.000000,0.000000,0.000000,0.000000,0.000000,0.000000,0.000000,0.000000,0.000000,0.000000,
0.000000,0.000000,0.000000,0.000000,0.000000,0.000000,0.000000,0.000000,0.000000,0.000000,0.000000,2.193000,2.193000,2.193000,2.193000,2.193000,2.193000,2.193000,2.191000,2.127000,2.062000,2.000000,2.000000,2.000000,2.000000,2.000000,2.000000,2.000000,2.000000,0.000000,0.000000,0.000000,0.000000,0.000000,0.000000,0.000000,0.000000,0.000000,0.000000,0.000000,
0.000000,0.000000,0.000000,0.000000,0.000000,0.000000,0.000000,0.000000,0.000000,0.000000,0.000000,2.197000,2.197000,2.196000,2.194000,2.193000,2.193000,2.193000,2.191000,2.127000,2.062000,2.000000,2.000000,2.000000,2.000000,2.000000,2.000000,2.000000,2.000000,0.000000,0.000000,0.000000,0.000000,0.000000,0.000000,0.000000,0.000000,0.000000,0.000000,0.000000,
0.000000,0.000000,0.000000,0.000000,0.000000,0.000000,0.000000,0.000000,0.000000,0.000000,0.000000,2.265000,2.265000,2.241000,2.217000,2.193000,2.193000,2.193000,2.191000,2.127000,2.062000,2.000000,2.000000,2.000000,2.000000,2.000000,2.000000,2.000000,2.000000,0.000000,0.000000,0.000000,0.000000,0.000000,0.000000,0.000000,0.000000,0.000000,0.000000,0.000000,
0.000000,0.000000,0.000000,0.000000,0.000000,0.000000,0.000000,0.000000,0.000000,0.000000,0.000000,2.332000,2.332000,2.285000,2.239000,2.193000,2.193000,2.193000,2.191000,2.127000,2.062000,2.000000,2.000000,2.000000,2.000000,2.000000,2.000000,2.000000,2.000000,0.000000,0.000000,0.000000,0.000000,0.000000,0.000000,0.000000,0.000000,0.000000,0.000000,0.000000,
0.000000,0.000000,0.000000,0.000000,0.000000,0.000000,0.000000,0.000000,0.000000,0.000000,0.000000,2.394000,2.394000,2.326000,2.259000,2.193000,2.193000,2.193000,2.191000,2.128000,2.066000,2.005000,2.005000,2.005000,2.005000,2.005000,2.005000,2.005000,2.005000,0.000000,0.000000,0.000000,0.000000,0.000000,0.000000,0.000000,0.000000,0.000000,0.000000,0.000000,
0.000000,0.000000,0.000000,0.000000,0.000000,0.000000,0.000000,0.000000,0.000000,0.000000,0.000000,2.394000,2.394000,2.326000,2.259000,2.193000,2.193000,2.193000,2.192000,2.151000,2.109000,2.069000,2.069000,2.069000,2.069000,2.069000,2.069000,2.069000,2.069000,0.000000,0.000000,0.000000,0.000000,0.000000,0.000000,0.000000,0.000000,0.000000,0.000000,0.000000,
0.000000,0.000000,0.000000,0.000000,0.000000,0.000000,0.000000,0.000000,0.000000,0.000000,0.000000,2.394000,2.394000,2.326000,2.259000,2.193000,2.193000,2.193000,2.193000,2.173000,2.153000,2.134000,2.134000,2.134000,2.134000,2.134000,2.134000,2.134000,2.134000,0.000000,0.000000,0.000000,0.000000,0.000000,0.000000,0.000000,0.000000,0.000000,0.000000,0.000000,
0.000000,0.000000,0.000000,0.000000,0.000000,0.000000,0.000000,0.000000,0.000000,0.000000,0.000000,2.388000,2.388000,2.323000,2.257000,2.193000,2.193000,2.193000,2.193000,2.193000,2.193000,2.193000,2.193000,2.193000,2.193000,2.193000,2.193000,2.193000,2.193000,0.000000,0.000000,0.000000,0.000000,0.000000,0.000000,0.000000,0.000000,0.000000,0.000000,0.000000,
0.000000,0.000000,0.000000,0.000000,0.000000,0.000000,0.000000,0.000000,0.000000,0.000000,0.000000,2.321000,2.321000,2.278000,2.235000,2.193000,2.193000,2.193000,2.193000,2.193000,2.193000,2.193000,2.193000,2.193000,2.193000,2.193000,2.193000,2.193000,2.193000,0.000000,0.000000,0.000000,0.000000,0.000000,0.000000,0.000000,0.000000,0.000000,0.000000,0.000000,
0.000000,0.000000,0.000000,0.000000,0.000000,0.000000,0.000000,0.000000,0.000000,0.000000,0.000000,2.254000,2.254000,2.233000,2.213000,2.193000,2.193000,2.193000,2.193000,2.193000,2.193000,2.193000,2.193000,2.193000,2.193000,2.193000,2.193000,2.193000,2.193000,0.000000,0.000000,0.000000,0.000000,0.000000,0.000000,0.000000,0.000000,0.000000,0.000000,0.000000,
0.000000,0.000000,0.000000,0.000000,0.000000,0.000000,0.000000,0.000000,0.000000,0.000000,0.000000,2.193000,2.193000,2.193000,2.193000,2.193000,2.193000,2.193000,2.193000,2.193000,2.193000,2.193000,2.193000,2.193000,2.193000,2.193000,2.193000,2.193000,2.193000,0.000000,0.000000,0.000000,0.000000,0.000000,0.000000,0.000000,0.000000,0.000000,0.000000,0.000000,
0.000000,0.000000,0.000000,0.000000,0.000000,0.000000,0.000000,0.000000,0.000000,0.000000,0.000000,2.193000,2.193000,2.193000,2.193000,2.193000,2.193000,2.193000,2.193000,2.193000,2.193000,2.193000,2.193000,2.193000,2.193000,2.193000,2.193000,2.193000,2.193000,0.000000,0.000000,0.000000,0.000000,0.000000,0.000000,0.000000,0.000000,0.000000,0.000000,0.000000,
0.000000,0.000000,0.000000,0.000000,0.000000,0.000000,0.000000,0.000000,0.000000,0.000000,0.000000,2.193000,2.193000,2.193000,2.193000,2.193000,2.193000,2.193000,2.193000,2.193000,2.193000,2.193000,2.193000,2.193000,2.193000,2.193000,2.193000,2.193000,2.193000,0.000000,0.000000,0.000000,0.000000,0.000000,0.000000,0.000000,0.000000,0.000000,0.000000,0.000000,
0.000000,0.000000,0.000000,0.000000,0.000000,0.000000,0.000000,0.000000,0.000000,0.000000,0.000000,2.193000,2.193000,2.193000,2.193000,2.193000,2.193000,2.193000,2.193000,2.195000,2.198000,2.200000,2.200000,2.200000,2.200000,2.189000,2.178000,2.168000,2.168000,0.000000,0.000000,0.000000,0.000000,0.000000,0.000000,0.000000,0.000000,0.000000,0.000000,0.000000,
0.000000,0.000000,0.000000,0.000000,0.000000,0.000000,0.000000,0.000000,0.000000,0.000000,0.000000,2.193000,2.193000,2.193000,2.193000,2.193000,2.193000,2.193000,2.194000,2.218000,2.243000,2.267000,2.267000,2.267000,2.262000,2.148000,2.034000,1.927000,1.927000,0.000000,0.000000,0.000000,0.000000,0.000000,0.000000,0.000000,0.000000,0.000000,0.000000,0.000000,
0.000000,0.000000,0.000000,0.000000,0.000000,0.000000,0.000000,0.000000,0.000000,0.000000,0.000000,2.193000,2.193000,2.193000,2.193000,2.193000,2.193000,2.193000,2.194000,2.242000,2.289000,2.335000,2.335000,2.335000,2.325000,2.108000,1.891000,1.686000,1.686000,0.000000,0.000000,0.000000,0.000000,0.000000,0.000000,0.000000,0.000000,0.000000,0.000000,0.000000,
0.000000,0.000000,0.000000,0.000000,0.000000,0.000000,0.000000,0.000000,0.000000,0.000000,0.000000,2.193000,2.193000,2.196000,2.198000,2.201000,2.201000,2.201000,2.202000,2.270000,2.337000,2.402000,2.402000,2.402000,2.388000,2.077000,1.767000,1.473000,1.473000,0.000000,0.000000,0.000000,0.000000,0.000000,0.000000,0.000000,0.000000,0.000000,0.000000,0.000000,
0.000000,0.000000,0.000000,0.000000,0.000000,0.000000,0.000000,0.000000,0.000000,0.000000,0.000000,2.193000,2.193000,2.218000,2.243000,2.268000,2.268000,2.268000,2.270000,2.338000,2.407000,2.473000,2.473000,2.473000,2.458000,2.124000,1.789000,1.473000,1.473000,0.000000,0.000000,0.000000,0.000000,0.000000,0.000000,0.000000,0.000000,0.000000,0.000000,0.000000,
0.000000,0.000000,0.000000,0.000000,0.000000,0.000000,0.000000,0.000000,0.000000,0.000000,0.000000,2.193000,2.193000,2.241000,2.288000,2.335000,2.335000,2.335000,2.337000,2.407000,2.477000,2.545000,2.545000,2.545000,2.528000,2.170000,1.812000,1.473000,1.473000,0.000000,0.000000,0.000000,0.000000,0.000000,0.000000,0.000000,0.000000,0.000000,0.000000,0.000000,
0.000000,0.000000,0.000000,0.000000,0.000000,0.000000,0.000000,0.000000,0.000000,0.000000,0.000000,2.193000,2.193000,2.261000,2.328000,2.394000,2.394000,2.394000,2.396000,2.467000,2.538000,2.607000,2.607000,2.607000,2.590000,2.211000,1.831000,1.473000,1.473000,0.000000,0.000000,0.000000,0.000000,0.000000,0.000000,0.000000,0.000000,0.000000,0.000000,0.000000,
0.000000,0.000000,0.000000,0.000000,0.000000,0.000000,0.000000,0.000000,0.000000,0.000000,0.000000,2.193000,2.193000,2.261000,2.328000,2.394000,2.394000,2.394000,2.396000,2.467000,2.538000,2.607000,2.607000,2.607000,2.590000,2.211000,1.831000,1.473000,1.473000,0.000000,0.000000,0.000000,0.000000,0.000000,0.000000,0.000000,0.000000,0.000000,0.000000,0.000000,
0.000000,0.000000,0.000000,0.000000,0.000000,0.000000,0.000000,0.000000,0.000000,0.000000,0.000000,0.000000,0.000000,0.000000,0.000000,0.000000,0.000000,0.000000,0.000000,0.000000,0.000000,0.000000,0.000000,0.000000,0.000000,0.000000,0.000000,0.000000,0.000000,0.000000,0.000000,0.000000,0.000000,0.000000,0.000000,0.000000,0.000000,0.000000,0.000000,0.000000,
