0.000000,0.000000,0.000000,0.000000,0.000000,0.000000,0.000000,0.000000,0.000000,0.000000,0.000000,0.000000,0.000000,0.000000,0.000000,0.000000,0.000000,0.000000,0.000000,0.000000,0.000000,0.000000,0.000000,0.000000,0.000000,0.000000,0.000000,0.000000,0.000000,0.000000,0.000000,0.000000,0.000000,0.000000,0.000000,0.000000,0.000000,0.000000,0.000000,0.000000,
0.000000,0.000000,0.000000,0.000000,0.000000,0.000000,0.000000,0.000000,0.000000,0.000000,0.000000,0.000000,0.000000,0.000000,0.000000,0.000000,0.000000,0.000000,0.000000,0.000000,0.000000,0.000000,0.000000,0.000000,0.000000,0.000000,0.000000,0.000000,0.000000,0.000000,0.000000,0.000000,0.000000,0.000000,0.000000,0.000000,0.000000,0.000000,0.000000,0.000000,
0.000000,0.000000,0.000000,0.000000,0.000000,0.000000,0.000000,0.000000,0.000000,0.000000,0.000000,0.000000,0.000000,0.000000,0.000000,0.000000,0.000000,0.000000,0.000000,0.000000,0.000000,0.000000,0.000000,0.000000,0.000000,0.000000,0.000000,0.000000,0.000000,0.000000,0.000000,0.000000,0.000000,0.000000,0.000000,0.000000,0.000000,0.000000,0.000000,0.000000,
0.000000,0.000000,0.000000,0.000000,0.000000,0.000000,0.000000,0.000000,0.000000,0.000000,0.000000,0.000000,0.000000,0.000000,0.000000,0.000000,0.000000,0.000000,0.000000,0.000000,0.000000,0.000000,0.000000,0.000000,0.000000,0.000000,0.000000,0.000000,0.000000,0.000000,0.000000,0.000000,0.000000,0.000000,0.000000,0.000000,0.000000,0.000000,0.000000,0.000000,
0.000000,0.000000,0.000000,0.000000,0.000000,0.000000,0.000000,0.000000,0.000000,0.000000,0.000000,0.000000,0.000000,0.000000,0.000000,0.000000,0.000000,0.000000,0.000000,0.000000,0.000000,0.000000,0.000000,0.000000,0.000000,0.000000,0.000000,0.000000,0.000000,0.000000,0.000000,0.000000,0.000000,0.000000,0.000000,0.000000,0.000000,0.000000,0.000000,0.000000,
0.000000,0.000000,0.000000,0.000000,0.000000,0.000000,0.000000,0.000000,0.000000,0.000000,0.000000,0.000000,0.000000,0.000000,0.000000,0.000000,0.000000,0.000000,0.000000,0.000000,0.000000,0.000000,0.000000,0.000000,0.000000,0.000000,0.000000,0.000000,0.000000,0.000000,0.000000,0.000000,0.000000,0.000000,0.000000,0.000000,0.000000,0.000000,0.000000,0.000000,
0.000000,0.000000,0.000000,0.000000,0.000000,0.000000,0.000000,0.000000,0.000000,0.000000,0.000000,0.000000,0.000000,0.000000,0.000000,0.000000,0.000000,0.000000,0.000000,0.000000,0.000000,0.000000,0.000000,0.000000,0.000000,0.000000,0.000000,0.000000,0.000000,0.000000,0.000000,0.000000,0.000000,0.000000,0.000000,0.000000,0.000000,0.000000,0.000000,0.000000,
0.000000,0.000000,0.000000,0.000000,0.000000,0.000000,0.000000,1.641000,1.641000,1.641000,1.641000,1.648000,1.713000,1.755000,1.755000,1.775000,1.809000,1.814000,1.820000,1.890000,1.509000,0.000000,0.000000,0.000000,0.000000,0.000000,0.000000,0.000000,0.000000,0.000000,0.000000,0.000000,0.000000,0.000000,0.000000,0.000000,0.000000,0.000000,0.000000,0.000000,
0.000000,0.000000,0.000000,0.000000,0.000000,0.000000,0.000000,1.661000,1.661000,1.661000,1.661000,1.667000,1.720000,1.755000,1.755000,1.775000,1.809000,1.824000,1.840000,1.898000,1.665000,0.000000,0.000000,0.000000,0.000000,0.000000,0.000000,0.000000,0.000000,0.000000,0.000000,0.000000,0.000000,0.000000,0.000000,0.000000,0.000000,0.000000,0.000000,0.000000,
0.000000,0.000000,0.000000,0.000000,0.000000,0.000000,0.000000,1.693000,1.693000,1.693000,1.693000,1.697000,1.732000,1.755000,1.755000,1.775000,1.809000,1.841000,1.873000,1.911000,1.916000,1.852000,1.845000,1.880000,1.886000,1.888000,1.924000,1.948000,1.945000,1.964000,2.000000,2.008000,0.000000,0.000000,0.000000,0.000000,0.000000,0.000000,0.000000,0.000000,
0.000000,0.000000,0.000000,0.000000,0.000000,0.000000,0.000000,1.726000,1.726000,1.726000,1.726000,1.729000,1.763000,1.784000,1.784000,1.804000,1.838000,1.858000,1.877000,1.913000,1.949000,1.985000,2.022000,2.059000,2.066000,2.069000,2.107000,2.134000,2.134000,2.156000,2.195000,2.203000,0.000000,0.000000,0.000000,0.000000,0.000000,0.000000,0.000000,0.000000,
0.000000,0.000000,0.000000,0.000000,0.000000,0.000000,0.000000,1.759000,1.759000,1.759000,1.759000,1.762000,1.794000,1.814000,1.814000,1.835000,1.869000,1.874000,1.877000,1.913000,1.949000,1.985000,2.023000,2.063000,2.070000,2.073000,2.109000,2.135000,2.137000,2.159000,2.196000,2.203000,0.000000,0.000000,0.000000,0.000000,0.000000,0.000000,0.000000,0.000000,
0.000000,0.000000,0.000000,0.000000,0.000000,0.000000,0.000000,1.792000,1.792000,1.792000,1.792000,1.794000,1.806000,1.814000,1.814000,1.835000,1.869000,1.874000,1.877000,1.913000,1.949000,1.985000,2.036000,2.098000,2.109000,2.110000,2.124000,2.142000,2.167000,2.186000,2.200000,2.203000,0.000000,0.000000,0.000000,0.000000,0.000000,0.000000,0.000000,0.000000,
0.000000,0.000000,0.000000,0.000000,0.000000,0.000000,0.000000,1.826000,1.826000,1.826000,1.820000,1.814000,1.814000,1.814000,1.814000,1.835000,1.869000,1.874000,1.877000,1.913000,1.949000,1.985000,2.044000,2.121000,2.134000,2.134000,2.134000,2.146000,2.186000,2.203000,2.203000,2.203000,0.000000,0.000000,0.000000,0.000000,0.000000,0.000000,0.000000,0.000000,
0.000000,0.000000,0.000000,0.000000,0.000000,0.000000,0.000000,1.860000,1.860000,1.860000,1.837000,1.814000,1.814000,1.814000,1.814000,1.835000,1.869000,1.874000,1.877000,1.913000,1.949000,1.985000,2.044000,2.121000,2.134000,2.134000,2.134000,2.146000,2.186000,2.203000,2.203000,2.203000,0.000000,0.000000,0.000000,0.000000,0.000000,0.000000,0.000000,0.000000,
0.000000,0.000000,0.000000,0.000000,0.000000,0.000000,0.000000,1.896000,1.888000,1.876000,1.855000,1.835000,1.835000,1.835000,1.835000,1.848000,1.871000,1.874000,1.877000,1.913000,1.949000,1.985000,2.044000,2.121000,2.134000,2.134000,2.134000,2.146000,2.186000,2.211000,2.225000,2.228000,0.000000,0.000000,0.000000,0.000000,0.000000,0.000000,0.000000,0.000000,
0.000000,0.000000,0.000000,0.000000,0.000000,0.000000,0.000000,1.931000,1.911000,1.878000,1.871000,1.869000,1.869000,1.869000,1.869000,1.871000,1.874000,1.874000,1.877000,1.913000,1.949000,1.985000,2.044000,2.121000,2.134000,2.134000,2.134000,2.146000,2.186000,2.224000,2.261000,2.269000,0.000000,0.000000,0.000000,0.000000,0.000000,0.000000,0.000000,0.000000,
0.000000,0.000000,0.000000,0.000000,0.000000,0.000000,0.000000,1.907000,1.895000,1.876000,1.874000,1.874000,1.874000,1.874000,1.874000,1.884000,1.902000,1.904000,1.908000,1.943000,1.980000,2.016000,2.065000,2.124000,2.134000,2.135000,2.154000,2.174000,2.194000,2.226000,2.267000,2.275000,0.000000,0.000000,0.000000,0.000000,0.000000,0.000000,0.000000,0.000000,
0.000000,0.000000,0.000000,0.000000,0.000000,0.000000,0.000000,1.805000,1.832000,1.875000,1.880000,1.880000,1.878000,1.877000,1.877000,1.898000,1.932000,1.937000,1.940000,1.976000,2.013000,2.050000,2.088000,2.127000,2.134000,2.137000,2.174000,2.200000,2.202000,2.226000,2.267000,2.275000,0.000000,0.000000,0.000000,0.000000,0.000000,0.000000,0.000000,0.000000,
0.000000,0.000000,0.000000,0.000000,0.000000,0.000000,0.000000,1.040000,1.363000,1.883000,1.952000,1.950000,1.927000,1.913000,1.913000,1.921000,1.935000,1.937000,1.940000,1.976000,2.013000,2.050000,2.088000,2.127000,2.134000,2.135000,2.150000,2.168000,2.192000,2.226000,2.267000,2.275000,0.000000,0.000000,0.000000,0.000000,0.000000,0.000000,0.000000,0.000000,
0.000000,0.000000,0.000000,0.000000,0.000000,0.000000,0.000000,0.000000,1.229000,1.920000,2.013000,2.009000,1.972000,1.947000,1.940000,1.937000,1.937000,1.937000,1.940000,1.976000,2.013000,2.050000,2.088000,2.127000,2.134000,2.134000,2.134000,2.144000,2.176000,2.213000,2.253000,2.261000,0.000000,0.000000,0.000000,0.000000,0.000000,0.000000,0.000000,0.000000,
0.000000,0.000000,0.000000,0.000000,0.000000,0.000000,0.000000,1.600000,1.759000,2.016000,2.050000,2.046000,2.009000,1.975000,1.948000,1.937000,1.937000,1.937000,1.940000,1.976000,2.013000,2.050000,2.088000,2.127000,2.134000,2.134000,2.134000,2.137000,2.146000,2.173000,2.212000,2.220000,0.000000,0.000000,0.000000,0.000000,0.000000,0.000000,0.000000,0.000000,
0.000000,0.000000,0.000000,0.000000,0.000000,0.000000,0.000000,1.937000,1.968000,2.017000,2.034000,2.040000,2.003000,1.971000,1.947000,1.937000,1.937000,1.937000,1.940000,1.976000,2.013000,2.050000,2.088000,2.127000,2.134000,2.134000,2.134000,2.134000,2.134000,2.156000,2.195000,2.203000,0.000000,0.000000,0.000000,0.000000,0.000000,0.000000,0.000000,0.000000,
0.000000,0.000000,0.000000,0.000000,0.000000,0.000000,0.000000,1.937000,1.942000,1.949000,1.978000,2.003000,1.967000,1.942000,1.938000,1.937000,1.937000,1.937000,1.940000,1.976000,2.013000,2.050000,2.088000,2.127000,2.134000,2.134000,2.134000,2.134000,2.134000,2.156000,2.195000,2.203000,0.000000,0.000000,0.000000,0.000000,0.000000,0.000000,0.000000,0.000000,
0.000000,0.000000,0.000000,0.000000,0.000000,0.000000,0.000000,1.937000,1.937000,1.937000,1.968000,1.996000,1.960000,1.931000,1.914000,1.907000,1.907000,1.922000,1.940000,1.976000,2.013000,2.050000,2.088000,2.127000,2.134000,2.133000,2.115000,2.102000,2.102000,2.114000,2.135000,2.139000,0.000000,0.000000,0.000000,0.000000,0.000000,0.000000,0.000000,0.000000,
0.000000,0.000000,0.000000,0.000000,0.000000,0.000000,0.000000,1.937000,1.938000,1.939000,1.971000,1.999000,1.964000,1.928000,1.889000,1.874000,1.874000,1.904000,1.940000,1.976000,2.013000,2.050000,2.088000,2.125000,2.131000,2.129000,2.092000,2.066000,2.066000,2.066000,2.066000,2.066000,0.000000,0.000000,0.000000,0.000000,0.000000,0.000000,0.000000,0.000000,
0.000000,0.000000,0.000000,0.000000,0.000000,0.000000,0.000000,1.937000,1.951000,1.972000,2.007000,2.039000,2.025000,1.987000,1.906000,1.874000,1.874000,1.904000,1.940000,1.976000,2.013000,2.050000,2.075000,2.090000,2.093000,2.092000,2.076000,2.066000,2.066000,2.066000,2.066000,2.066000,0.000000,0.000000,0.000000,0.000000,0.000000,0.000000,0.000000,0.000000,
0.000000,0.000000,0.000000,0.000000,0.000000,0.000000,0.000000,1.937000,1.964000,2.006000,2.039000,2.066000,2.066000,2.029000,1.926000,1.885000,1.885000,1.916000,1.951000,1.980000,2.013000,2.050000,2.066000,2.066000,2.066000,2.066000,2.066000,2.066000,2.066000,2.070000,2.077000,2.078000,0.000000,0.000000,0.000000,0.000000,0.000000,0.000000,0.000000,0.000000,
0.000000,0.000000,0.000000,0.000000,0.000000,0.000000,0.000000,1.937000,1.977000,2.041000,2.058000,2.066000,2.066000,2.037000,1.954000,1.921000,1.921000,1.951000,1.985000,1.994000,2.013000,2.050000,2.066000,2.066000,2.066000,2.066000,2.066000,2.066000,2.066000,2.082000,2.111000,2.117000,0.000000,0.000000,0.000000,0.000000,0.000000,0.000000,0.000000,0.000000,
0.000000,0.000000,0.000000,0.000000,0.000000,0.000000,0.000000,1.481000,1.674000,1.984000,2.025000,2.025000,2.025000,2.007000,1.957000,1.944000,1.955000,1.978000,2.000000,2.000000,2.009000,2.034000,2.052000,2.064000,2.066000,2.067000,2.079000,2.088000,2.088000,2.102000,2.129000,2.134000,0.000000,0.000000,0.000000,0.000000,0.000000,0.000000,0.000000,0.000000,
0.000000,0.000000,0.000000,0.000000,0.000000,0.000000,0.000000,0.000000,1.119000,1.854000,1.952000,1.952000,1.952000,1.949000,1.940000,1.956000,1.988000,1.996000,2.000000,2.000000,2.001000,2.006000,2.027000,2.060000,2.066000,2.068000,2.103000,2.126000,2.126000,2.129000,2.133000,2.134000,0.000000,0.000000,0.000000,0.000000,0.000000,0.000000,0.000000,0.000000,
0.000000,0.000000,0.000000,0.000000,0.000000,0.000000,0.000000,0.000000,1.009000,1.828000,1.937000,1.937000,1.937000,1.931000,1.915000,1.920000,1.939000,1.942000,1.944000,1.960000,1.977000,1.993000,2.012000,2.032000,2.050000,2.067000,2.088000,2.108000,2.126000,2.134000,2.134000,2.134000,0.000000,0.000000,0.000000,0.000000,0.000000,0.000000,0.000000,0.000000,
0.000000,0.000000,0.000000,0.000000,0.000000,0.000000,0.000000,0.000000,1.009000,1.828000,1.937000,1.937000,1.937000,1.924000,1.888000,1.874000,1.874000,1.874000,1.877000,1.913000,1.949000,1.985000,2.000000,2.000000,2.031000,2.066000,2.066000,2.078000,2.117000,2.134000,2.134000,2.134000,0.000000,0.000000,0.000000,0.000000,0.000000,0.000000,0.000000,0.000000,
0.000000,0.000000,0.000000,0.000000,0.000000,0.000000,0.000000,0.000000,0.000000,0.000000,0.000000,0.000000,0.000000,0.000000,0.000000,0.000000,0.000000,0.000000,0.000000,0.000000,0.000000,0.000000,0.000000,0.000000,0.000000,0.000000,0.000000,0.000000,0.000000,0.000000,0.000000,0.000000,0.000000,0.000000,0.000000,0.000000,0.000000,0.000000,0.000000,0.000000,
0.000000,0.000000,0.000000,0.000000,0.000000,0.000000,0.000000,0.000000,0.000000,0.000000,0.000000,0.000000,0.000000,0.000000,0.000000,0.000000,0.000000,0.000000,0.000000,0.000000,0.000000,0.000000,0.000000,0.000000,0.000000,0.000000,0.000000,0.000000,0.000000,0.000000,0.000000,0.000000,0.000000,0.000000,0.000000,0.000000,0.000000,0.000000,0.000000,0.000000,
0.000000,0.000000,0.000000,0.000000,0.000000,0.000000,0.000000,0.000000,0.000000,0.000000,0.000000,0.000000,0.000000,0.000000,0.000000,0.000000,0.000000,0.000000,0.000000,0.000000,0.000000,0.000000,0.000000,0.000000,0.000000,0.000000,0.000000,0.000000,0.000000,0.000000,0.000000,0.000000,0.000000,0.000000,0.000000,0.000000,0.000000,0.000000,0.000000,0.000000,
0.000000,0.000000,0.000000,0.000000,0.000000,0.000000,0.000000,0.000000,0.000000,0.000000,0.000000,0.000000,0.000000,0.000000,0.000000,0.000000,0.000000,0.000000,0.000000,0.000000,0.000000,0.000000,0.000000,0.000000,0.000000,0.000000,0.000000,0.000000,0.000000,0.000000,0.000000,0.000000,0.000000,0.000000,0.000000,0.000000,0.000000,0.000000,0.000000,0.000000,
0.000000,0.000000,0.000000,0.000000,0.000000,0.000000,0.000000,0.000000,0.000000,0.000000,0.000000,0.000000,0.000000,0.000000,0.000000,0.000000,0.000000,0.000000,0.000000,0.000000,0.000000,0.000000,0.000000,0.000000,0.000000,0.000000,0.000000,0.000000,0.000000,0.000000,0.000000,0.000000,0.000000,0.000000,0.000000,0.000000,0.000000,0.000000,0.000000,0.000000,
0.000000,0.000000,0.000000,0.000000,0.000000,0.000000,0.000000,0.000000,0.000000,0.000000,0.000000,0.000000,0.000000,0.000000,0.000000,0.000000,0.000000,0.000000,0.000000,0.000000,0.000000,0.000000,0.000000,0.000000,0.000000,0.000000,0.000000,0.000000,0.000000,0.000000,0.000000,0.000000,0.000000,0.000000,0.000000,0.000000,0.000000,0.000000,0.000000,0.000000,
0.000000,0.000000,0.000000,0.000000,0.000000,0.000000,0.000000,0.000000,0.000000,0.000000,0.000000,0.000000,0.000000,0.000000,0.000000,0.000000,0.000000,0.000000,0.000000,0.000000,0.000000,0.000000,0.000000,0.000000,0.000000,0.000000,0.000000,0.000000,0.000000,0.000000,0.000000,0.000000,0.000000,0.000000,0.000000,0.000000,0.000000,0.000000,0.000000,0.000000,
