40 40
0.000000 0.000000 0.000000 0.000000 0.000000 0.000000 0.000000 0.000000 0.000000 0.000000 0.000000 0.000000 0.000000 0.000000 0.000000 0.000000 0.000000 0.000000 0.000000 0.000000 0.000000 0.000000 0.000000 0.000000 0.000000 0.000000 0.000000 0.000000 0.000000 0.000000 0.000000 0.000000 0.000000 0.000000 0.000000 0.000000 0.000000 0.000000 0.000000 0.000000 
0.000000 0.000000 0.000000 0.000000 0.000000 0.000000 0.000000 0.000000 0.000000 0.000000 0.000000 0.000000 0.000000 0.000000 0.000000 0.000000 0.000000 0.000000 0.000000 0.000000 0.000000 0.000000 0.000000 0.000000 0.000000 0.000000 0.000000 0.000000 0.000000 0.000000 0.000000 0.000000 0.000000 0.000000 0.000000 0.000000 0.000000 0.000000 0.000000 0.000000 
0.000000 0.000000 0.000000 0.000000 0.000000 0.000000 0.000000 0.000000 0.000000 0.000000 0.000000 0.000000 0.000000 0.000000 0.000000 0.000000 0.000000 0.000000 0.000000 0.000000 0.000000 0.000000 0.000000 0.000000 0.000000 0.000000 0.000000 0.000000 0.000000 0.000000 0.000000 0.000000 0.000000 0.000000 0.000000 0.000000 0.000000 0.000000 0.000000 0.000000 
0.000000 0.000000 0.000000 0.000000 0.000000 0.000000 0.000000 0.000000 0.000000 0.000000 0.000000 0.000000 0.000000 0.000000 0.000000 0.000000 0.000000 0.000000 0.000000 0.000000 0.000000 0.000000 0.000000 0.000000 0.000000 0.000000 0.000000 0.000000 0.000000 0.000000 0.000000 0.000000 0.000000 0.000000 0.000000 0.000000 0.000000 0.000000 0.000000 0.000000 
0.000000 0.000000 0.000000 0.000000 0.000000 0.000000 0.000000 0.000000 0.000000 0.000000 0.000000 0.000000 0.000000 0.000000 0.000000 0.000000 0.000000 0.000000 0.000000 0.000000 0.000000 0.000000 0.000000 0.000000 0.000000 0.000000 0.000000 0.000000 0.000000 0.000000 0.000000 0.000000 0.000000 0.000000 0.000000 0.000000 0.000000 0.000000 0.000000 0.000000 
0.000000 0.000000 0.000000 0.000000 0.000000 0.000000 0.000000 0.000000 0.000000 0.000000 0.000000 0.000000 0.000000 0.000000 0.000000 0.000000 0.000000 0.000000 0.000000 0.000000 0.000000 0.000000 0.000000 0.000000 0.000000 0.000000 0.000000 0.000000 0.000000 0.000000 0.000000 0.000000 0.000000 0.000000 0.000000 0.000000 0.000000 0.000000 0.000000 0.000000 
0.000000 0.000000 0.000000 0.000000 0.000000 0.000000 0.000000 0.000000 0.000000 0.000000 0.000000 0.000000 0.000000 0.000000 0.000000 0.000000 0.000000 0.000000 0.000000 0.000000 0.000000 0.000000 0.000000 0.000000 0.000000 0.000000 0.000000 0.000000 1.755000 1.755000 1.775000 1.843000 1.856000 1.822000 1.814000 1.814000 0.000000 0.000000 0.000000 0.000000 
0.000000 0.000000 0.000000 0.000000 0.000000 0.000000 0.000000 0.000000 0.000000 0.000000 0.000000 0.000000 0.000000 0.000000 0.000000 0.000000 0.000000 0.000000 0.000000 0.000000 0.000000 0.000000 0.000000 0.000000 0.000000 0.000000 0.000000 0.000000 1.776000 1.776000 1.789000 1.832000 1.841000 1.819000 1.814000 1.814000 0.000000 0.000000 0.000000 0.000000 
0.000000 0.000000 0.000000 0.000000 0.000000 0.000000 0.000000 0.000000 0.000000 0.000000 0.000000 0.000000 0.000000 0.000000 0.000000 0.000000 0.000000 0.000000 0.000000 0.000000 0.000000 1.702000 1.667000 1.643000 1.643000 1.625000 1.591000 1.687000 1.810000 1.810000 1.811000 1.816000 1.817000 1.815000 1.814000 1.814000 0.000000 0.000000 0.000000 0.000000 
0.000000 0.000000 0.000000 0.000000 0.000000 0.000000 0.000000 0.000000 0.000000 0.000000 0.000000 0.000000 0.000000 0.000000 0.000000 0.000000 0.000000 0.000000 0.000000 0.000000 0.000000 2.063000 2.026000 2.000000 2.000000 1.980000 1.944000 1.894000 1.844000 1.844000 1.839000 1.822000 1.814000 1.814000 1.827000 1.844000 0.000000 0.000000 0.000000 0.000000 
0.000000 0.000000 0.000000 0.000000 0.000000 0.000000 0.000000 0.000000 0.000000 0.000000 0.000000 0.000000 0.000000 0.000000 0.000000 0.000000 0.000000 0.000000 0.000000 1.670000 2.096000 2.059000 2.022000 1.996000 1.996000 1.977000 1.944000 1.910000 1.878000 1.878000 1.868000 1.834000 1.818000 1.818000 1.843000 1.874000 0.000000 0.000000 0.000000 0.000000 
0.000000 0.000000 0.000000 0.000000 0.000000 0.000000 0.000000 0.000000 0.000000 0.000000 0.000000 0.000000 0.000000 0.000000 0.000000 0.000000 0.000000 0.000000 0.000000 1.871000 2.037000 2.022000 1.985000 1.960000 1.960000 1.953000 1.940000 1.926000 1.914000 1.914000 1.904000 1.868000 1.852000 1.852000 1.862000 1.874000 0.000000 0.000000 0.000000 0.000000 
0.000000 0.000000 0.000000 0.000000 0.000000 0.000000 0.000000 0.000000 0.000000 0.000000 0.000000 0.000000 0.000000 0.000000 0.000000 0.000000 0.000000 0.000000 2.000000 2.000000 2.000000 1.998000 1.962000 1.937000 1.937000 1.937000 1.937000 1.937000 1.937000 1.937000 1.927000 1.891000 1.874000 1.874000 1.874000 1.874000 0.000000 0.000000 0.000000 0.000000 
0.000000 0.000000 0.000000 0.000000 0.000000 0.000000 0.000000 0.000000 0.000000 0.000000 0.000000 0.000000 0.000000 0.000000 0.000000 0.000000 0.000000 0.000000 2.000000 2.000000 2.000000 1.998000 1.962000 1.937000 1.937000 1.937000 1.937000 1.937000 1.937000 1.937000 1.927000 1.891000 1.874000 1.874000 1.874000 1.874000 0.000000 0.000000 0.000000 0.000000 
0.000000 0.000000 0.000000 0.000000 0.000000 0.000000 0.000000 0.000000 0.000000 0.000000 0.000000 0.000000 0.000000 0.000000 0.000000 0.000000 0.000000 1.246000 1.978000 1.978000 1.978000 1.977000 1.953000 1.937000 1.937000 1.937000 1.937000 1.937000 1.937000 1.937000 1.930000 1.907000 1.896000 1.896000 1.896000 1.896000 0.000000 0.000000 0.000000 0.000000 
0.000000 0.000000 0.000000 0.000000 0.000000 0.000000 0.000000 0.000000 0.000000 0.000000 0.000000 0.000000 0.000000 0.000000 1.704000 1.669000 1.702000 1.871000 1.943000 1.943000 1.943000 1.942000 1.939000 1.937000 1.937000 1.937000 1.937000 1.937000 1.937000 1.937000 1.936000 1.933000 1.931000 1.931000 1.931000 1.931000 0.000000 0.000000 0.000000 0.000000 
0.000000 0.000000 0.000000 0.000000 0.000000 0.000000 0.000000 0.000000 0.000000 0.000000 0.000000 0.000000 0.000000 0.000000 2.099000 2.079000 2.041000 1.968000 1.937000 1.937000 1.937000 1.937000 1.937000 1.937000 1.937000 1.937000 1.937000 1.937000 1.937000 1.937000 1.937000 1.937000 2.057000 2.280000 2.311000 2.288000 0.000000 0.000000 0.000000 0.000000 
0.000000 0.000000 0.000000 0.000000 0.000000 0.000000 0.000000 0.000000 0.000000 0.000000 0.000000 0.000000 0.000000 0.000000 2.066000 2.066000 2.042000 1.970000 1.940000 1.940000 1.940000 1.940000 1.938000 1.937000 1.937000 1.937000 1.937000 1.937000 1.937000 1.937000 1.937000 1.937000 2.186000 2.650000 2.716000 2.670000 0.000000 0.000000 0.000000 0.000000 
0.000000 0.000000 0.000000 0.000000 0.000000 0.000000 0.000000 0.000000 0.000000 0.000000 0.000000 0.000000 0.000000 1.172000 2.066000 2.066000 2.049000 1.998000 1.976000 1.976000 1.976000 1.975000 1.952000 1.937000 1.937000 1.937000 1.937000 1.937000 1.937000 1.937000 1.937000 1.937000 2.186000 2.650000 2.738000 2.719000 0.000000 0.000000 0.000000 0.000000 
0.000000 0.000000 0.000000 0.000000 0.000000 0.000000 0.000000 0.000000 0.000000 2.000000 2.000000 2.061000 2.161000 2.123000 2.066000 2.066000 2.053000 2.016000 2.000000 2.000000 2.000000 1.998000 1.962000 1.937000 1.937000 1.937000 1.937000 1.937000 1.937000 1.944000 1.976000 2.067000 2.310000 2.686000 2.761000 2.752000 0.000000 0.000000 0.000000 0.000000 
0.000000 0.000000 0.000000 0.000000 0.000000 0.000000 0.000000 0.000000 1.604000 2.000000 2.000000 2.034000 2.090000 2.083000 2.066000 2.066000 2.053000 2.016000 2.000000 2.000000 2.000000 1.998000 1.962000 1.937000 1.937000 1.937000 1.937000 1.937000 1.938000 1.966000 2.091000 2.455000 2.683000 2.794000 2.789000 2.752000 0.000000 0.000000 0.000000 0.000000 
0.000000 0.000000 0.000000 0.000000 0.000000 0.000000 0.000000 2.001000 1.988000 1.983000 1.995000 2.015000 2.040000 2.044000 2.044000 2.044000 2.036000 2.011000 2.000000 2.000000 2.000000 1.998000 1.974000 2.013000 2.188000 2.256000 2.238000 2.235000 2.236000 2.260000 2.370000 2.691000 2.831000 2.815000 2.785000 2.752000 0.000000 0.000000 0.000000 0.000000 
0.000000 0.000000 0.000000 1.307000 1.307000 1.307000 1.596000 1.896000 1.925000 1.955000 1.987000 2.002000 2.006000 2.007000 2.007000 2.007000 2.005000 2.002000 2.000000 2.000000 2.000000 2.000000 1.996000 2.143000 2.621000 2.806000 2.759000 2.749000 2.749000 2.753000 2.770000 2.818000 2.816000 2.771000 2.757000 2.752000 0.000000 0.000000 0.000000 0.000000 
0.000000 0.000000 0.000000 1.755000 1.755000 1.755000 1.814000 1.878000 1.914000 1.950000 1.986000 2.000000 2.000000 2.000000 2.000000 2.000000 2.000000 2.000000 2.000000 2.000000 2.000000 2.000000 2.000000 2.166000 2.697000 2.903000 2.850000 2.840000 2.840000 2.840000 2.840000 2.840000 2.813000 2.763000 2.752000 2.752000 0.000000 0.000000 0.000000 0.000000 
0.000000 0.000000 0.000000 1.760000 1.760000 1.760000 1.816000 1.878000 1.914000 1.950000 1.986000 2.000000 2.000000 2.000000 2.000000 2.000000 2.000000 2.000000 2.001000 2.002000 2.003000 2.004000 2.023000 2.196000 2.706000 2.903000 2.850000 2.840000 2.840000 2.840000 2.839000 2.837000 2.811000 2.763000 2.752000 2.752000 0.000000 0.000000 0.000000 0.000000 
0.000000 0.000000 0.000000 1.827000 1.827000 1.827000 1.850000 1.878000 1.914000 1.950000 1.986000 2.000000 2.000000 2.000000 2.000000 2.000000 2.000000 2.000000 2.013000 2.036000 2.040000 2.061000 2.361000 2.632000 2.840000 2.903000 2.850000 2.840000 2.840000 2.840000 2.831000 2.801000 2.776000 2.756000 2.752000 2.752000 0.000000 0.000000 0.000000 0.000000 
0.000000 0.000000 0.000000 1.896000 1.896000 1.896000 1.896000 1.900000 1.929000 1.956000 1.980000 1.985000 1.979000 1.978000 1.978000 1.985000 1.993000 2.006000 2.030000 2.061000 2.131000 2.232000 2.647000 2.932000 2.932000 2.903000 2.850000 2.840000 2.840000 2.840000 2.825000 2.775000 2.752000 2.752000 2.752000 2.752000 0.000000 0.000000 0.000000 0.000000 
0.000000 0.000000 0.000000 1.968000 1.968000 1.968000 1.968000 1.969000 1.978000 1.978000 1.960000 1.937000 1.910000 1.906000 1.908000 1.935000 1.971000 2.026000 2.055000 2.064000 2.338000 2.656000 2.820000 2.932000 2.932000 2.903000 2.850000 2.840000 2.840000 2.840000 2.825000 2.775000 2.752000 2.752000 2.752000 2.752000 0.000000 0.000000 0.000000 0.000000 
0.000000 0.000000 0.000000 2.021000 2.021000 2.021000 2.011000 2.000000 2.000000 1.987000 1.951000 1.915000 1.880000 1.874000 1.877000 1.913000 2.014000 2.244000 2.331000 2.315000 2.560000 2.844000 2.896000 2.932000 2.932000 2.912000 2.876000 2.856000 2.840000 2.840000 2.825000 2.775000 2.752000 2.752000 2.752000 2.752000 0.000000 0.000000 0.000000 0.000000 
0.000000 0.000000 0.000000 2.059000 2.059000 2.059000 2.030000 2.000000 2.000000 1.987000 1.951000 1.915000 1.880000 1.874000 1.877000 1.913000 2.108000 2.619000 2.807000 2.761000 2.794000 2.844000 2.896000 2.932000 2.932000 2.929000 2.923000 2.884000 2.840000 2.840000 2.825000 2.775000 2.752000 2.752000 2.752000 2.752000 0.000000 0.000000 0.000000 0.000000 
0.000000 0.000000 0.000000 2.066000 2.066000 2.066000 2.033000 2.000000 2.000000 1.987000 1.951000 1.925000 1.906000 2.142000 2.400000 2.395000 2.495000 2.802000 2.902000 2.849000 2.840000 2.842000 2.870000 2.890000 2.890000 2.890000 2.890000 2.867000 2.840000 2.840000 2.832000 2.805000 2.780000 2.757000 2.752000 2.752000 0.000000 0.000000 0.000000 0.000000 
0.000000 0.000000 0.000000 2.068000 2.067000 2.066000 2.034000 2.002000 2.002000 1.989000 1.954000 1.948000 1.961000 2.474000 0.000000 2.967000 2.932000 2.932000 2.902000 2.849000 2.840000 2.840000 2.840000 2.840000 2.840000 2.840000 2.840000 2.840000 2.840000 2.840000 2.840000 2.840000 2.813000 2.763000 2.752000 2.752000 0.000000 0.000000 0.000000 0.000000 
0.000000 0.000000 0.000000 2.107000 2.092000 2.069000 2.053000 2.039000 2.039000 2.034000 2.020000 2.191000 2.485000 2.742000 2.968000 2.946000 2.932000 2.932000 2.902000 2.849000 2.840000 2.840000 2.840000 2.840000 2.840000 2.840000 2.840000 2.840000 2.840000 2.840000 2.840000 2.840000 2.813000 2.763000 2.752000 2.752000 0.000000 0.000000 0.000000 0.000000 
0.000000 0.000000 0.000000 2.134000 2.110000 2.071000 2.066000 2.066000 2.066000 2.066000 2.066000 2.362000 2.856000 2.932000 2.932000 2.932000 2.932000 2.932000 2.902000 2.849000 2.840000 2.840000 2.840000 2.840000 2.840000 2.840000 2.840000 2.840000 2.840000 2.840000 2.840000 2.840000 2.813000 2.763000 2.752000 2.752000 0.000000 0.000000 0.000000 0.000000 
0.000000 0.000000 0.000000 0.000000 0.000000 0.000000 0.000000 0.000000 0.000000 0.000000 0.000000 0.000000 0.000000 0.000000 0.000000 0.000000 0.000000 0.000000 0.000000 0.000000 0.000000 0.000000 0.000000 0.000000 0.000000 0.000000 0.000000 0.000000 0.000000 0.000000 0.000000 0.000000 0.000000 0.000000 0.000000 0.000000 0.000000 0.000000 0.000000 0.000000 
0.000000 0.000000 0.000000 0.000000 0.000000 0.000000 0.000000 0.000000 0.000000 0.000000 0.000000 0.000000 0.000000 0.000000 0.000000 0.000000 0.000000 0.000000 0.000000 0.000000 0.000000 0.000000 0.000000 0.000000 0.000000 0.000000 0.000000 0.000000 0.000000 0.000000 0.000000 0.000000 0.000000 0.000000 0.000000 0.000000 0.000000 0.000000 0.000000 0.000000 
0.000000 0.000000 0.000000 0.000000 0.000000 0.000000 0.000000 0.000000 0.000000 0.000000 0.000000 0.000000 0.000000 0.000000 0.000000 0.000000 0.000000 0.000000 0.000000 0.000000 0.000000 0.000000 0.000000 0.000000 0.000000 0.000000 0.000000 0.000000 0.000000 0.000000 0.000000 0.000000 0.000000 0.000000 0.000000 0.000000 0.000000 0.000000 0.000000 0.000000 
0.000000 0.000000 0.000000 0.000000 0.000000 0.000000 0.000000 0.000000 0.000000 0.000000 0.000000 0.000000 0.000000 0.000000 0.000000 0.000000 0.000000 0.000000 0.000000 0.000000 0.000000 0.000000 0.000000 0.000000 0.000000 0.000000 0.000000 0.000000 0.000000 0.000000 0.000000 0.000000 0.000000 0.000000 0.000000 0.000000 0.000000 0.000000 0.000000 0.000000 
0.000000 0.000000 0.000000 0.000000 0.000000 0.000000 0.000000 0.000000 0.000000 0.000000 0.000000 0.000000 0.000000 0.000000 0.000000 0.000000 0.000000 0.000000 0.000000 0.000000 0.000000 0.000000 0.000000 0.000000 0.000000 0.000000 0.000000 0.000000 0.000000 0.000000 0.000000 0.000000 0.000000 0.000000 0.000000 0.000000 0.000000 0.000000 0.000000 0.000000 
0.000000 0.000000 0.000000 0.000000 0.000000 0.000000 0.000000 0.000000 0.000000 0.000000 0.000000 0.000000 0.000000 0.000000 0.000000 0.000000 0.000000 0.000000 0.000000 0.000000 0.000000 0.000000 0.000000 0.000000 0.000000 0.000000 0.000000 0.000000 0.000000 0.000000 0.000000 0.000000 0.000000 0.000000 0.000000 0.000000 0.000000 0.000000 0.000000 0.000000 
