40 40
0.000000 0.000000 0.000000 0.000000 0.000000 0.000000 0.000000 0.000000 0.000000 0.000000 0.000000 0.000000 0.000000 0.000000 0.000000 0.000000 0.000000 0.000000 0.000000 0.000000 0.000000 0.000000 0.000000 0.000000 0.000000 0.000000 0.000000 0.000000 0.000000 0.000000 0.000000 0.000000 0.000000 0.000000 0.000000 0.000000 0.000000 0.000000 0.000000 0.000000 
0.000000 0.000000 0.000000 0.000000 0.000000 0.000000 0.000000 0.000000 0.000000 0.000000 0.000000 0.000000 0.000000 0.000000 0.000000 0.000000 0.000000 0.000000 0.000000 0.000000 0.000000 0.000000 0.000000 0.000000 0.000000 0.000000 0.000000 0.000000 0.000000 0.000000 0.000000 0.000000 0.000000 0.000000 0.000000 0.000000 0.000000 0.000000 0.000000 0.000000 
0.000000 0.000000 0.000000 0.000000 0.000000 0.000000 0.000000 0.000000 0.000000 0.000000 0.000000 0.000000 0.000000 0.000000 0.000000 0.000000 0.000000 0.000000 0.000000 0.000000 0.000000 0.000000 0.000000 0.000000 0.000000 0.000000 0.000000 0.000000 0.000000 0.000000 0.000000 0.000000 0.000000 0.000000 0.000000 0.000000 0.000000 0.000000 0.000000 0.000000 
0.000000 0.000000 0.000000 0.000000 0.000000 0.000000 0.000000 0.000000 0.000000 0.000000 0.000000 0.000000 0.000000 0.000000 0.000000 0.000000 0.000000 0.000000 0.000000 0.000000 0.000000 0.000000 0.000000 0.000000 0.000000 0.000000 0.000000 0.000000 0.000000 0.000000 0.000000 0.000000 0.000000 0.000000 0.000000 0.000000 0.000000 0.000000 0.000000 0.000000 
0.000000 0.000000 0.000000 0.000000 0.000000 0.000000 0.000000 0.000000 0.000000 0.000000 0.000000 0.000000 0.000000 0.000000 0.000000 0.000000 0.000000 0.000000 0.000000 0.000000 0.000000 0.000000 0.000000 0.000000 0.000000 0.000000 0.000000 0.000000 0.000000 0.000000 0.000000 0.000000 0.000000 0.000000 0.000000 0.000000 0.000000 0.000000 0.000000 0.000000 
0.000000 0.000000 0.000000 0.000000 0.000000 0.000000 0.000000 0.000000 0.000000 0.000000 0.000000 0.000000 0.000000 0.000000 0.000000 0.000000 0.000000 0.000000 0.000000 0.000000 0.000000 0.000000 0.000000 0.000000 0.000000 0.000000 0.000000 0.000000 0.000000 0.000000 0.000000 0.000000 0.000000 0.000000 0.000000 0.000000 0.000000 0.000000 0.000000 0.000000 
0.000000 0.000000 0.000000 0.000000 0.000000 0.000000 0.000000 0.000000 0.000000 0.000000 0.000000 0.000000 0.000000 0.000000 0.000000 0.000000 0.000000 0.000000 0.000000 0.000000 0.000000 0.000000 0.000000 0.000000 0.000000 0.000000 0.000000 0.000000 0.000000 0.000000 0.000000 0.000000 0.000000 0.000000 0.000000 0.000000 0.000000 0.000000 0.000000 0.000000 
0.000000 0.000000 0.000000 0.000000 0.000000 2.403000 2.078000 2.078000 2.078000 2.078000 2.078000 2.078000 2.042000 2.001000 2.000000 2.000000 2.000000 2.006000 2.047000 2.078000 2.078000 2.065000 2.024000 2.000000 2.000000 2.020000 2.061000 2.078000 2.078000 2.078000 2.078000 2.078000 2.078000 2.078000 2.078000 2.078000 0.000000 0.000000 0.000000 0.000000 
0.000000 0.000000 0.000000 0.000000 0.000000 2.403000 2.078000 2.078000 2.078000 2.078000 2.078000 2.078000 2.042000 2.001000 2.000000 2.000000 2.000000 2.006000 2.047000 2.078000 2.078000 2.065000 2.024000 2.000000 2.000000 2.020000 2.061000 2.078000 2.078000 2.078000 2.078000 2.078000 2.078000 2.078000 2.078000 2.078000 0.000000 0.000000 0.000000 0.000000 
0.000000 0.000000 0.000000 0.000000 0.000000 2.403000 2.078000 2.078000 2.078000 2.078000 2.078000 2.078000 2.042000 2.001000 2.000000 2.000000 2.000000 2.006000 2.047000 2.078000 2.078000 2.065000 2.024000 2.000000 2.000000 2.020000 2.061000 2.078000 2.078000 2.078000 2.078000 2.078000 2.078000 2.078000 2.078000 2.078000 0.000000 0.000000 0.000000 0.000000 
0.000000 0.000000 0.000000 0.000000 0.000000 2.403000 2.078000 2.078000 2.078000 2.078000 2.078000 2.078000 2.042000 2.001000 2.000000 2.000000 2.000000 2.006000 2.047000 2.078000 2.078000 2.069000 2.042000 2.026000 2.026000 2.039000 2.067000 2.078000 2.078000 2.078000 2.078000 2.078000 2.078000 2.067000 2.053000 2.052000 0.000000 0.000000 0.000000 0.000000 
0.000000 0.000000 0.000000 0.000000 0.000000 2.403000 2.078000 2.078000 2.078000 2.078000 2.078000 2.078000 2.042000 2.001000 2.000000 2.000000 2.000000 2.006000 2.047000 2.078000 2.078000 2.076000 2.070000 2.066000 2.066000 2.069000 2.075000 2.078000 2.078000 2.078000 2.078000 2.078000 2.078000 2.049000 2.014000 2.012000 0.000000 0.000000 0.000000 0.000000 
0.000000 0.000000 0.000000 0.000000 2.822000 2.258000 2.049000 2.049000 2.049000 2.049000 2.049000 2.049000 2.026000 2.001000 2.000000 2.000000 2.000000 2.006000 2.047000 2.078000 2.078000 2.078000 2.078000 2.078000 2.078000 2.078000 2.078000 2.078000 2.078000 2.078000 2.078000 2.078000 2.078000 2.044000 2.003000 2.000000 0.000000 0.000000 0.000000 0.000000 
0.000000 0.000000 0.000000 2.251000 2.182000 2.055000 2.008000 2.008000 2.008000 2.008000 2.008000 2.008000 2.004000 2.000000 2.000000 2.000000 2.000000 2.006000 2.047000 2.078000 2.078000 2.078000 2.078000 2.078000 2.078000 2.078000 2.078000 2.078000 2.078000 2.078000 2.078000 2.078000 2.078000 2.044000 2.003000 2.000000 0.000000 0.000000 0.000000 0.000000 
0.000000 0.000000 0.000000 2.045000 2.032000 2.009000 2.000000 2.000000 2.000000 2.000000 2.000000 2.000000 2.000000 2.000000 2.000000 2.000000 2.000000 2.006000 2.047000 2.078000 2.078000 2.078000 2.078000 2.078000 2.078000 2.078000 2.078000 2.078000 2.078000 2.078000 2.078000 2.078000 2.078000 2.030000 1.972000 1.968000 0.000000 0.000000 0.000000 0.000000 
0.000000 0.000000 0.000000 2.005000 2.003000 2.001000 2.000000 2.000000 2.000000 2.000000 2.000000 2.000000 2.000000 2.000000 2.000000 2.000000 2.000000 2.006000 2.047000 2.078000 2.078000 2.078000 2.078000 2.078000 2.078000 2.078000 2.078000 2.078000 2.078000 2.078000 2.078000 2.078000 2.078000 2.012000 1.934000 1.928000 0.000000 0.000000 0.000000 0.000000 
0.000000 0.000000 0.000000 2.000000 2.000000 2.000000 2.000000 2.000000 2.000000 2.000000 2.000000 2.000000 2.000000 2.000000 2.000000 2.000000 2.000000 2.006000 2.047000 2.078000 2.078000 2.078000 2.078000 2.070000 2.051000 2.042000 2.042000 2.042000 2.042000 2.042000 2.042000 2.042000 2.042000 1.990000 1.928000 1.924000 0.000000 0.000000 0.000000 0.000000 
0.000000 0.000000 0.000000 2.000000 2.000000 2.000000 2.000000 2.000000 2.000000 2.000000 2.000000 2.000000 2.000000 2.000000 2.000000 2.000000 2.000000 2.006000 2.047000 2.078000 2.078000 2.078000 2.078000 2.062000 2.021000 2.001000 2.001000 2.001000 2.001000 2.001000 2.001000 2.001000 2.001000 1.967000 1.927000 1.924000 0.000000 0.000000 0.000000 0.000000 
0.000000 0.000000 0.000000 2.000000 2.000000 2.000000 2.000000 2.000000 1.985000 1.965000 1.961000 1.961000 1.961000 1.961000 1.981000 2.000000 2.000000 2.003000 2.023000 2.038000 2.038000 2.038000 2.038000 2.030000 2.010000 2.000000 2.000000 2.000000 2.000000 2.000000 2.000000 2.000000 2.000000 1.967000 1.927000 1.924000 0.000000 0.000000 0.000000 0.000000 
0.000000 0.000000 0.000000 2.000000 2.000000 2.000000 2.000000 2.000000 1.972000 1.932000 1.924000 1.924000 1.924000 1.924000 1.961000 1.998000 1.998000 1.998000 1.999000 2.000000 2.000000 2.000000 2.000000 2.000000 2.000000 2.000000 2.000000 2.000000 2.000000 2.000000 2.000000 2.000000 2.000000 1.968000 1.929000 1.926000 0.000000 0.000000 0.000000 0.000000 
0.000000 0.000000 0.000000 2.000000 2.000000 2.000000 2.000000 2.000000 1.972000 1.932000 1.924000 1.924000 1.924000 1.924000 1.941000 1.958000 1.958000 1.961000 1.983000 2.000000 2.000000 2.000000 2.000000 2.000000 2.000000 2.000000 2.000000 2.000000 2.000000 2.000000 2.000000 2.000000 2.000000 1.985000 1.967000 1.966000 0.000000 0.000000 0.000000 0.000000 
0.000000 0.000000 0.000000 2.000000 2.000000 2.000000 2.000000 2.000000 1.972000 1.932000 1.924000 1.924000 1.924000 1.924000 1.924000 1.924000 1.924000 1.930000 1.973000 2.006000 2.006000 2.005000 2.002000 1.999000 1.996000 1.994000 1.994000 1.994000 1.994000 1.996000 1.999000 2.000000 2.000000 2.000000 2.000000 2.000000 0.000000 0.000000 0.000000 0.000000 
0.000000 0.000000 0.000000 2.000000 2.000000 2.000000 2.000000 2.000000 1.972000 1.932000 1.924000 1.924000 1.924000 1.924000 1.924000 1.924000 1.924000 1.934000 1.998000 2.047000 2.047000 2.039000 2.014000 1.990000 1.966000 1.954000 1.954000 1.954000 1.954000 1.970000 1.994000 2.000000 2.000000 2.000000 2.000000 2.000000 0.000000 0.000000 0.000000 0.000000 
0.000000 0.000000 0.000000 2.000000 2.000000 2.000000 2.000000 2.000000 1.972000 1.932000 1.924000 1.924000 1.924000 1.924000 1.924000 1.924000 1.924000 1.936000 2.016000 2.078000 2.078000 2.065000 2.024000 1.984000 1.944000 1.924000 1.924000 1.924000 1.924000 1.947000 1.982000 1.991000 1.991000 1.991000 1.991000 1.991000 0.000000 0.000000 0.000000 0.000000 
0.000000 0.000000 0.000000 2.000000 2.000000 2.000000 2.000000 2.000000 1.972000 1.932000 1.924000 1.924000 1.924000 1.924000 1.924000 1.924000 1.924000 1.936000 2.016000 2.078000 2.078000 2.065000 2.024000 1.984000 1.944000 1.924000 1.924000 1.924000 1.924000 1.933000 1.947000 1.951000 1.951000 1.951000 1.951000 1.951000 0.000000 0.000000 0.000000 0.000000 
0.000000 0.000000 0.000000 2.000000 2.000000 2.000000 2.000000 2.000000 1.967000 1.921000 1.912000 1.912000 1.923000 1.936000 1.930000 1.924000 1.924000 1.936000 2.016000 2.078000 2.078000 2.065000 2.024000 1.984000 1.944000 1.924000 1.924000 1.924000 1.924000 1.924000 1.924000 1.924000 1.924000 1.919000 1.912000 1.912000 0.000000 0.000000 0.000000 0.000000 
0.000000 0.000000 0.000000 2.000000 2.000000 2.000000 2.000000 2.000000 1.953000 1.887000 1.874000 1.874000 1.921000 1.975000 1.950000 1.924000 1.924000 1.936000 2.016000 2.078000 2.078000 2.065000 2.024000 1.984000 1.944000 1.924000 1.924000 1.924000 1.924000 1.924000 1.924000 1.924000 1.924000 1.902000 1.875000 1.874000 0.000000 0.000000 0.000000 0.000000 
0.000000 0.000000 0.000000 2.000000 2.000000 2.000000 2.000000 2.000000 1.944000 1.866000 1.851000 1.851000 1.920000 1.998000 1.961000 1.924000 1.924000 1.935000 2.006000 2.059000 2.051000 2.035000 2.003000 1.974000 1.952000 1.936000 1.928000 1.924000 1.924000 1.924000 1.924000 1.924000 1.924000 1.892000 1.854000 1.851000 0.000000 0.000000 0.000000 0.000000 
0.000000 0.000000 0.000000 2.000000 2.000000 2.000000 2.000000 2.000000 1.944000 1.866000 1.851000 1.851000 1.920000 1.998000 1.961000 1.924000 1.924000 1.932000 1.982000 2.014000 1.984000 1.961000 1.950000 1.952000 1.970000 1.965000 1.936000 1.924000 1.924000 1.924000 1.924000 1.924000 1.924000 1.892000 1.854000 1.851000 0.000000 0.000000 0.000000 0.000000 
0.000000 0.000000 0.000000 2.454000 2.454000 2.454000 2.454000 2.454000 2.413000 2.355000 2.153000 1.916000 1.941000 1.999000 1.961000 1.924000 1.924000 1.930000 1.970000 1.991000 1.951000 1.924000 1.924000 1.940000 1.980000 1.985000 1.956000 1.932000 1.912000 1.905000 1.905000 1.913000 1.922000 1.892000 1.854000 1.851000 0.000000 0.000000 0.000000 0.000000 
0.000000 0.000000 0.000000 0.000000 0.000000 0.000000 0.000000 0.000000 0.000000 0.000000 2.764000 2.047000 1.983000 2.000000 1.961000 1.924000 1.924000 1.930000 1.970000 1.991000 1.951000 1.924000 1.924000 1.940000 1.980000 1.996000 1.987000 1.948000 1.887000 1.867000 1.867000 1.889000 1.919000 1.892000 1.854000 1.851000 0.000000 0.000000 0.000000 0.000000 
0.000000 0.000000 0.000000 0.000000 0.000000 0.000000 0.000000 0.000000 0.000000 0.000000 0.000000 2.102000 2.000000 2.000000 1.961000 1.924000 1.924000 1.930000 1.970000 1.991000 1.951000 1.924000 1.924000 1.940000 1.980000 2.000000 2.000000 1.955000 1.877000 1.851000 1.851000 1.880000 1.918000 1.892000 1.854000 1.851000 0.000000 0.000000 0.000000 0.000000 
0.000000 0.000000 0.000000 0.000000 0.000000 0.000000 0.000000 0.000000 0.000000 0.000000 0.000000 0.000000 0.000000 0.000000 0.000000 0.000000 0.000000 0.000000 0.000000 0.000000 0.000000 0.000000 0.000000 0.000000 0.000000 0.000000 0.000000 0.000000 0.000000 0.000000 0.000000 0.000000 0.000000 0.000000 0.000000 0.000000 0.000000 0.000000 0.000000 0.000000 
0.000000 0.000000 0.000000 0.000000 0.000000 0.000000 0.000000 0.000000 0.000000 0.000000 0.000000 0.000000 0.000000 0.000000 0.000000 0.000000 0.000000 0.000000 0.000000 0.000000 0.000000 0.000000 0.000000 0.000000 0.000000 0.000000 0.000000 0.000000 0.000000 0.000000 0.000000 0.000000 0.000000 0.000000 0.000000 0.000000 0.000000 0.000000 0.000000 0.000000 
0.000000 0.000000 0.000000 0.000000 0.000000 0.000000 0.000000 0.000000 0.000000 0.000000 0.000000 0.000000 0.000000 0.000000 0.000000 0.000000 0.000000 0.000000 0.000000 0.000000 0.000000 0.000000 0.000000 0.000000 0.000000 0.000000 0.000000 0.000000 0.000000 0.000000 0.000000 0.000000 0.000000 0.000000 0.000000 0.000000 0.000000 0.000000 0.000000 0.000000 
0.000000 0.000000 0.000000 0.000000 0.000000 0.000000 0.000000 0.000000 0.000000 0.000000 0.000000 0.000000 0.000000 0.000000 0.000000 0.000000 0.000000 0.000000 0.000000 0.000000 0.000000 0.000000 0.000000 0.000000 0.000000 0.000000 0.000000 0.000000 0.000000 0.000000 0.000000 0.000000 0.000000 0.000000 0.000000 0.000000 0.000000 0.000000 0.000000 0.000000 
0.000000 0.000000 0.000000 0.000000 0.000000 0.000000 0.000000 0.000000 0.000000 0.000000 0.000000 0.000000 0.000000 0.000000 0.000000 0.000000 0.000000 0.000000 0.000000 0.000000 0.000000 0.000000 0.000000 0.000000 0.000000 0.000000 0.000000 0.000000 0.000000 0.000000 0.000000 0.000000 0.000000 0.000000 0.000000 0.000000 0.000000 0.000000 0.000000 0.000000 
0.000000 0.000000 0.000000 0.000000 0.000000 0.000000 0.000000 0.000000 0.000000 0.000000 0.000000 0.000000 0.000000 0.000000 0.000000 0.000000 0.000000 0.000000 0.000000 0.000000 0.000000 0.000000 0.000000 0.000000 0.000000 0.000000 0.000000 0.000000 0.000000 0.000000 0.000000 0.000000 0.000000 0.000000 0.000000 0.000000 0.000000 0.000000 0.000000 0.000000 
0.000000 0.000000 0.000000 0.000000 0.000000 0.000000 0.000000 0.000000 0.000000 0.000000 0.000000 0.000000 0.000000 0.000000 0.000000 0.000000 0.000000 0.000000 0.000000 0.000000 0.000000 0.000000 0.000000 0.000000 0.000000 0.000000 0.000000 0.000000 0.000000 0.000000 0.000000 0.000000 0.000000 0.000000 0.000000 0.000000 0.000000 0.000000 0.000000 0.000000 
0.000000 0.000000 0.000000 0.000000 0.000000 0.000000 0.000000 0.000000 0.000000 0.000000 0.000000 0.000000 0.000000 0.000000 0.000000 0.000000 0.000000 0.000000 0.000000 0.000000 0.000000 0.000000 0.000000 0.000000 0.000000 0.000000 0.000000 0.000000 0.000000 0.000000 0.000000 0.000000 0.000000 0.000000 0.000000 0.000000 0.000000 0.000000 0.000000 0.000000 
