40 40
0.000000 0.000000 0.000000 0.000000 0.000000 0.000000 0.000000 0.000000 0.000000 0.000000 0.000000 0.000000 0.000000 0.000000 0.000000 0.000000 0.000000 0.000000 0.000000 0.000000 0.000000 0.000000 0.000000 0.000000 0.000000 0.000000 0.000000 0.000000 0.000000 0.000000 0.000000 0.000000 0.000000 0.000000 0.000000 0.000000 0.000000 0.000000 0.000000 0.000000 
0.000000 0.000000 0.000000 0.000000 0.000000 0.000000 0.000000 0.000000 0.000000 0.000000 0.000000 0.000000 0.000000 0.000000 0.000000 0.000000 0.000000 0.000000 0.000000 0.000000 0.000000 0.000000 0.000000 0.000000 0.000000 0.000000 0.000000 0.000000 0.000000 0.000000 0.000000 0.000000 0.000000 0.000000 0.000000 0.000000 0.000000 0.000000 0.000000 0.000000 
0.000000 0.000000 0.000000 0.000000 0.000000 0.000000 0.000000 0.000000 0.000000 0.000000 0.000000 0.000000 0.000000 0.000000 0.000000 0.000000 0.000000 0.000000 0.000000 0.000000 0.000000 0.000000 0.000000 0.000000 0.000000 0.000000 0.000000 0.000000 0.000000 0.000000 0.000000 0.000000 0.000000 0.000000 0.000000 0.000000 0.000000 0.000000 0.000000 0.000000 
0.000000 0.000000 0.000000 0.000000 0.000000 0.000000 0.000000 0.000000 0.000000 0.000000 0.000000 0.000000 0.000000 0.000000 0.000000 0.000000 0.000000 0.000000 0.000000 0.000000 0.000000 0.000000 0.000000 0.000000 0.000000 0.000000 0.000000 0.000000 0.000000 0.000000 0.000000 0.000000 0.000000 0.000000 0.000000 0.000000 0.000000 0.000000 0.000000 0.000000 
0.000000 0.000000 0.000000 0.000000 0.000000 0.000000 0.000000 0.000000 0.000000 0.000000 0.000000 0.000000 0.000000 0.000000 0.000000 0.000000 0.000000 0.000000 0.000000 0.000000 0.000000 0.000000 0.000000 0.000000 0.000000 0.000000 0.000000 0.000000 0.000000 0.000000 0.000000 0.000000 0.000000 0.000000 0.000000 0.000000 0.000000 0.000000 0.000000 0.000000 
0.000000 0.000000 0.000000 0.000000 0.000000 0.000000 0.000000 0.000000 0.000000 0.000000 0.000000 0.000000 0.000000 0.000000 0.000000 0.000000 0.000000 0.000000 0.000000 0.000000 0.000000 0.000000 0.000000 0.000000 0.000000 0.000000 0.000000 0.000000 0.000000 0.000000 0.000000 0.000000 0.000000 0.000000 0.000000 0.000000 0.000000 0.000000 0.000000 0.000000 
0.000000 0.000000 0.000000 0.000000 0.000000 0.000000 0.000000 0.000000 0.000000 0.000000 0.000000 0.000000 0.000000 0.000000 0.000000 0.000000 0.000000 0.000000 0.000000 0.000000 0.000000 0.000000 0.000000 0.000000 0.000000 0.000000 0.000000 0.000000 0.000000 0.000000 0.000000 0.000000 0.000000 0.000000 0.000000 0.000000 0.000000 0.000000 0.000000 0.000000 
0.000000 0.000000 0.000000 0.000000 0.000000 0.000000 0.000000 0.000000 0.000000 0.000000 0.000000 0.000000 0.000000 0.000000 0.000000 0.000000 0.000000 0.000000 0.000000 0.000000 0.000000 0.000000 0.000000 0.000000 0.000000 0.000000 0.000000 0.000000 0.000000 0.000000 0.000000 0.000000 0.000000 0.000000 0.000000 0.000000 0.000000 0.000000 0.000000 0.000000 
0.000000 0.000000 0.000000 0.000000 0.000000 0.000000 0.000000 0.000000 0.000000 0.000000 0.000000 0.000000 0.000000 0.000000 0.000000 0.000000 0.000000 0.000000 0.000000 0.000000 0.000000 0.000000 0.000000 0.000000 0.000000 0.000000 0.000000 0.000000 0.000000 0.000000 0.000000 0.000000 0.000000 0.000000 0.000000 0.000000 0.000000 0.000000 0.000000 0.000000 
0.000000 0.000000 0.000000 0.000000 0.000000 0.000000 0.000000 0.000000 0.000000 0.000000 0.000000 0.000000 0.000000 0.000000 0.000000 0.000000 0.000000 0.000000 0.000000 0.000000 0.000000 0.000000 0.000000 0.000000 0.000000 0.000000 0.000000 0.000000 0.000000 0.000000 0.000000 0.000000 0.000000 0.000000 0.000000 0.000000 0.000000 0.000000 0.000000 0.000000 
0.000000 0.000000 0.000000 0.000000 0.000000 0.000000 0.000000 0.000000 0.000000 0.000000 0.000000 0.000000 0.000000 0.000000 0.000000 0.000000 0.000000 0.000000 0.000000 0.000000 0.000000 0.000000 0.000000 0.000000 0.000000 0.000000 0.000000 0.000000 0.000000 0.000000 0.000000 0.000000 0.000000 0.000000 0.000000 0.000000 0.000000 0.000000 0.000000 0.000000 
0.000000 0.000000 0.000000 0.000000 0.000000 0.000000 0.000000 0.000000 0.000000 0.000000 0.000000 0.000000 0.000000 0.000000 0.000000 1.502000 1.971000 1.971000 1.971000 1.171000 0.000000 0.000000 1.454000 2.059000 2.074000 2.100000 2.120000 2.122000 2.149000 2.127000 2.120000 2.135000 2.162000 2.184000 2.185000 2.212000 2.241000 0.000000 0.000000 0.000000 
0.000000 0.000000 0.000000 0.000000 0.000000 0.000000 0.000000 0.000000 0.000000 0.000000 0.000000 0.000000 0.000000 0.000000 0.000000 1.502000 1.971000 1.971000 1.971000 1.799000 1.299000 1.299000 1.897000 2.051000 2.074000 2.100000 2.120000 2.122000 2.149000 2.166000 2.154000 2.147000 2.153000 2.158000 2.159000 2.187000 2.197000 1.256000 0.000000 0.000000 
0.000000 0.000000 0.000000 0.000000 0.000000 0.000000 0.000000 0.000000 0.000000 0.000000 0.000000 0.000000 0.000000 0.000000 0.000000 1.810000 1.989000 1.989000 1.989000 1.992000 2.000000 2.000000 2.024000 2.061000 2.084000 2.093000 2.105000 2.124000 2.168000 2.181000 2.163000 2.151000 2.151000 2.151000 2.151000 2.162000 2.163000 1.534000 1.092000 0.000000 
0.000000 0.000000 0.000000 0.000000 0.000000 0.000000 0.000000 0.000000 0.000000 0.000000 0.000000 1.022000 1.915000 1.919000 1.943000 1.980000 2.016000 2.028000 2.023000 2.014000 2.014000 2.014000 2.050000 2.079000 2.089000 2.089000 2.096000 2.123000 2.164000 2.180000 2.163000 2.151000 2.151000 2.151000 2.151000 2.151000 2.151000 1.828000 1.601000 0.000000 
0.000000 0.000000 0.000000 0.000000 0.000000 0.000000 0.000000 1.835000 1.835000 1.874000 1.888000 1.900000 1.915000 1.919000 1.943000 1.967000 2.033000 2.059000 2.051000 2.039000 2.039000 2.039000 2.080000 2.089000 2.089000 2.089000 2.096000 2.122000 2.149000 2.177000 2.163000 2.151000 2.151000 2.151000 2.151000 2.151000 2.151000 2.157000 2.162000 0.000000 
0.000000 0.000000 0.000000 0.000000 0.000000 0.000000 0.000000 1.840000 1.840000 1.875000 1.891000 1.903000 1.915000 1.919000 1.943000 1.967000 2.025000 2.048000 2.048000 2.049000 2.053000 2.053000 2.078000 2.087000 2.089000 2.091000 2.100000 2.122000 2.143000 2.175000 2.163000 2.151000 2.151000 2.151000 2.151000 2.151000 2.151000 2.167000 2.178000 0.000000 
0.000000 1.834000 1.834000 1.834000 1.847000 1.860000 1.860000 1.861000 1.861000 1.881000 1.904000 1.915000 1.915000 1.919000 1.943000 1.967000 1.991000 1.999000 1.999000 2.006000 2.028000 2.029000 2.053000 2.079000 2.089000 2.100000 2.119000 2.120000 2.120000 2.170000 2.165000 2.153000 2.152000 2.151000 2.151000 2.151000 2.151000 2.151000 2.151000 0.000000 
0.000000 1.812000 1.812000 1.812000 1.824000 1.838000 1.842000 1.861000 1.861000 1.881000 1.904000 1.915000 1.915000 1.919000 1.943000 1.967000 1.973000 1.974000 1.974000 1.982000 2.006000 2.028000 2.053000 2.079000 2.089000 2.090000 2.098000 2.120000 2.120000 2.191000 2.210000 2.195000 2.171000 2.151000 2.151000 2.151000 2.151000 2.151000 2.151000 0.000000 
0.000000 1.809000 1.809000 1.809000 1.822000 1.835000 1.840000 1.862000 1.879000 1.886000 1.904000 1.915000 1.915000 1.919000 1.943000 1.967000 1.971000 1.971000 1.971000 1.978000 2.003000 2.028000 2.071000 2.086000 2.089000 2.089000 2.091000 2.097000 2.097000 2.171000 2.192000 2.166000 2.134000 2.128000 2.128000 2.128000 2.145000 2.151000 2.151000 0.000000 
0.000000 1.794000 1.806000 1.819000 1.837000 1.850000 1.852000 1.862000 1.885000 1.888000 1.914000 1.932000 1.932000 1.936000 1.959000 1.969000 1.971000 1.980000 1.988000 1.991000 2.005000 2.045000 2.081000 2.089000 2.089000 2.089000 2.089000 2.089000 2.089000 2.162000 2.160000 2.134000 2.120000 2.120000 2.120000 2.120000 2.129000 2.133000 2.133000 0.000000 
0.000000 1.784000 1.803000 1.833000 1.853000 1.861000 1.863000 1.873000 1.886000 1.888000 1.921000 1.943000 1.943000 1.947000 1.971000 1.971000 1.971000 1.987000 2.000000 2.000000 2.006000 2.057000 2.083000 2.089000 2.089000 2.089000 2.089000 2.089000 2.089000 2.130000 2.120000 2.106000 2.106000 2.209000 2.674000 2.652000 2.630000 2.609000 2.598000 0.000000 
0.000000 1.784000 1.815000 1.847000 1.861000 1.864000 1.872000 1.888000 1.888000 1.900000 1.927000 1.947000 1.951000 1.954000 1.971000 1.978000 1.980000 1.991000 1.997000 1.991000 1.997000 2.040000 2.080000 2.089000 2.089000 2.089000 2.089000 2.092000 2.123000 2.126000 2.103000 2.089000 2.095000 2.335000 0.000000 0.000000 0.000000 0.000000 0.000000 0.000000 
0.000000 1.784000 1.841000 1.860000 1.861000 1.870000 1.888000 1.888000 1.892000 1.927000 1.941000 1.955000 1.971000 1.971000 1.971000 1.992000 1.996000 1.996000 1.986000 1.971000 1.974000 1.999000 2.072000 2.089000 2.089000 2.092000 2.099000 2.111000 2.207000 2.216000 2.142000 2.098000 2.115000 2.371000 0.000000 0.000000 0.000000 0.000000 0.000000 0.000000 
0.000000 1.784000 1.824000 1.851000 1.861000 1.870000 1.888000 1.889000 1.912000 1.915000 1.932000 1.955000 1.971000 1.971000 1.971000 1.971000 1.971000 1.971000 1.971000 1.971000 1.974000 1.999000 2.072000 2.089000 2.089000 2.112000 2.158000 2.186000 2.213000 2.216000 2.175000 2.151000 2.151000 2.371000 0.000000 0.000000 0.000000 0.000000 0.000000 0.000000 
0.000000 1.784000 1.806000 1.829000 1.850000 1.862000 1.869000 1.888000 1.892000 1.909000 1.932000 1.955000 1.971000 1.971000 1.971000 1.971000 1.971000 1.971000 1.971000 1.971000 1.974000 1.999000 2.072000 2.089000 2.089000 2.122000 2.186000 2.270000 2.986000 0.000000 0.000000 0.000000 0.000000 0.000000 0.000000 0.000000 0.000000 0.000000 0.000000 0.000000 
0.000000 1.784000 1.790000 1.819000 1.848000 1.861000 1.862000 1.870000 1.886000 1.908000 1.943000 1.966000 1.977000 1.991000 1.991000 2.612000 2.747000 2.778000 2.795000 2.815000 2.873000 2.881000 2.809000 2.818000 2.830000 2.841000 2.869000 2.927000 0.000000 0.000000 0.000000 0.000000 0.000000 0.000000 0.000000 0.000000 0.000000 0.000000 0.000000 0.000000 
0.000000 1.770000 1.770000 1.793000 1.833000 1.861000 1.861000 1.862000 1.885000 1.908000 1.948000 2.131000 2.337000 2.379000 2.575000 2.971000 0.000000 0.000000 0.000000 0.000000 0.000000 0.000000 0.000000 0.000000 0.000000 0.000000 0.000000 0.000000 0.000000 0.000000 0.000000 0.000000 0.000000 0.000000 0.000000 0.000000 0.000000 0.000000 0.000000 0.000000 
0.000000 1.759000 1.759000 1.775000 1.821000 1.861000 1.861000 1.862000 1.885000 1.908000 1.948000 2.261000 2.625000 2.686000 0.000000 0.000000 0.000000 0.000000 0.000000 0.000000 0.000000 0.000000 0.000000 0.000000 0.000000 0.000000 0.000000 0.000000 0.000000 0.000000 0.000000 0.000000 0.000000 0.000000 0.000000 0.000000 0.000000 0.000000 0.000000 0.000000 
0.000000 0.000000 0.000000 0.000000 0.000000 0.000000 0.000000 0.000000 0.000000 0.000000 0.000000 0.000000 0.000000 0.000000 0.000000 0.000000 0.000000 0.000000 0.000000 0.000000 0.000000 0.000000 0.000000 0.000000 0.000000 0.000000 0.000000 0.000000 0.000000 0.000000 0.000000 0.000000 0.000000 0.000000 0.000000 0.000000 0.000000 0.000000 0.000000 0.000000 
0.000000 0.000000 0.000000 0.000000 0.000000 0.000000 0.000000 0.000000 0.000000 0.000000 0.000000 0.000000 0.000000 0.000000 0.000000 0.000000 0.000000 0.000000 0.000000 0.000000 0.000000 0.000000 0.000000 0.000000 0.000000 0.000000 0.000000 0.000000 0.000000 0.000000 0.000000 0.000000 0.000000 0.000000 0.000000 0.000000 0.000000 0.000000 0.000000 0.000000 
0.000000 0.000000 0.000000 0.000000 0.000000 0.000000 0.000000 0.000000 0.000000 0.000000 0.000000 0.000000 0.000000 0.000000 0.000000 0.000000 0.000000 0.000000 0.000000 0.000000 0.000000 0.000000 0.000000 0.000000 0.000000 0.000000 0.000000 0.000000 0.000000 0.000000 0.000000 0.000000 0.000000 0.000000 0.000000 0.000000 0.000000 0.000000 0.000000 0.000000 
0.000000 0.000000 0.000000 0.000000 0.000000 0.000000 0.000000 0.000000 0.000000 0.000000 0.000000 0.000000 0.000000 0.000000 0.000000 0.000000 0.000000 0.000000 0.000000 0.000000 0.000000 0.000000 0.000000 0.000000 0.000000 0.000000 0.000000 0.000000 0.000000 0.000000 0.000000 0.000000 0.000000 0.000000 0.000000 0.000000 0.000000 0.000000 0.000000 0.000000 
0.000000 0.000000 0.000000 0.000000 0.000000 0.000000 0.000000 0.000000 0.000000 0.000000 0.000000 0.000000 0.000000 0.000000 0.000000 0.000000 0.000000 0.000000 0.000000 0.000000 0.000000 0.000000 0.000000 0.000000 0.000000 0.000000 0.000000 0.000000 0.000000 0.000000 0.000000 0.000000 0.000000 0.000000 0.000000 0.000000 0.000000 0.000000 0.000000 0.000000 
0.000000 0.000000 0.000000 0.000000 0.000000 0.000000 0.000000 0.000000 0.000000 0.000000 0.000000 0.000000 0.000000 0.000000 0.000000 0.000000 0.000000 0.000000 0.000000 0.000000 0.000000 0.000000 0.000000 0.000000 0.000000 0.000000 0.000000 0.000000 0.000000 0.000000 0.000000 0.000000 0.000000 0.000000 0.000000 0.000000 0.000000 0.000000 0.000000 0.000000 
0.000000 0.000000 0.000000 0.000000 0.000000 0.000000 0.000000 0.000000 0.000000 0.000000 0.000000 0.000000 0.000000 0.000000 0.000000 0.000000 0.000000 0.000000 0.000000 0.000000 0.000000 0.000000 0.000000 0.000000 0.000000 0.000000 0.000000 0.000000 0.000000 0.000000 0.000000 0.000000 0.000000 0.000000 0.000000 0.000000 0.000000 0.000000 0.000000 0.000000 
0.000000 0.000000 0.000000 0.000000 0.000000 0.000000 0.000000 0.000000 0.000000 0.000000 0.000000 0.000000 0.000000 0.000000 0.000000 0.000000 0.000000 0.000000 0.000000 0.000000 0.000000 0.000000 0.000000 0.000000 0.000000 0.000000 0.000000 0.000000 0.000000 0.000000 0.000000 0.000000 0.000000 0.000000 0.000000 0.000000 0.000000 0.000000 0.000000 0.000000 
0.000000 0.000000 0.000000 0.000000 0.000000 0.000000 0.000000 0.000000 0.000000 0.000000 0.000000 0.000000 0.000000 0.000000 0.000000 0.000000 0.000000 0.000000 0.000000 0.000000 0.000000 0.000000 0.000000 0.000000 0.000000 0.000000 0.000000 0.000000 0.000000 0.000000 0.000000 0.000000 0.000000 0.000000 0.000000 0.000000 0.000000 0.000000 0.000000 0.000000 
0.000000 0.000000 0.000000 0.000000 0.000000 0.000000 0.000000 0.000000 0.000000 0.000000 0.000000 0.000000 0.000000 0.000000 0.000000 0.000000 0.000000 0.000000 0.000000 0.000000 0.000000 0.000000 0.000000 0.000000 0.000000 0.000000 0.000000 0.000000 0.000000 0.000000 0.000000 0.000000 0.000000 0.000000 0.000000 0.000000 0.000000 0.000000 0.000000 0.000000 
0.000000 0.000000 0.000000 0.000000 0.000000 0.000000 0.000000 0.000000 0.000000 0.000000 0.000000 0.000000 0.000000 0.000000 0.000000 0.000000 0.000000 0.000000 0.000000 0.000000 0.000000 0.000000 0.000000 0.000000 0.000000 0.000000 0.000000 0.000000 0.000000 0.000000 0.000000 0.000000 0.000000 0.000000 0.000000 0.000000 0.000000 0.000000 0.000000 0.000000 
