40 40
0.000000 0.000000 0.000000 0.000000 0.000000 0.000000 0.000000 0.000000 0.000000 0.000000 0.000000 0.000000 0.000000 0.000000 0.000000 0.000000 0.000000 0.000000 0.000000 0.000000 0.000000 0.000000 0.000000 0.000000 0.000000 0.000000 0.000000 0.000000 0.000000 0.000000 0.000000 0.000000 0.000000 0.000000 0.000000 0.000000 0.000000 0.000000 0.000000 0.000000 
0.000000 0.000000 0.000000 0.000000 0.000000 0.000000 0.000000 0.000000 0.000000 0.000000 0.000000 0.000000 0.000000 0.000000 0.000000 0.000000 0.000000 0.000000 0.000000 0.000000 0.000000 0.000000 0.000000 0.000000 0.000000 0.000000 0.000000 0.000000 0.000000 0.000000 0.000000 0.000000 0.000000 0.000000 0.000000 0.000000 0.000000 0.000000 0.000000 0.000000 
0.000000 0.000000 0.000000 0.000000 0.000000 0.000000 0.000000 0.000000 0.000000 0.000000 0.000000 0.000000 0.000000 0.000000 0.000000 0.000000 0.000000 0.000000 0.000000 0.000000 0.000000 0.000000 0.000000 0.000000 0.000000 0.000000 0.000000 0.000000 0.000000 0.000000 0.000000 0.000000 0.000000 0.000000 0.000000 0.000000 0.000000 0.000000 0.000000 0.000000 
0.000000 0.000000 0.000000 0.000000 0.000000 0.000000 0.000000 0.000000 0.000000 0.000000 0.000000 0.000000 0.000000 0.000000 0.000000 0.000000 0.000000 0.000000 0.000000 0.000000 0.000000 0.000000 0.000000 0.000000 0.000000 0.000000 0.000000 0.000000 0.000000 0.000000 0.000000 0.000000 0.000000 0.000000 0.000000 0.000000 0.000000 0.000000 0.000000 0.000000 
0.000000 0.000000 0.000000 0.000000 0.000000 0.000000 0.000000 0.000000 0.000000 0.000000 0.000000 0.000000 0.000000 0.000000 0.000000 0.000000 0.000000 0.000000 0.000000 0.000000 0.000000 0.000000 0.000000 0.000000 0.000000 0.000000 0.000000 0.000000 0.000000 0.000000 0.000000 0.000000 0.000000 0.000000 0.000000 0.000000 0.000000 0.000000 0.000000 0.000000 
0.000000 0.000000 0.000000 0.000000 0.000000 0.000000 0.000000 0.000000 1.743000 1.762000 1.783000 1.791000 1.801000 1.816000 1.816000 1.816000 1.838000 1.841000 1.856000 1.891000 1.918000 1.918000 1.920000 1.944000 1.967000 1.972000 2.645000 0.000000 0.000000 0.000000 0.000000 0.000000 0.000000 0.000000 0.000000 0.000000 0.000000 0.000000 0.000000 0.000000 
0.000000 0.000000 0.000000 0.000000 0.000000 0.000000 0.000000 0.000000 1.762000 1.797000 1.809000 1.811000 1.821000 1.836000 1.836000 1.836000 1.858000 1.861000 1.877000 1.902000 1.925000 1.940000 1.940000 1.945000 1.949000 1.965000 2.118000 2.661000 0.000000 0.000000 0.000000 0.000000 0.000000 0.000000 0.000000 0.000000 0.000000 0.000000 0.000000 0.000000 
0.000000 0.000000 0.000000 0.000000 0.000000 0.000000 0.000000 0.000000 1.800000 1.813000 1.827000 1.833000 1.843000 1.858000 1.858000 1.858000 1.880000 1.896000 1.906000 1.913000 1.927000 1.945000 1.945000 1.945000 1.945000 1.976000 1.996000 2.536000 0.000000 0.000000 0.000000 0.000000 0.000000 0.000000 0.000000 0.000000 0.000000 0.000000 0.000000 0.000000 
0.000000 0.000000 0.000000 0.000000 0.000000 0.000000 0.000000 0.000000 1.829000 1.829000 1.837000 1.841000 1.851000 1.870000 1.880000 1.880000 1.903000 1.915000 1.918000 1.918000 1.927000 1.945000 1.945000 1.945000 1.957000 1.977000 2.378000 2.956000 0.000000 0.000000 0.000000 0.000000 0.000000 0.000000 0.000000 0.000000 0.000000 0.000000 0.000000 0.000000 
0.000000 0.000000 0.000000 0.000000 0.000000 0.000000 0.000000 0.000000 1.841000 1.841000 1.848000 1.851000 1.857000 1.876000 1.902000 1.903000 1.916000 1.918000 1.925000 1.929000 1.934000 1.945000 1.945000 1.945000 1.967000 1.972000 2.422000 2.795000 2.950000 0.000000 0.000000 0.000000 0.000000 0.000000 0.000000 0.000000 0.000000 0.000000 0.000000 0.000000 
0.000000 0.000000 0.000000 0.000000 0.000000 0.000000 0.000000 0.000000 1.841000 1.841000 1.858000 1.866000 1.866000 1.878000 1.912000 1.918000 1.918000 1.918000 1.934000 1.945000 1.948000 1.952000 1.952000 1.952000 1.974000 1.980000 2.006000 2.028000 2.390000 0.000000 0.000000 0.000000 0.000000 0.000000 0.000000 0.000000 0.000000 0.000000 0.000000 0.000000 
0.000000 0.000000 0.000000 0.000000 0.000000 0.000000 0.000000 0.000000 1.841000 1.841000 1.858000 1.866000 1.866000 1.873000 1.896000 1.918000 1.918000 1.921000 1.936000 1.947000 1.957000 1.973000 1.976000 1.976000 1.995000 2.003000 2.017000 2.028000 2.390000 0.000000 0.000000 0.000000 0.000000 0.000000 0.000000 0.000000 0.000000 0.000000 0.000000 0.000000 
0.000000 0.000000 0.000000 0.000000 0.000000 0.000000 0.000000 0.000000 1.841000 1.841000 1.858000 1.866000 1.866000 1.873000 1.896000 1.918000 1.918000 1.938000 1.945000 1.958000 1.972000 1.978000 2.000000 2.000000 2.000000 2.019000 2.028000 2.028000 2.388000 0.000000 0.000000 0.000000 0.000000 0.000000 0.000000 0.000000 0.000000 0.000000 0.000000 0.000000 
0.000000 0.000000 0.000000 0.000000 0.000000 0.000000 0.000000 0.000000 1.819000 1.819000 1.836000 1.856000 1.875000 1.896000 1.918000 1.942000 1.942000 1.944000 1.945000 1.958000 1.972000 1.978000 2.002000 2.023000 2.024000 2.027000 2.028000 2.038000 2.099000 2.380000 0.000000 0.000000 0.000000 0.000000 0.000000 0.000000 0.000000 0.000000 0.000000 0.000000 
0.000000 0.000000 0.000000 0.000000 0.000000 0.000000 0.000000 0.000000 1.780000 1.780000 1.821000 1.854000 1.884000 1.918000 1.939000 1.945000 1.945000 1.960000 1.965000 1.968000 1.972000 1.978000 2.002000 2.026000 2.028000 2.028000 2.028000 2.031000 2.042000 2.251000 0.000000 0.000000 0.000000 0.000000 0.000000 0.000000 0.000000 0.000000 0.000000 0.000000 
0.000000 0.000000 0.000000 0.000000 0.000000 0.000000 0.000000 0.000000 1.752000 1.752000 1.812000 1.854000 1.894000 1.937000 1.945000 1.945000 1.945000 1.965000 1.972000 1.972000 1.972000 1.978000 2.002000 2.026000 2.028000 2.028000 2.028000 2.028000 2.036000 2.253000 0.000000 0.000000 0.000000 0.000000 0.000000 0.000000 0.000000 0.000000 0.000000 0.000000 
0.000000 0.000000 0.000000 0.000000 0.000000 0.000000 0.000000 0.000000 1.257000 1.646000 1.777000 1.860000 1.933000 1.958000 1.958000 1.958000 1.958000 1.968000 1.972000 1.972000 1.972000 1.978000 2.002000 2.026000 2.039000 2.042000 2.034000 2.028000 2.036000 2.253000 0.000000 0.000000 0.000000 0.000000 0.000000 0.000000 0.000000 0.000000 0.000000 0.000000 
0.000000 0.000000 0.000000 0.000000 0.000000 0.000000 0.000000 0.000000 0.000000 1.259000 1.395000 1.715000 1.987000 1.982000 1.982000 1.982000 1.982000 1.982000 1.982000 1.982000 1.982000 1.987000 2.012000 2.036000 2.053000 2.057000 2.047000 2.038000 2.043000 2.253000 0.000000 0.000000 0.000000 0.000000 0.000000 0.000000 0.000000 0.000000 0.000000 0.000000 
0.000000 0.000000 0.000000 0.000000 0.000000 0.000000 0.000000 0.000000 0.000000 0.000000 0.000000 1.429000 2.023000 2.006000 2.006000 2.006000 2.001000 2.000000 2.000000 2.000000 2.002000 2.012000 2.036000 2.056000 2.062000 2.063000 2.060000 2.057000 2.062000 2.230000 0.000000 0.000000 0.000000 0.000000 0.000000 0.000000 0.000000 0.000000 0.000000 0.000000 
0.000000 0.000000 0.000000 0.000000 0.000000 0.000000 0.000000 0.000000 0.000000 0.000000 0.000000 1.387000 1.985000 2.030000 2.028000 2.028000 2.005000 2.001000 2.000000 2.001000 2.012000 2.036000 2.057000 2.059000 2.081000 2.088000 2.072000 2.059000 2.084000 2.146000 2.146000 2.146000 0.000000 0.000000 0.000000 0.000000 0.000000 0.000000 0.000000 0.000000 
0.000000 0.000000 0.000000 0.000000 0.000000 0.000000 0.000000 0.000000 0.000000 0.000000 0.000000 0.000000 1.309000 2.048000 2.028000 2.028000 2.027000 2.007000 2.000000 2.013000 2.036000 2.056000 2.059000 2.083000 2.086000 2.105000 2.098000 2.084000 2.102000 2.146000 2.146000 2.146000 0.000000 0.000000 0.000000 0.000000 0.000000 0.000000 0.000000 0.000000 
0.000000 0.000000 0.000000 0.000000 0.000000 0.000000 0.000000 0.000000 0.000000 0.000000 0.000000 0.000000 1.275000 2.056000 2.052000 2.051000 2.031000 2.024000 2.023000 2.036000 2.053000 2.062000 2.081000 2.086000 2.086000 2.106000 2.126000 2.135000 2.145000 2.171000 2.171000 2.149000 0.000000 0.000000 0.000000 0.000000 0.000000 0.000000 0.000000 0.000000 
0.000000 0.000000 0.000000 0.000000 0.000000 0.000000 0.000000 0.000000 0.000000 0.000000 0.000000 0.000000 1.286000 2.071000 2.057000 2.057000 2.032000 2.028000 2.028000 2.042000 2.064000 2.079000 2.086000 2.086000 2.103000 2.113000 2.132000 2.146000 2.155000 2.177000 2.176000 2.150000 0.000000 0.000000 0.000000 0.000000 0.000000 0.000000 0.000000 0.000000 
0.000000 0.000000 0.000000 0.000000 0.000000 0.000000 0.000000 0.000000 0.000000 0.000000 0.000000 0.000000 1.293000 2.099000 2.087000 2.073000 2.048000 2.044000 2.044000 2.058000 2.083000 2.102000 2.102000 2.102000 2.113000 2.116000 2.132000 2.146000 2.155000 2.180000 2.193000 2.167000 0.000000 0.000000 0.000000 0.000000 0.000000 0.000000 0.000000 0.000000 
0.000000 0.000000 0.000000 0.000000 0.000000 0.000000 0.000000 0.000000 0.000000 0.000000 0.000000 0.000000 0.000000 1.697000 2.101000 2.086000 2.071000 2.069000 2.077000 2.090000 2.104000 2.116000 2.116000 2.116000 2.126000 2.128000 2.138000 2.151000 2.164000 2.182000 2.207000 2.181000 0.000000 0.000000 0.000000 0.000000 0.000000 0.000000 0.000000 0.000000 
0.000000 0.000000 0.000000 0.000000 0.000000 0.000000 0.000000 0.000000 0.000000 0.000000 0.000000 0.000000 0.000000 0.000000 1.191000 1.196000 1.972000 2.086000 2.104000 2.120000 2.124000 2.124000 2.124000 2.124000 2.149000 2.155000 2.155000 2.164000 2.179000 2.189000 2.207000 2.181000 0.000000 0.000000 0.000000 0.000000 0.000000 0.000000 0.000000 0.000000 
0.000000 0.000000 0.000000 0.000000 0.000000 0.000000 0.000000 0.000000 0.000000 0.000000 0.000000 0.000000 0.000000 0.000000 0.000000 0.000000 1.268000 1.970000 2.110000 2.133000 2.148000 2.151000 2.151000 2.151000 2.172000 2.177000 2.177000 2.179000 2.189000 2.209000 2.212000 2.190000 0.000000 0.000000 0.000000 0.000000 0.000000 0.000000 0.000000 0.000000 
0.000000 0.000000 0.000000 0.000000 0.000000 0.000000 0.000000 0.000000 0.000000 0.000000 0.000000 0.000000 0.000000 0.000000 0.000000 0.000000 0.000000 1.305000 2.146000 2.146000 2.157000 2.177000 2.177000 2.177000 2.177000 2.177000 2.177000 2.190000 2.209000 2.213000 2.242000 2.242000 0.000000 0.000000 0.000000 0.000000 0.000000 0.000000 0.000000 0.000000 
0.000000 0.000000 0.000000 0.000000 0.000000 0.000000 0.000000 0.000000 0.000000 0.000000 0.000000 0.000000 0.000000 0.000000 0.000000 0.000000 0.000000 1.305000 2.146000 2.146000 2.157000 2.177000 2.177000 2.177000 2.177000 2.177000 2.192000 2.218000 2.237000 2.242000 2.269000 2.269000 0.000000 0.000000 0.000000 0.000000 0.000000 0.000000 0.000000 0.000000 
0.000000 0.000000 0.000000 0.000000 0.000000 0.000000 0.000000 0.000000 0.000000 0.000000 0.000000 0.000000 0.000000 0.000000 0.000000 0.000000 0.000000 0.000000 1.192000 2.146000 2.157000 2.182000 2.200000 2.200000 2.200000 2.200000 2.205000 2.222000 2.248000 2.266000 2.273000 2.296000 0.000000 0.000000 0.000000 0.000000 0.000000 0.000000 0.000000 0.000000 
0.000000 0.000000 0.000000 0.000000 0.000000 0.000000 0.000000 0.000000 0.000000 0.000000 0.000000 0.000000 0.000000 0.000000 0.000000 0.000000 0.000000 0.000000 0.000000 2.146000 2.157000 2.184000 2.208000 2.208000 2.208000 2.208000 2.219000 2.234000 2.250000 2.102000 1.129000 1.140000 0.000000 0.000000 0.000000 0.000000 0.000000 0.000000 0.000000 0.000000 
0.000000 0.000000 0.000000 0.000000 0.000000 0.000000 0.000000 0.000000 0.000000 0.000000 0.000000 0.000000 0.000000 0.000000 0.000000 0.000000 0.000000 0.000000 0.000000 2.146000 2.157000 2.184000 2.208000 2.208000 2.208000 2.219000 1.757000 1.371000 1.376000 1.244000 0.000000 0.000000 0.000000 0.000000 0.000000 0.000000 0.000000 0.000000 0.000000 0.000000 
0.000000 0.000000 0.000000 0.000000 0.000000 0.000000 0.000000 0.000000 0.000000 0.000000 0.000000 0.000000 0.000000 0.000000 0.000000 0.000000 0.000000 0.000000 0.000000 1.567000 2.194000 2.204000 2.220000 2.220000 2.220000 1.804000 0.000000 0.000000 0.000000 0.000000 0.000000 0.000000 0.000000 0.000000 0.000000 0.000000 0.000000 0.000000 0.000000 0.000000 
0.000000 0.000000 0.000000 0.000000 0.000000 0.000000 0.000000 0.000000 0.000000 0.000000 0.000000 0.000000 0.000000 0.000000 0.000000 0.000000 0.000000 0.000000 0.000000 0.000000 2.262000 2.241000 2.241000 2.241000 2.241000 1.025000 0.000000 0.000000 0.000000 0.000000 0.000000 0.000000 0.000000 0.000000 0.000000 0.000000 0.000000 0.000000 0.000000 0.000000 
0.000000 0.000000 0.000000 0.000000 0.000000 0.000000 0.000000 0.000000 0.000000 0.000000 0.000000 0.000000 0.000000 0.000000 0.000000 0.000000 0.000000 0.000000 0.000000 0.000000 0.000000 0.000000 0.000000 0.000000 0.000000 0.000000 0.000000 0.000000 0.000000 0.000000 0.000000 0.000000 0.000000 0.000000 0.000000 0.000000 0.000000 0.000000 0.000000 0.000000 
0.000000 0.000000 0.000000 0.000000 0.000000 0.000000 0.000000 0.000000 0.000000 0.000000 0.000000 0.000000 0.000000 0.000000 0.000000 0.000000 0.000000 0.000000 0.000000 0.000000 0.000000 0.000000 0.000000 0.000000 0.000000 0.000000 0.000000 0.000000 0.000000 0.000000 0.000000 0.000000 0.000000 0.000000 0.000000 0.000000 0.000000 0.000000 0.000000 0.000000 
0.000000 0.000000 0.000000 0.000000 0.000000 0.000000 0.000000 0.000000 0.000000 0.000000 0.000000 0.000000 0.000000 0.000000 0.000000 0.000000 0.000000 0.000000 0.000000 0.000000 0.000000 0.000000 0.000000 0.000000 0.000000 0.000000 0.000000 0.000000 0.000000 0.000000 0.000000 0.000000 0.000000 0.000000 0.000000 0.000000 0.000000 0.000000 0.000000 0.000000 
0.000000 0.000000 0.000000 0.000000 0.000000 0.000000 0.000000 0.000000 0.000000 0.000000 0.000000 0.000000 0.000000 0.000000 0.000000 0.000000 0.000000 0.000000 0.000000 0.000000 0.000000 0.000000 0.000000 0.000000 0.000000 0.000000 0.000000 0.000000 0.000000 0.000000 0.000000 0.000000 0.000000 0.000000 0.000000 0.000000 0.000000 0.000000 0.000000 0.000000 
0.000000 0.000000 0.000000 0.000000 0.000000 0.000000 0.000000 0.000000 0.000000 0.000000 0.000000 0.000000 0.000000 0.000000 0.000000 0.000000 0.000000 0.000000 0.000000 0.000000 0.000000 0.000000 0.000000 0.000000 0.000000 0.000000 0.000000 0.000000 0.000000 0.000000 0.000000 0.000000 0.000000 0.000000 0.000000 0.000000 0.000000 0.000000 0.000000 0.000000 
0.000000 0.000000 0.000000 0.000000 0.000000 0.000000 0.000000 0.000000 0.000000 0.000000 0.000000 0.000000 0.000000 0.000000 0.000000 0.000000 0.000000 0.000000 0.000000 0.000000 0.000000 0.000000 0.000000 0.000000 0.000000 0.000000 0.000000 0.000000 0.000000 0.000000 0.000000 0.000000 0.000000 0.000000 0.000000 0.000000 0.000000 0.000000 0.000000 0.000000 
