40 40
0.000000 0.000000 0.000000 0.000000 0.000000 0.000000 0.000000 0.000000 0.000000 0.000000 0.000000 0.000000 0.000000 0.000000 0.000000 0.000000 0.000000 0.000000 0.000000 0.000000 0.000000 0.000000 0.000000 0.000000 0.000000 0.000000 0.000000 0.000000 0.000000 0.000000 0.000000 0.000000 0.000000 0.000000 0.000000 0.000000 0.000000 0.000000 0.000000 0.000000 
0.000000 0.000000 0.000000 0.000000 0.000000 0.000000 0.000000 0.000000 0.000000 0.000000 0.000000 0.000000 0.000000 0.000000 0.000000 0.000000 0.000000 0.000000 0.000000 0.000000 0.000000 0.000000 0.000000 0.000000 0.000000 0.000000 0.000000 0.000000 0.000000 0.000000 0.000000 0.000000 0.000000 0.000000 0.000000 0.000000 0.000000 0.000000 0.000000 0.000000 
0.000000 0.000000 0.000000 0.000000 0.000000 0.000000 0.000000 0.000000 0.000000 0.000000 0.000000 0.000000 0.000000 0.000000 0.000000 0.000000 0.000000 0.000000 0.000000 0.000000 0.000000 0.000000 0.000000 0.000000 0.000000 0.000000 0.000000 0.000000 0.000000 0.000000 0.000000 0.000000 0.000000 0.000000 0.000000 0.000000 0.000000 0.000000 0.000000 0.000000 
0.000000 0.000000 0.000000 0.000000 0.000000 0.000000 0.000000 0.000000 0.000000 0.000000 0.000000 0.000000 0.000000 0.000000 0.000000 0.000000 0.000000 0.000000 0.000000 0.000000 0.000000 0.000000 0.000000 0.000000 0.000000 0.000000 0.000000 0.000000 0.000000 0.000000 0.000000 0.000000 0.000000 0.000000 0.000000 0.000000 0.000000 0.000000 0.000000 0.000000 
0.000000 0.000000 0.000000 0.000000 0.000000 0.000000 0.000000 0.000000 0.000000 0.000000 0.000000 0.000000 0.000000 0.000000 0.000000 0.000000 0.000000 0.000000 0.000000 0.000000 0.000000 0.000000 0.000000 0.000000 0.000000 0.000000 0.000000 0.000000 0.000000 0.000000 0.000000 0.000000 0.000000 0.000000 0.000000 0.000000 0.000000 0.000000 0.000000 0.000000 
0.000000 0.000000 0.000000 0.000000 0.000000 0.000000 0.000000 0.000000 0.000000 0.000000 0.000000 0.000000 0.000000 0.000000 0.000000 0.000000 0.000000 0.000000 0.000000 0.000000 0.000000 0.000000 0.000000 0.000000 0.000000 0.000000 0.000000 0.000000 0.000000 0.000000 0.000000 0.000000 0.000000 0.000000 0.000000 0.000000 0.000000 0.000000 0.000000 0.000000 
0.000000 0.000000 0.000000 0.000000 0.000000 0.000000 0.000000 0.000000 0.000000 0.000000 0.000000 0.000000 0.000000 0.000000 0.000000 0.000000 0.000000 0.000000 0.000000 0.000000 0.000000 0.000000 0.000000 0.000000 0.000000 0.000000 0.000000 0.000000 0.000000 0.000000 0.000000 0.000000 0.000000 0.000000 0.000000 0.000000 0.000000 0.000000 0.000000 0.000000 
0.000000 0.000000 0.000000 0.000000 0.000000 0.000000 0.000000 0.000000 0.000000 0.000000 0.000000 0.000000 0.000000 0.000000 0.000000 0.000000 0.000000 0.000000 0.000000 0.000000 0.000000 0.000000 0.000000 0.000000 0.000000 0.000000 0.000000 0.000000 0.000000 0.000000 0.000000 0.000000 0.000000 0.000000 0.000000 0.000000 0.000000 0.000000 0.000000 0.000000 
0.000000 0.000000 0.000000 0.000000 0.000000 0.000000 0.000000 0.000000 0.000000 0.000000 0.000000 0.000000 0.000000 0.000000 0.000000 0.000000 0.000000 0.000000 0.000000 0.000000 0.000000 0.000000 0.000000 0.000000 0.000000 0.000000 0.000000 0.000000 0.000000 0.000000 0.000000 0.000000 0.000000 0.000000 0.000000 0.000000 0.000000 0.000000 0.000000 0.000000 
0.000000 0.000000 0.000000 0.000000 0.000000 0.000000 0.000000 0.000000 0.000000 0.000000 0.000000 0.000000 0.000000 0.000000 0.000000 0.000000 0.000000 0.000000 0.000000 0.000000 0.000000 0.000000 0.000000 0.000000 0.000000 0.000000 0.000000 0.000000 0.000000 0.000000 0.000000 0.000000 0.000000 0.000000 0.000000 0.000000 0.000000 0.000000 0.000000 0.000000 
0.000000 0.000000 0.000000 0.000000 0.000000 0.000000 0.000000 0.000000 0.000000 0.000000 0.000000 0.000000 0.000000 0.000000 0.000000 0.000000 0.000000 0.000000 0.000000 0.000000 0.000000 0.000000 0.000000 0.000000 0.000000 0.000000 0.000000 0.000000 0.000000 0.000000 0.000000 0.000000 0.000000 0.000000 0.000000 0.000000 0.000000 0.000000 0.000000 0.000000 
0.000000 0.000000 0.000000 0.000000 0.000000 0.000000 0.000000 0.000000 0.000000 0.000000 0.000000 0.000000 0.000000 0.000000 0.000000 0.000000 0.000000 0.000000 0.000000 0.000000 0.000000 0.000000 0.000000 0.000000 0.000000 0.000000 0.000000 0.000000 0.000000 0.000000 0.000000 0.000000 0.000000 0.000000 0.000000 0.000000 0.000000 0.000000 0.000000 0.000000 
0.000000 0.000000 2.169000 2.192000 2.237000 2.257000 2.257000 2.257000 2.257000 2.230000 2.186000 2.169000 2.169000 2.169000 2.169000 2.139000 2.096000 2.083000 2.083000 2.052000 2.010000 1.969000 1.928000 1.919000 1.919000 1.919000 1.919000 1.919000 1.919000 2.597000 0.000000 0.000000 0.000000 0.000000 0.000000 0.000000 0.000000 0.000000 0.000000 0.000000 
0.000000 0.000000 2.169000 2.192000 2.237000 2.257000 2.257000 2.257000 2.257000 2.230000 2.186000 2.169000 2.169000 2.162000 2.150000 2.125000 2.093000 2.083000 2.083000 2.052000 2.010000 1.969000 1.928000 1.919000 1.919000 1.919000 1.919000 1.919000 1.919000 2.421000 2.999000 0.000000 0.000000 0.000000 0.000000 2.993000 2.944000 2.943000 0.000000 0.000000 
0.000000 0.000000 2.169000 2.192000 2.237000 2.257000 2.257000 2.257000 2.257000 2.230000 2.186000 2.169000 2.169000 2.147000 2.114000 2.096000 2.086000 2.083000 2.083000 2.052000 2.010000 1.969000 1.928000 1.919000 1.919000 1.919000 1.919000 1.919000 1.919000 2.077000 2.259000 2.278000 2.278000 2.250000 2.220000 2.204000 2.188000 2.188000 0.000000 0.000000 
0.000000 0.000000 2.193000 2.210000 2.242000 2.257000 2.257000 2.257000 2.257000 2.230000 2.186000 2.169000 2.169000 2.141000 2.097000 2.083000 2.083000 2.083000 2.083000 2.052000 2.010000 1.977000 1.948000 1.932000 1.921000 1.919000 1.919000 1.919000 1.919000 1.919000 1.919000 1.919000 1.919000 1.883000 1.843000 1.841000 1.841000 1.841000 0.000000 0.000000 
0.000000 0.000000 2.238000 2.243000 2.253000 2.257000 2.257000 2.257000 2.257000 2.230000 2.186000 2.169000 2.169000 2.141000 2.097000 2.083000 2.083000 2.083000 2.083000 2.052000 2.010000 1.993000 1.984000 1.957000 1.925000 1.919000 1.919000 1.919000 1.919000 1.919000 1.919000 1.919000 1.919000 1.883000 1.843000 1.841000 1.841000 1.841000 0.000000 0.000000 
0.000000 0.000000 2.257000 2.257000 2.257000 2.257000 2.257000 2.257000 2.257000 2.230000 2.186000 2.169000 2.169000 2.149000 2.118000 2.099000 2.087000 2.083000 2.083000 2.052000 2.010000 2.000000 2.000000 1.968000 1.927000 1.919000 1.919000 1.919000 1.919000 1.919000 1.919000 1.919000 1.919000 1.893000 1.865000 1.853000 1.841000 1.841000 0.000000 0.000000 
0.000000 0.000000 2.257000 2.257000 2.257000 2.257000 2.257000 2.257000 2.257000 2.230000 2.186000 2.169000 2.169000 2.163000 2.154000 2.128000 2.093000 2.083000 2.083000 2.052000 2.010000 2.000000 2.000000 1.968000 1.927000 1.919000 1.919000 1.919000 1.919000 1.919000 1.919000 1.919000 1.919000 1.912000 1.903000 1.873000 1.842000 1.841000 0.000000 0.000000 
0.000000 0.000000 2.257000 2.257000 2.257000 2.257000 2.257000 2.257000 2.257000 2.230000 2.186000 2.169000 2.169000 2.169000 2.169000 2.139000 2.096000 2.083000 2.083000 2.052000 2.010000 1.991000 1.978000 1.953000 1.924000 1.919000 1.919000 1.909000 1.897000 1.895000 1.895000 1.895000 1.895000 1.895000 1.895000 1.869000 1.842000 1.841000 0.000000 0.000000 
0.000000 0.000000 2.257000 2.257000 2.257000 2.257000 2.257000 2.257000 2.257000 2.230000 2.186000 2.169000 2.169000 2.169000 2.169000 2.139000 2.096000 2.083000 2.083000 2.052000 2.010000 1.975000 1.942000 1.928000 1.920000 1.919000 1.919000 1.892000 1.860000 1.856000 1.856000 1.856000 1.856000 1.856000 1.856000 1.849000 1.841000 1.841000 0.000000 0.000000 
0.000000 0.000000 2.286000 2.286000 2.286000 2.278000 2.263000 2.257000 2.257000 2.239000 2.208000 2.188000 2.174000 2.169000 2.169000 2.131000 2.074000 2.057000 2.057000 2.026000 1.985000 1.944000 1.903000 1.894000 1.894000 1.894000 1.894000 1.872000 1.845000 1.841000 1.841000 1.841000 1.841000 1.841000 1.841000 1.829000 1.817000 1.817000 0.000000 0.000000 
0.000000 0.000000 2.333000 2.333000 2.333000 2.312000 2.274000 2.257000 2.257000 2.252000 2.244000 2.219000 2.182000 2.169000 2.169000 2.116000 2.038000 2.015000 2.015000 1.985000 1.943000 1.903000 1.863000 1.855000 1.855000 1.855000 1.855000 1.849000 1.842000 1.841000 1.841000 1.841000 1.841000 1.841000 1.841000 1.811000 1.779000 1.778000 0.000000 0.000000 
0.000000 0.000000 0.000000 0.000000 1.917000 2.332000 2.301000 2.279000 2.263000 2.257000 2.257000 2.229000 2.185000 2.160000 2.145000 2.092000 2.021000 1.990000 1.977000 1.944000 1.903000 1.873000 1.847000 1.841000 1.841000 1.841000 1.841000 1.841000 1.841000 1.841000 1.841000 1.841000 1.841000 1.841000 1.841000 1.804000 1.766000 1.765000 0.000000 0.000000 
0.000000 0.000000 0.000000 0.000000 1.251000 2.345000 2.337000 2.312000 2.273000 2.257000 2.257000 2.229000 2.185000 2.145000 2.109000 2.064000 2.015000 1.976000 1.941000 1.903000 1.863000 1.849000 1.842000 1.841000 1.841000 1.841000 1.841000 1.841000 1.841000 1.841000 1.841000 1.841000 1.841000 1.841000 1.841000 1.804000 1.766000 1.765000 0.000000 0.000000 
0.000000 0.000000 0.000000 0.000000 0.000000 0.000000 0.000000 0.000000 0.000000 0.000000 1.893000 2.229000 2.185000 2.141000 2.097000 2.036000 1.966000 1.926000 1.899000 1.873000 1.847000 1.841000 1.841000 1.841000 1.841000 1.841000 1.841000 1.841000 1.841000 1.841000 1.841000 1.841000 1.841000 1.841000 1.841000 1.804000 1.766000 1.765000 0.000000 0.000000 
0.000000 0.000000 0.000000 0.000000 0.000000 0.000000 0.000000 0.000000 0.000000 0.000000 1.355000 2.229000 2.185000 2.141000 2.097000 2.008000 1.898000 1.861000 1.854000 1.848000 1.842000 1.841000 1.841000 1.841000 1.841000 1.841000 1.841000 1.841000 1.841000 1.841000 1.841000 1.841000 1.841000 1.841000 1.841000 1.804000 1.766000 1.765000 0.000000 0.000000 
0.000000 0.000000 0.000000 0.000000 0.000000 0.000000 0.000000 0.000000 0.000000 0.000000 1.195000 2.229000 2.185000 2.141000 2.097000 2.000000 1.877000 1.841000 1.841000 1.841000 1.841000 1.841000 1.841000 1.841000 1.841000 1.841000 1.841000 1.841000 1.841000 1.841000 1.841000 1.841000 1.841000 1.841000 1.841000 1.804000 1.766000 1.765000 0.000000 0.000000 
0.000000 0.000000 0.000000 0.000000 0.000000 0.000000 0.000000 0.000000 0.000000 0.000000 0.000000 0.000000 0.000000 0.000000 0.000000 0.000000 0.000000 0.000000 0.000000 0.000000 0.000000 0.000000 0.000000 0.000000 0.000000 0.000000 0.000000 0.000000 0.000000 0.000000 0.000000 0.000000 0.000000 0.000000 0.000000 0.000000 0.000000 0.000000 0.000000 0.000000 
0.000000 0.000000 0.000000 0.000000 0.000000 0.000000 0.000000 0.000000 0.000000 0.000000 0.000000 0.000000 0.000000 0.000000 0.000000 0.000000 0.000000 0.000000 0.000000 0.000000 0.000000 0.000000 0.000000 0.000000 0.000000 0.000000 0.000000 0.000000 0.000000 0.000000 0.000000 0.000000 0.000000 0.000000 0.000000 0.000000 0.000000 0.000000 0.000000 0.000000 
0.000000 0.000000 0.000000 0.000000 0.000000 0.000000 0.000000 0.000000 0.000000 0.000000 0.000000 0.000000 0.000000 0.000000 0.000000 0.000000 0.000000 0.000000 0.000000 0.000000 0.000000 0.000000 0.000000 0.000000 0.000000 0.000000 0.000000 0.000000 0.000000 0.000000 0.000000 0.000000 0.000000 0.000000 0.000000 0.000000 0.000000 0.000000 0.000000 0.000000 
0.000000 0.000000 0.000000 0.000000 0.000000 0.000000 0.000000 0.000000 0.000000 0.000000 0.000000 0.000000 0.000000 0.000000 0.000000 0.000000 0.000000 0.000000 0.000000 0.000000 0.000000 0.000000 0.000000 0.000000 0.000000 0.000000 0.000000 0.000000 0.000000 0.000000 0.000000 0.000000 0.000000 0.000000 0.000000 0.000000 0.000000 0.000000 0.000000 0.000000 
0.000000 0.000000 0.000000 0.000000 0.000000 0.000000 0.000000 0.000000 0.000000 0.000000 0.000000 0.000000 0.000000 0.000000 0.000000 0.000000 0.000000 0.000000 0.000000 0.000000 0.000000 0.000000 0.000000 0.000000 0.000000 0.000000 0.000000 0.000000 0.000000 0.000000 0.000000 0.000000 0.000000 0.000000 0.000000 0.000000 0.000000 0.000000 0.000000 0.000000 
0.000000 0.000000 0.000000 0.000000 0.000000 0.000000 0.000000 0.000000 0.000000 0.000000 0.000000 0.000000 0.000000 0.000000 0.000000 0.000000 0.000000 0.000000 0.000000 0.000000 0.000000 0.000000 0.000000 0.000000 0.000000 0.000000 0.000000 0.000000 0.000000 0.000000 0.000000 0.000000 0.000000 0.000000 0.000000 0.000000 0.000000 0.000000 0.000000 0.000000 
0.000000 0.000000 0.000000 0.000000 0.000000 0.000000 0.000000 0.000000 0.000000 0.000000 0.000000 0.000000 0.000000 0.000000 0.000000 0.000000 0.000000 0.000000 0.000000 0.000000 0.000000 0.000000 0.000000 0.000000 0.000000 0.000000 0.000000 0.000000 0.000000 0.000000 0.000000 0.000000 0.000000 0.000000 0.000000 0.000000 0.000000 0.000000 0.000000 0.000000 
0.000000 0.000000 0.000000 0.000000 0.000000 0.000000 0.000000 0.000000 0.000000 0.000000 0.000000 0.000000 0.000000 0.000000 0.000000 0.000000 0.000000 0.000000 0.000000 0.000000 0.000000 0.000000 0.000000 0.000000 0.000000 0.000000 0.000000 0.000000 0.000000 0.000000 0.000000 0.000000 0.000000 0.000000 0.000000 0.000000 0.000000 0.000000 0.000000 0.000000 
0.000000 0.000000 0.000000 0.000000 0.000000 0.000000 0.000000 0.000000 0.000000 0.000000 0.000000 0.000000 0.000000 0.000000 0.000000 0.000000 0.000000 0.000000 0.000000 0.000000 0.000000 0.000000 0.000000 0.000000 0.000000 0.000000 0.000000 0.000000 0.000000 0.000000 0.000000 0.000000 0.000000 0.000000 0.000000 0.000000 0.000000 0.000000 0.000000 0.000000 
0.000000 0.000000 0.000000 0.000000 0.000000 0.000000 0.000000 0.000000 0.000000 0.000000 0.000000 0.000000 0.000000 0.000000 0.000000 0.000000 0.000000 0.000000 0.000000 0.000000 0.000000 0.000000 0.000000 0.000000 0.000000 0.000000 0.000000 0.000000 0.000000 0.000000 0.000000 0.000000 0.000000 0.000000 0.000000 0.000000 0.000000 0.000000 0.000000 0.000000 
0.000000 0.000000 0.000000 0.000000 0.000000 0.000000 0.000000 0.000000 0.000000 0.000000 0.000000 0.000000 0.000000 0.000000 0.000000 0.000000 0.000000 0.000000 0.000000 0.000000 0.000000 0.000000 0.000000 0.000000 0.000000 0.000000 0.000000 0.000000 0.000000 0.000000 0.000000 0.000000 0.000000 0.000000 0.000000 0.000000 0.000000 0.000000 0.000000 0.000000 
0.000000 0.000000 0.000000 0.000000 0.000000 0.000000 0.000000 0.000000 0.000000 0.000000 0.000000 0.000000 0.000000 0.000000 0.000000 0.000000 0.000000 0.000000 0.000000 0.000000 0.000000 0.000000 0.000000 0.000000 0.000000 0.000000 0.000000 0.000000 0.000000 0.000000 0.000000 0.000000 0.000000 0.000000 0.000000 0.000000 0.000000 0.000000 0.000000 0.000000 
