0.000000,0.000000,0.000000,0.000000,0.000000,0.000000,0.000000,0.000000,0.000000,0.000000,0.000000,0.000000,0.000000,0.000000,0.000000,0.000000,0.000000,0.000000,0.000000,0.000000,0.000000,0.000000,0.000000,0.000000,0.000000,0.000000,0.000000,0.000000,0.000000,0.000000,0.000000,0.000000,0.000000,0.000000,0.000000,0.000000,0.000000,0.000000,0.000000,0.000000,
0.000000,0.000000,0.000000,0.000000,0.000000,0.000000,0.000000,0.000000,0.000000,0.000000,0.000000,0.000000,0.000000,0.000000,0.000000,0.000000,0.000000,0.000000,0.000000,0.000000,0.000000,0.000000,0.000000,0.000000,0.000000,0.000000,0.000000,0.000000,0.000000,0.000000,0.000000,0.000000,0.000000,0.000000,0.000000,0.000000,0.000000,0.000000,0.000000,0.000000,
0.000000,0.000000,0.000000,0.000000,0.000000,0.000000,0.000000,0.000000,0.000000,0.000000,0.000000,0.000000,0.000000,0.000000,0.000000,0.000000,0.000000,2.009000,2.007000,2.009000,2.007000,2.003000,2.006000,2.009000,2.020000,2.024000,2.020000,2.026000,0.000000,0.000000,0.000000,0.000000,0.000000,0.000000,0.000000,0.000000,0.000000,0.000000,0.000000,0.000000,
0.000000,0.000000,0.000000,0.000000,0.000000,0.000000,0.000000,0.000000,0.000000,0.000000,0.000000,0.000000,0.000000,0.000000,2.085000,2.054000,2.024000,2.007000,2.000000,2.003000,2.007000,2.007000,2.007000,2.007000,2.013000,2.020000,2.020000,2.020000,2.020000,0.000000,0.000000,0.000000,0.000000,0.000000,0.000000,0.000000,0.000000,0.000000,0.000000,0.000000,
0.000000,0.000000,0.000000,0.000000,0.000000,0.000000,0.000000,0.000000,0.000000,0.000000,0.000000,0.000000,0.000000,2.094000,2.081000,2.053000,2.024000,2.007000,2.000000,2.000000,2.007000,2.007000,2.008000,2.007000,2.015000,2.020000,2.020000,2.020000,2.020000,0.000000,0.000000,0.000000,0.000000,0.000000,0.000000,0.000000,0.000000,0.000000,0.000000,0.000000,
0.000000,0.000000,0.000000,0.000000,0.000000,0.000000,0.000000,0.000000,0.000000,0.000000,0.000000,1.453000,2.150000,2.095000,2.080000,2.053000,2.020000,2.007000,2.000000,2.001000,2.007000,2.007000,2.013000,2.007000,2.013000,2.020000,2.016000,2.015000,0.000000,0.000000,0.000000,0.000000,0.000000,0.000000,0.000000,0.000000,0.000000,0.000000,0.000000,0.000000,
0.000000,0.000000,0.000000,0.000000,0.000000,0.000000,0.000000,0.000000,0.000000,0.000000,0.000000,2.199000,2.160000,2.107000,2.076000,2.049000,2.021000,2.007000,2.000000,2.000000,2.005000,2.007000,2.008000,2.007000,2.013000,2.020000,2.017000,2.016000,0.000000,0.000000,0.000000,0.000000,0.000000,0.000000,0.000000,0.000000,0.000000,0.000000,0.000000,0.000000,
0.000000,0.000000,0.000000,0.000000,0.000000,0.000000,0.000000,0.000000,0.000000,0.000000,0.000000,2.199000,2.169000,2.125000,2.087000,2.049000,2.024000,2.007000,2.000000,2.001000,2.003000,2.007000,2.007000,2.007000,2.013000,2.014000,2.020000,2.013000,2.013000,0.000000,0.000000,0.000000,0.000000,0.000000,0.000000,0.000000,0.000000,0.000000,0.000000,0.000000,
0.000000,0.000000,0.000000,0.000000,0.000000,0.000000,0.000000,0.000000,0.000000,0.000000,0.000000,2.199000,2.178000,2.134000,2.087000,2.049000,2.025000,2.007000,2.007000,2.007000,2.007000,2.007000,2.008000,2.007000,2.013000,2.014000,2.020000,2.020000,2.020000,0.000000,0.000000,0.000000,0.000000,0.000000,0.000000,0.000000,0.000000,0.000000,0.000000,0.000000,
0.000000,0.000000,0.000000,0.000000,0.000000,0.000000,0.000000,0.000000,0.000000,0.000000,0.000000,2.206000,2.178000,2.128000,2.095000,2.053000,2.030000,2.012000,2.007000,2.003000,2.002000,2.007000,2.008000,2.007000,2.010000,2.014000,2.020000,2.024000,2.025000,0.000000,0.000000,0.000000,0.000000,0.000000,0.000000,0.000000,0.000000,0.000000,0.000000,0.000000,
0.000000,0.000000,0.000000,0.000000,0.000000,0.000000,0.000000,0.000000,0.000000,0.000000,0.000000,2.208000,2.176000,2.125000,2.100000,2.055000,2.031000,2.010000,2.000000,2.001000,2.005000,2.007000,2.008000,2.007000,2.009000,2.013000,2.020000,2.025000,2.027000,0.000000,0.000000,0.000000,0.000000,0.000000,0.000000,0.000000,0.000000,0.000000,0.000000,0.000000,
0.000000,0.000000,0.000000,0.000000,0.000000,0.000000,0.000000,0.000000,0.000000,0.000000,0.000000,2.210000,2.184000,2.126000,2.099000,2.061000,2.036000,2.007000,2.000000,2.002000,2.007000,2.007000,2.009000,2.008000,2.007000,2.013000,2.019000,2.023000,2.025000,0.000000,0.000000,0.000000,0.000000,0.000000,0.000000,0.000000,0.000000,0.000000,0.000000,0.000000,
0.000000,0.000000,0.000000,0.000000,0.000000,0.000000,0.000000,0.000000,0.000000,0.000000,0.000000,2.217000,2.187000,2.127000,2.098000,2.064000,2.036000,2.007000,2.000000,2.007000,2.007000,2.007000,2.007000,2.011000,2.013000,2.013000,2.019000,2.020000,2.020000,0.000000,0.000000,0.000000,0.000000,0.000000,0.000000,0.000000,0.000000,0.000000,0.000000,0.000000,
0.000000,0.000000,0.000000,0.000000,0.000000,0.000000,0.000000,0.000000,0.000000,0.000000,0.000000,2.220000,2.194000,2.135000,2.098000,2.064000,2.036000,2.007000,2.000000,2.004000,2.007000,2.007000,2.002000,2.005000,2.013000,2.019000,2.020000,2.020000,2.020000,0.000000,0.000000,0.000000,0.000000,0.000000,0.000000,0.000000,0.000000,0.000000,0.000000,0.000000,
0.000000,0.000000,0.000000,0.000000,0.000000,0.000000,0.000000,0.000000,0.000000,0.000000,0.000000,2.215000,2.190000,2.135000,2.098000,2.064000,2.038000,2.007000,2.000000,2.006000,2.007000,2.007000,2.005000,2.006000,2.013000,2.016000,2.020000,2.022000,2.023000,0.000000,0.000000,0.000000,0.000000,0.000000,0.000000,0.000000,0.000000,0.000000,0.000000,0.000000,
0.000000,0.000000,0.000000,0.000000,0.000000,0.000000,0.000000,0.000000,0.000000,0.000000,0.000000,2.213000,2.190000,2.135000,2.098000,2.066000,2.040000,2.009000,2.007000,2.007000,2.007000,2.007000,2.007000,2.007000,2.013000,2.013000,2.017000,2.019000,2.020000,0.000000,0.000000,0.000000,0.000000,0.000000,0.000000,0.000000,0.000000,0.000000,0.000000,0.000000,
0.000000,0.000000,0.000000,0.000000,0.000000,0.000000,0.000000,0.000000,0.000000,0.000000,0.000000,2.214000,2.201000,2.135000,2.098000,2.071000,2.042000,2.013000,2.007000,2.007000,2.007000,2.007000,2.007000,2.007000,2.012000,2.013000,2.013000,2.018000,2.020000,0.000000,0.000000,0.000000,0.000000,0.000000,0.000000,0.000000,0.000000,0.000000,0.000000,0.000000,
0.000000,0.000000,0.000000,0.000000,0.000000,0.000000,0.000000,0.000000,0.000000,0.000000,0.000000,2.208000,2.187000,2.134000,2.100000,2.068000,2.038000,2.013000,2.007000,2.007000,2.007000,2.007000,2.007000,2.007000,2.009000,2.013000,2.013000,2.018000,2.020000,0.000000,0.000000,0.000000,0.000000,0.000000,0.000000,0.000000,0.000000,0.000000,0.000000,0.000000,
0.000000,0.000000,0.000000,0.000000,0.000000,0.000000,0.000000,0.000000,0.000000,0.000000,0.000000,2.217000,2.186000,2.142000,2.106000,2.068000,2.038000,2.013000,2.007000,2.007000,2.007000,2.007000,2.007000,2.007000,2.009000,2.013000,2.013000,2.023000,2.027000,0.000000,0.000000,0.000000,0.000000,0.000000,0.000000,0.000000,0.000000,0.000000,0.000000,0.000000,
0.000000,0.000000,0.000000,0.000000,0.000000,0.000000,0.000000,0.000000,0.000000,0.000000,0.000000,2.227000,2.187000,2.145000,2.113000,2.068000,2.038000,2.013000,2.007000,2.007000,2.007000,2.007000,2.008000,2.007000,2.008000,2.013000,2.019000,2.023000,2.024000,0.000000,0.000000,0.000000,0.000000,0.000000,0.000000,0.000000,0.000000,0.000000,0.000000,0.000000,
0.000000,0.000000,0.000000,0.000000,0.000000,0.000000,0.000000,0.000000,0.000000,0.000000,0.000000,2.220000,2.195000,2.150000,2.113000,2.069000,2.046000,2.017000,2.000000,2.000000,2.007000,2.007000,2.007000,2.007000,2.007000,2.012000,2.013000,2.013000,2.018000,0.000000,0.000000,0.000000,0.000000,0.000000,0.000000,0.000000,0.000000,0.000000,0.000000,0.000000,
0.000000,0.000000,0.000000,0.000000,0.000000,0.000000,0.000000,0.000000,0.000000,0.000000,0.000000,2.220000,2.194000,2.142000,2.110000,2.075000,2.051000,2.007000,2.000000,2.000000,2.007000,2.007000,2.007000,2.007000,2.007000,2.008000,2.013000,2.013000,2.013000,0.000000,0.000000,0.000000,0.000000,0.000000,0.000000,0.000000,0.000000,0.000000,0.000000,0.000000,
0.000000,0.000000,0.000000,0.000000,0.000000,0.000000,0.000000,0.000000,0.000000,0.000000,0.000000,2.216000,2.202000,2.142000,2.105000,2.078000,2.053000,2.007000,2.005000,2.007000,2.007000,2.007000,2.007000,2.007000,2.009000,2.013000,2.013000,2.018000,2.018000,0.000000,0.000000,0.000000,0.000000,0.000000,0.000000,0.000000,0.000000,0.000000,0.000000,0.000000,
0.000000,0.000000,0.000000,0.000000,0.000000,0.000000,0.000000,0.000000,0.000000,0.000000,0.000000,2.215000,2.198000,2.146000,2.113000,2.084000,2.053000,2.010000,2.007000,2.007000,2.007000,2.007000,2.007000,2.007000,2.009000,2.017000,2.020000,2.020000,2.020000,0.000000,0.000000,0.000000,0.000000,0.000000,0.000000,0.000000,0.000000,0.000000,0.000000,0.000000,
0.000000,0.000000,0.000000,0.000000,0.000000,0.000000,0.000000,0.000000,0.000000,0.000000,0.000000,1.882000,2.188000,2.157000,2.109000,2.078000,2.050000,2.013000,2.002000,2.004000,2.007000,2.009000,2.007000,2.008000,2.013000,2.013000,2.017000,2.020000,2.020000,0.000000,0.000000,0.000000,0.000000,0.000000,0.000000,0.000000,0.000000,0.000000,0.000000,0.000000,
0.000000,0.000000,0.000000,0.000000,0.000000,0.000000,0.000000,0.000000,0.000000,0.000000,0.000000,1.150000,2.188000,2.157000,2.108000,2.075000,2.043000,2.013000,2.002000,2.004000,2.007000,2.007000,2.008000,2.011000,2.013000,2.013000,2.013000,2.020000,2.021000,0.000000,0.000000,0.000000,0.000000,0.000000,0.000000,0.000000,0.000000,0.000000,0.000000,0.000000,
0.000000,0.000000,0.000000,0.000000,0.000000,0.000000,0.000000,0.000000,0.000000,0.000000,0.000000,1.152000,2.194000,2.170000,2.115000,2.078000,2.053000,2.013000,2.006000,2.006000,2.007000,2.012000,2.008000,2.008000,2.010000,2.013000,2.013000,2.020000,2.027000,0.000000,0.000000,0.000000,0.000000,0.000000,0.000000,0.000000,0.000000,0.000000,0.000000,0.000000,
0.000000,0.000000,0.000000,0.000000,0.000000,0.000000,0.000000,0.000000,0.000000,0.000000,0.000000,1.151000,2.195000,2.173000,2.121000,2.090000,2.060000,2.013000,2.007000,2.007000,2.009000,2.013000,2.011000,2.011000,2.012000,2.017000,2.017000,2.020000,2.027000,0.000000,0.000000,0.000000,0.000000,0.000000,0.000000,0.000000,0.000000,0.000000,0.000000,0.000000,
0.000000,0.000000,0.000000,0.000000,0.000000,0.000000,0.000000,0.000000,0.000000,0.000000,0.000000,1.146000,2.188000,2.157000,2.122000,2.095000,2.056000,2.013000,2.005000,2.006000,2.009000,2.013000,2.013000,2.015000,2.017000,2.020000,2.020000,2.025000,2.027000,0.000000,0.000000,0.000000,0.000000,0.000000,0.000000,0.000000,0.000000,0.000000,0.000000,0.000000,
0.000000,0.000000,0.000000,0.000000,0.000000,0.000000,0.000000,0.000000,0.000000,0.000000,0.000000,1.146000,2.188000,2.158000,2.126000,2.097000,2.056000,2.014000,2.002000,2.004000,2.009000,2.013000,2.013000,2.013000,2.020000,2.020000,2.020000,2.024000,2.026000,0.000000,0.000000,0.000000,0.000000,0.000000,0.000000,0.000000,0.000000,0.000000,0.000000,0.000000,
0.000000,0.000000,0.000000,0.000000,0.000000,0.000000,0.000000,0.000000,0.000000,0.000000,0.000000,1.146000,2.188000,2.165000,2.135000,2.105000,2.056000,2.026000,2.007000,2.007000,2.009000,2.013000,2.013000,2.013000,2.016000,2.020000,2.020000,2.020000,2.020000,0.000000,0.000000,0.000000,0.000000,0.000000,0.000000,0.000000,0.000000,0.000000,0.000000,0.000000,
0.000000,0.000000,0.000000,0.000000,0.000000,0.000000,0.000000,0.000000,0.000000,0.000000,0.000000,1.150000,2.196000,2.173000,2.134000,2.089000,2.068000,2.020000,2.008000,2.007000,2.007000,2.013000,2.013000,2.013000,2.019000,2.020000,2.020000,2.020000,2.020000,0.000000,0.000000,0.000000,0.000000,0.000000,0.000000,0.000000,0.000000,0.000000,0.000000,0.000000,
0.000000,0.000000,0.000000,0.000000,0.000000,0.000000,0.000000,0.000000,0.000000,0.000000,0.000000,2.223000,2.200000,2.173000,2.133000,2.095000,2.066000,2.020000,2.008000,2.007000,2.008000,2.013000,2.013000,2.013000,2.020000,2.020000,2.020000,2.022000,2.023000,0.000000,0.000000,0.000000,0.000000,0.000000,0.000000,0.000000,0.000000,0.000000,0.000000,0.000000,
0.000000,0.000000,0.000000,0.000000,0.000000,0.000000,0.000000,0.000000,0.000000,0.000000,0.000000,2.215000,2.197000,2.166000,2.134000,2.096000,2.068000,2.020000,2.007000,2.008000,2.010000,2.013000,2.013000,2.013000,2.013000,2.020000,2.020000,2.025000,2.027000,0.000000,0.000000,0.000000,0.000000,0.000000,0.000000,0.000000,0.000000,0.000000,0.000000,0.000000,
0.000000,0.000000,0.000000,0.000000,0.000000,0.000000,0.000000,0.000000,0.000000,0.000000,0.000000,2.215000,2.202000,2.165000,2.144000,2.102000,2.056000,2.020000,2.008000,2.010000,2.013000,2.020000,2.014000,2.013000,2.013000,2.020000,2.020000,2.025000,2.027000,0.000000,0.000000,0.000000,0.000000,0.000000,0.000000,0.000000,0.000000,0.000000,0.000000,0.000000,
0.000000,0.000000,0.000000,0.000000,0.000000,0.000000,0.000000,0.000000,0.000000,0.000000,0.000000,0.000000,0.000000,2.156000,2.141000,2.111000,2.056000,2.027000,2.007000,2.007000,2.010000,2.015000,2.014000,2.014000,2.020000,2.020000,2.020000,2.020000,2.025000,0.000000,0.000000,0.000000,0.000000,0.000000,0.000000,0.000000,0.000000,0.000000,0.000000,0.000000,
0.000000,0.000000,0.000000,0.000000,0.000000,0.000000,0.000000,0.000000,0.000000,0.000000,0.000000,0.000000,0.000000,0.000000,0.000000,0.000000,1.408000,2.027000,2.008000,2.007000,2.007000,2.007000,2.007000,2.003000,2.003000,2.014000,2.020000,2.024000,2.023000,0.000000,0.000000,0.000000,0.000000,0.000000,0.000000,0.000000,0.000000,0.000000,0.000000,0.000000,
0.000000,0.000000,0.000000,0.000000,0.000000,0.000000,0.000000,0.000000,0.000000,0.000000,0.000000,0.000000,0.000000,0.000000,0.000000,0.000000,0.000000,0.000000,1.545000,2.015000,2.013000,2.000000,2.000000,1.993000,0.000000,0.000000,0.000000,0.000000,0.000000,0.000000,0.000000,0.000000,0.000000,0.000000,0.000000,0.000000,0.000000,0.000000,0.000000,0.000000,
0.000000,0.000000,0.000000,0.000000,0.000000,0.000000,0.000000,0.000000,0.000000,0.000000,0.000000,0.000000,0.000000,0.000000,0.000000,0.000000,0.000000,0.000000,0.000000,0.000000,0.000000,0.000000,0.000000,0.000000,0.000000,0.000000,0.000000,0.000000,0.000000,0.000000,0.000000,0.000000,0.000000,0.000000,0.000000,0.000000,0.000000,0.000000,0.000000,0.000000,
0.000000,0.000000,0.000000,0.000000,0.000000,0.000000,0.000000,0.000000,0.000000,0.000000,0.000000,0.000000,0.000000,0.000000,0.000000,0.000000,0.000000,0.000000,0.000000,0.000000,0.000000,0.000000,0.000000,0.000000,0.000000,0.000000,0.000000,0.000000,0.000000,0.000000,0.000000,0.000000,0.000000,0.000000,0.000000,0.000000,0.000000,0.000000,0.000000,0.000000,
