40 40
0.000000 0.000000 0.000000 0.000000 0.000000 0.000000 0.000000 0.000000 0.000000 0.000000 0.000000 0.000000 0.000000 0.000000 0.000000 0.000000 0.000000 0.000000 0.000000 1.977000 1.988000 2.000000 2.009000 2.022000 2.014000 2.000000 2.000000 2.000000 2.000000 2.709000 0.000000 0.000000 0.000000 0.000000 0.000000 0.000000 0.000000 0.000000 0.000000 0.000000 
0.000000 0.000000 0.000000 0.000000 0.000000 0.000000 0.000000 0.000000 0.000000 0.000000 0.000000 0.000000 0.000000 0.000000 2.216000 2.201000 2.194000 2.181000 2.064000 1.977000 1.988000 2.000000 2.000000 2.001000 2.001000 2.000000 2.000000 2.000000 2.000000 2.687000 0.000000 0.000000 0.000000 0.000000 0.000000 0.000000 0.000000 0.000000 0.000000 0.000000 
0.000000 0.000000 0.000000 0.000000 0.000000 0.000000 0.000000 0.000000 0.000000 0.000000 2.952000 2.321000 2.290000 2.116000 2.047000 2.046000 2.032000 2.023000 2.009000 1.998000 1.999000 2.009000 2.012000 2.000000 2.000000 1.993000 1.979000 1.985000 2.000000 2.686000 0.000000 0.000000 0.000000 0.000000 0.000000 0.000000 0.000000 0.000000 0.000000 0.000000 
0.000000 0.000000 0.000000 0.000000 0.000000 0.000000 0.000000 2.683000 2.371000 2.388000 2.123000 2.049000 2.046000 2.045000 2.045000 2.045000 2.031000 2.022000 2.010000 2.000000 2.000000 2.010000 2.013000 1.992000 1.979000 1.979000 1.977000 1.983000 2.000000 2.074000 2.883000 0.000000 0.000000 0.000000 0.000000 0.000000 0.000000 0.000000 0.000000 0.000000 
0.000000 0.000000 0.000000 0.000000 0.000000 2.600000 2.471000 2.070000 2.022000 2.025000 2.025000 2.025000 2.025000 2.025000 2.025000 2.025000 2.023000 2.022000 2.010000 2.000000 2.000000 2.001000 2.002000 1.991000 1.977000 1.977000 1.977000 1.978000 1.980000 2.615000 0.000000 0.000000 0.000000 0.000000 0.000000 0.000000 0.000000 0.000000 0.000000 0.000000 
0.000000 0.000000 0.000000 0.000000 2.590000 2.048000 2.022000 2.006000 2.004000 2.004000 2.004000 2.004000 2.004000 2.017000 2.022000 2.022000 2.022000 2.022000 2.010000 2.000000 2.000000 2.000000 2.000000 1.998000 1.989000 1.977000 1.977000 1.977000 1.977000 2.102000 0.000000 0.000000 0.000000 0.000000 0.000000 0.000000 0.000000 0.000000 0.000000 0.000000 
0.000000 0.000000 0.000000 0.000000 2.045000 2.023000 2.022000 2.002000 2.000000 2.000000 2.000000 2.000000 2.000000 2.003000 2.004000 2.004000 2.004000 2.004000 2.002000 1.990000 1.982000 1.990000 1.992000 1.982000 1.980000 1.977000 1.977000 1.977000 1.977000 1.977000 2.574000 0.000000 0.000000 0.000000 0.000000 0.000000 0.000000 0.000000 0.000000 0.000000 
0.000000 0.000000 0.000000 0.000000 2.045000 2.040000 2.023000 2.017000 2.017000 2.003000 2.000000 2.000000 2.000000 2.000000 2.000000 2.000000 2.000000 2.000000 2.000000 1.988000 1.977000 1.979000 1.980000 1.977000 1.984000 1.995000 1.995000 1.990000 1.977000 1.977000 2.556000 0.000000 0.000000 0.000000 0.000000 0.000000 0.000000 0.000000 0.000000 0.000000 
0.000000 0.000000 0.000000 0.000000 2.045000 2.045000 2.024000 2.022000 2.022000 2.004000 2.000000 2.013000 2.016000 2.016000 2.005000 2.000000 2.000000 2.000000 1.991000 1.980000 1.977000 1.977000 1.977000 1.977000 1.986000 2.000000 2.000000 1.994000 1.977000 1.977000 2.551000 0.000000 0.000000 0.000000 0.000000 0.000000 0.000000 0.000000 0.000000 0.000000 
0.000000 0.000000 0.000000 0.000000 2.045000 2.045000 2.024000 2.022000 2.022000 2.017000 2.016000 2.021000 2.022000 2.022000 2.007000 2.000000 2.000000 1.990000 1.980000 1.977000 1.985000 1.986000 1.977000 1.977000 1.986000 2.000000 2.000000 1.998000 1.989000 1.977000 2.564000 0.000000 0.000000 0.000000 0.000000 0.000000 0.000000 0.000000 0.000000 0.000000 
0.000000 0.000000 0.000000 0.000000 2.045000 2.045000 2.038000 2.024000 2.022000 2.035000 2.025000 2.022000 2.022000 2.011000 2.002000 2.000000 2.000000 1.987000 1.977000 1.977000 1.988000 1.997000 1.986000 1.977000 1.980000 1.990000 2.000000 2.000000 1.994000 1.977000 2.168000 0.000000 0.000000 0.000000 0.000000 0.000000 0.000000 0.000000 0.000000 0.000000 
0.000000 0.000000 0.000000 0.000000 2.045000 2.045000 2.045000 2.024000 2.022000 2.041000 2.027000 2.022000 2.022000 2.006000 2.000000 2.000000 2.000000 1.987000 1.977000 1.977000 1.988000 2.000000 1.990000 1.977000 1.977000 1.985000 2.000000 2.000000 1.994000 1.977000 1.977000 2.488000 0.000000 0.000000 0.000000 0.000000 0.000000 0.000000 0.000000 0.000000 
0.000000 0.000000 0.000000 0.000000 2.045000 2.045000 2.045000 2.024000 2.022000 2.029000 2.024000 2.022000 2.012000 2.002000 2.000000 2.000000 2.000000 1.995000 1.983000 1.977000 1.988000 2.000000 1.996000 1.991000 1.991000 1.994000 2.000000 2.000000 1.998000 1.988000 1.977000 2.499000 0.000000 0.000000 0.000000 0.000000 0.000000 0.000000 0.000000 0.000000 
0.000000 0.000000 0.000000 0.000000 2.045000 2.045000 2.045000 2.024000 2.022000 2.022000 2.022000 2.022000 2.006000 2.000000 2.000000 2.000000 2.000000 1.992000 1.981000 1.977000 1.988000 2.000000 2.000000 2.000000 2.000000 2.000000 2.000000 2.000000 2.000000 1.995000 1.977000 2.196000 0.000000 0.000000 0.000000 0.000000 0.000000 0.000000 0.000000 0.000000 
0.000000 0.000000 0.000000 0.000000 2.045000 2.045000 2.045000 2.036000 2.035000 2.035000 2.025000 2.022000 2.006000 2.000000 2.000000 2.000000 2.000000 1.987000 1.977000 1.984000 1.995000 2.000000 2.005000 2.007000 2.000000 2.000000 2.000000 2.000000 2.000000 1.995000 1.977000 1.977000 2.395000 0.000000 0.000000 0.000000 0.000000 0.000000 0.000000 0.000000 
0.000000 0.000000 0.000000 0.000000 0.000000 2.118000 2.045000 2.045000 2.035000 2.033000 2.024000 2.022000 2.014000 2.003000 2.000000 2.000000 2.000000 1.994000 1.989000 1.995000 2.006000 2.012000 2.016000 2.018000 2.007000 2.000000 2.000000 2.000000 2.000000 1.998000 1.989000 1.989000 2.404000 0.000000 0.000000 0.000000 0.000000 0.000000 0.000000 0.000000 
0.000000 0.000000 0.000000 0.000000 0.000000 2.189000 2.045000 2.045000 2.025000 2.022000 2.022000 2.022000 2.022000 2.014000 2.011000 2.011000 2.004000 2.000000 2.000000 2.000000 2.011000 2.022000 2.022000 2.022000 2.014000 2.000000 1.996000 1.989000 1.991000 2.000000 2.000000 2.000000 2.407000 0.000000 0.000000 0.000000 0.000000 0.000000 0.000000 0.000000 
0.000000 0.000000 0.000000 0.000000 0.000000 0.000000 2.160000 2.045000 2.025000 2.022000 2.022000 2.022000 2.022000 2.022000 2.022000 2.022000 2.015000 2.004000 2.000000 2.000000 2.011000 2.022000 2.022000 2.022000 2.014000 2.000000 1.993000 1.977000 1.980000 1.989000 1.989000 1.991000 2.219000 0.000000 0.000000 0.000000 0.000000 0.000000 0.000000 0.000000 
0.000000 0.000000 0.000000 0.000000 0.000000 0.000000 2.293000 2.045000 2.025000 2.022000 2.022000 2.022000 2.022000 2.015000 2.013000 2.013000 2.013000 2.005000 2.000000 2.000000 2.011000 2.022000 2.018000 2.013000 2.008000 2.000000 1.993000 1.977000 1.977000 1.977000 1.977000 1.979000 1.990000 2.298000 0.000000 0.000000 0.000000 0.000000 0.000000 0.000000 
0.000000 0.000000 0.000000 0.000000 0.000000 0.000000 2.284000 2.036000 2.024000 2.022000 2.022000 2.022000 2.022000 2.006000 2.000000 2.000000 2.000000 2.000000 2.000000 2.000000 2.006000 2.013000 2.007000 2.000000 2.000000 2.000000 1.996000 1.986000 1.984000 1.977000 1.977000 1.976000 1.969000 2.278000 0.000000 0.000000 0.000000 0.000000 0.000000 0.000000 
0.000000 0.000000 0.000000 0.000000 0.000000 0.000000 2.272000 2.022000 2.022000 2.022000 2.022000 2.022000 2.022000 2.012000 2.003000 2.000000 2.000000 2.000000 2.000000 2.000000 2.000000 2.000000 2.000000 2.000000 2.000000 2.000000 2.000000 1.998000 1.988000 1.977000 1.977000 1.974000 1.955000 2.144000 0.000000 0.000000 0.000000 0.000000 0.000000 0.000000 
0.000000 0.000000 0.000000 0.000000 0.000000 0.000000 2.279000 2.030000 2.030000 2.030000 2.030000 2.024000 2.022000 2.022000 2.012000 2.003000 2.000000 2.000000 2.000000 2.000000 2.004000 2.004000 2.000000 2.000000 2.000000 2.000000 2.000000 1.994000 1.977000 1.977000 1.977000 1.975000 1.960000 1.934000 2.144000 0.000000 0.000000 0.000000 0.000000 0.000000 
0.000000 0.000000 0.000000 0.000000 0.000000 0.000000 2.290000 2.045000 2.045000 2.045000 2.045000 2.033000 2.024000 2.022000 2.022000 2.012000 2.003000 2.000000 2.004000 2.007000 2.014000 2.012000 2.000000 2.000000 2.000000 2.000000 2.000000 1.996000 1.982000 1.977000 1.977000 1.977000 1.972000 1.941000 2.151000 0.000000 0.000000 0.000000 0.000000 0.000000 
0.000000 0.000000 0.000000 0.000000 0.000000 0.000000 0.000000 2.138000 2.045000 2.045000 2.045000 2.045000 2.033000 2.028000 2.028000 2.024000 2.008000 2.000000 2.012000 2.022000 2.022000 2.012000 2.000000 2.000000 2.000000 2.000000 2.000000 2.000000 1.994000 1.977000 1.977000 1.977000 1.975000 1.962000 2.171000 0.000000 0.000000 0.000000 0.000000 0.000000 
0.000000 0.000000 0.000000 0.000000 0.000000 0.000000 0.000000 2.383000 2.045000 2.045000 2.045000 2.041000 2.039000 2.039000 2.039000 2.028000 2.012000 2.005000 2.015000 2.022000 2.022000 2.012000 2.000000 2.000000 2.000000 2.000000 2.000000 2.000000 1.994000 1.977000 1.978000 1.982000 1.977000 1.977000 2.185000 0.000000 0.000000 0.000000 0.000000 0.000000 
0.000000 0.000000 0.000000 0.000000 0.000000 0.000000 0.000000 2.392000 2.045000 2.045000 2.041000 2.026000 2.022000 2.022000 2.022000 2.022000 2.022000 2.019000 2.017000 2.017000 2.020000 2.012000 2.000000 2.000000 2.000000 2.000000 2.000000 2.000000 1.996000 1.981000 1.980000 1.992000 1.977000 1.977000 2.140000 0.000000 0.000000 0.000000 0.000000 0.000000 
0.000000 0.000000 0.000000 0.000000 0.000000 0.000000 0.000000 2.908000 2.125000 2.045000 2.027000 2.022000 2.022000 2.022000 2.022000 2.022000 2.019000 2.007000 2.000000 2.000000 2.011000 2.014000 2.002000 2.000000 2.000000 2.000000 2.000000 2.000000 2.000000 1.995000 1.977000 1.977000 1.977000 1.977000 1.977000 1.977000 0.000000 0.000000 0.000000 0.000000 
0.000000 0.000000 0.000000 0.000000 0.000000 0.000000 0.000000 0.000000 2.480000 2.046000 2.027000 2.022000 2.022000 2.022000 2.022000 2.022000 2.008000 2.000000 2.000000 2.000000 2.011000 2.022000 2.013000 2.000000 2.000000 2.000000 2.000000 2.000000 1.999000 1.992000 1.977000 1.977000 1.977000 1.977000 1.977000 1.977000 0.000000 0.000000 0.000000 0.000000 
0.000000 0.000000 0.000000 0.000000 0.000000 0.000000 0.000000 0.000000 2.816000 2.112000 2.029000 2.025000 2.025000 2.023000 2.022000 2.022000 2.008000 2.000000 2.000000 2.000000 2.011000 2.022000 2.013000 2.000000 2.000000 2.000000 2.000000 2.000000 1.994000 1.977000 1.977000 1.977000 1.977000 1.977000 1.977000 1.977000 0.000000 0.000000 0.000000 0.000000 
0.000000 0.000000 0.000000 0.000000 0.000000 0.000000 0.000000 0.000000 0.000000 2.555000 2.045000 2.045000 2.045000 2.029000 2.022000 2.022000 2.010000 2.001000 2.000000 2.000000 2.011000 2.022000 2.013000 2.001000 2.000000 2.000000 2.000000 2.000000 1.995000 1.979000 1.977000 1.977000 1.977000 1.977000 1.977000 1.977000 0.000000 0.000000 0.000000 0.000000 
0.000000 0.000000 0.000000 0.000000 0.000000 0.000000 0.000000 0.000000 0.000000 2.555000 2.044000 2.045000 2.045000 2.029000 2.022000 2.022000 2.022000 2.009000 2.000000 2.000000 2.011000 2.022000 2.022000 2.013000 2.000000 2.000000 2.000000 2.000000 2.000000 1.995000 1.977000 1.977000 1.977000 1.977000 1.977000 1.977000 0.000000 0.000000 0.000000 0.000000 
0.000000 0.000000 0.000000 0.000000 0.000000 0.000000 0.000000 0.000000 0.000000 2.554000 2.022000 2.040000 2.045000 2.029000 2.022000 2.022000 2.022000 2.009000 2.000000 2.000000 2.011000 2.022000 2.022000 2.013000 2.000000 2.000000 2.000000 2.000000 2.000000 1.994000 1.977000 1.977000 1.977000 1.977000 1.977000 1.977000 0.000000 0.000000 0.000000 0.000000 
0.000000 0.000000 0.000000 0.000000 0.000000 0.000000 0.000000 0.000000 0.000000 2.571000 2.022000 2.040000 2.045000 2.045000 2.029000 2.022000 2.022000 2.009000 2.000000 2.000000 2.011000 2.022000 2.022000 2.013000 2.000000 2.000000 2.000000 2.000000 1.994000 1.977000 1.977000 1.977000 1.977000 1.977000 1.977000 1.977000 0.000000 0.000000 0.000000 0.000000 
0.000000 0.000000 0.000000 0.000000 0.000000 0.000000 0.000000 0.000000 0.000000 2.571000 2.022000 2.023000 2.023000 2.023000 2.022000 2.022000 2.022000 2.022000 2.021000 2.021000 2.022000 2.022000 2.022000 2.013000 2.000000 2.000000 1.993000 1.978000 1.978000 1.977000 1.977000 1.977000 1.974000 1.957000 1.957000 1.957000 0.000000 0.000000 0.000000 0.000000 
0.000000 0.000000 0.000000 0.000000 0.000000 0.000000 0.000000 0.000000 0.000000 0.000000 2.632000 2.022000 2.022000 2.022000 2.022000 2.009000 2.001000 2.001000 2.001000 2.001000 2.012000 2.012000 2.001000 2.001000 2.000000 2.000000 1.993000 1.977000 1.977000 1.977000 1.977000 1.977000 1.974000 1.956000 1.956000 1.956000 0.000000 0.000000 0.000000 0.000000 
0.000000 0.000000 0.000000 0.000000 0.000000 0.000000 0.000000 0.000000 0.000000 0.000000 2.687000 2.027000 2.022000 2.022000 2.022000 2.008000 2.000000 2.000000 2.000000 2.000000 2.011000 2.012000 2.000000 2.000000 2.000000 2.000000 1.999000 1.998000 1.993000 1.977000 1.977000 1.977000 1.977000 1.975000 2.158000 0.000000 0.000000 0.000000 0.000000 0.000000 
0.000000 0.000000 0.000000 0.000000 0.000000 0.000000 0.000000 0.000000 0.000000 0.000000 2.689000 2.043000 2.027000 2.022000 2.022000 2.008000 2.000000 1.988000 1.980000 1.980000 2.001000 2.012000 2.000000 2.000000 2.000000 2.000000 2.000000 2.000000 1.999000 1.997000 1.997000 2.429000 0.000000 0.000000 0.000000 0.000000 0.000000 0.000000 0.000000 0.000000 
0.000000 0.000000 0.000000 0.000000 0.000000 0.000000 0.000000 0.000000 0.000000 0.000000 2.689000 2.045000 2.028000 2.022000 2.009000 2.001000 1.988000 1.978000 1.977000 1.977000 1.999000 2.012000 2.000000 2.000000 0.000000 0.000000 0.000000 2.000000 2.000000 2.000000 2.499000 0.000000 0.000000 0.000000 0.000000 0.000000 0.000000 0.000000 0.000000 0.000000 
0.000000 0.000000 0.000000 0.000000 0.000000 0.000000 0.000000 0.000000 0.000000 0.000000 2.689000 2.045000 2.028000 2.022000 2.007000 2.000000 1.986000 1.977000 1.977000 1.977000 1.999000 2.020000 2.018000 2.018000 0.000000 0.000000 0.000000 0.000000 2.056000 2.604000 0.000000 0.000000 0.000000 0.000000 0.000000 0.000000 0.000000 0.000000 0.000000 0.000000 
0.000000 0.000000 0.000000 0.000000 0.000000 0.000000 0.000000 0.000000 0.000000 0.000000 0.000000 0.000000 0.000000 0.000000 0.000000 0.000000 0.000000 0.000000 0.000000 0.000000 0.000000 0.000000 0.000000 0.000000 0.000000 0.000000 0.000000 0.000000 0.000000 0.000000 0.000000 0.000000 0.000000 0.000000 0.000000 0.000000 0.000000 0.000000 0.000000 0.000000 
