40 40
0.000000 0.000000 0.000000 0.000000 0.000000 0.000000 0.000000 0.000000 0.000000 0.000000 0.000000 0.000000 0.000000 0.000000 0.000000 0.000000 0.000000 0.000000 0.000000 0.000000 0.000000 0.000000 0.000000 0.000000 0.000000 0.000000 0.000000 0.000000 0.000000 0.000000 0.000000 0.000000 0.000000 0.000000 0.000000 0.000000 0.000000 0.000000 0.000000 0.000000 
0.000000 0.000000 0.000000 0.000000 0.000000 0.000000 0.000000 0.000000 0.000000 0.000000 0.000000 0.000000 0.000000 0.000000 0.000000 0.000000 0.000000 0.000000 0.000000 0.000000 0.000000 0.000000 0.000000 0.000000 0.000000 0.000000 0.000000 0.000000 0.000000 0.000000 0.000000 0.000000 0.000000 0.000000 0.000000 0.000000 0.000000 0.000000 0.000000 0.000000 
0.000000 0.000000 0.000000 0.000000 0.000000 0.000000 0.000000 0.000000 0.000000 0.000000 0.000000 0.000000 0.000000 0.000000 0.000000 0.000000 0.000000 0.000000 0.000000 0.000000 0.000000 0.000000 0.000000 0.000000 0.000000 0.000000 0.000000 0.000000 0.000000 0.000000 0.000000 0.000000 0.000000 0.000000 0.000000 0.000000 0.000000 0.000000 0.000000 0.000000 
0.000000 0.000000 0.000000 0.000000 0.000000 0.000000 0.000000 0.000000 0.000000 0.000000 0.000000 0.000000 0.000000 0.000000 0.000000 0.000000 0.000000 0.000000 0.000000 0.000000 0.000000 0.000000 0.000000 0.000000 0.000000 0.000000 0.000000 0.000000 0.000000 0.000000 0.000000 0.000000 0.000000 0.000000 0.000000 0.000000 0.000000 0.000000 0.000000 0.000000 
0.000000 0.000000 0.000000 0.000000 0.000000 0.000000 0.000000 0.000000 0.000000 0.000000 0.000000 0.000000 0.000000 0.000000 0.000000 0.000000 0.000000 0.000000 0.000000 0.000000 0.000000 0.000000 0.000000 0.000000 0.000000 0.000000 0.000000 0.000000 0.000000 0.000000 0.000000 0.000000 0.000000 0.000000 0.000000 0.000000 0.000000 0.000000 0.000000 0.000000 
0.000000 0.000000 0.000000 0.000000 0.000000 0.000000 0.000000 0.000000 0.000000 0.000000 0.000000 0.000000 0.000000 0.000000 0.000000 0.000000 0.000000 0.000000 0.000000 0.000000 0.000000 0.000000 0.000000 0.000000 0.000000 0.000000 0.000000 0.000000 0.000000 0.000000 0.000000 0.000000 0.000000 0.000000 0.000000 0.000000 0.000000 0.000000 0.000000 0.000000 
0.000000 0.000000 0.000000 0.000000 0.000000 0.000000 0.000000 0.000000 0.000000 0.000000 0.000000 0.000000 0.000000 0.000000 0.000000 0.000000 0.000000 0.000000 0.000000 0.000000 0.000000 0.000000 0.000000 0.000000 0.000000 0.000000 0.000000 0.000000 0.000000 0.000000 0.000000 0.000000 0.000000 0.000000 0.000000 0.000000 0.000000 0.000000 0.000000 0.000000 
0.000000 0.000000 0.000000 0.000000 0.000000 0.000000 0.000000 0.000000 0.000000 0.000000 0.000000 0.000000 0.000000 0.000000 0.000000 0.000000 0.000000 0.000000 0.000000 0.000000 0.000000 0.000000 0.000000 0.000000 0.000000 0.000000 0.000000 0.000000 0.000000 0.000000 0.000000 0.000000 0.000000 0.000000 0.000000 0.000000 0.000000 0.000000 0.000000 0.000000 
0.000000 0.000000 0.000000 0.000000 0.000000 0.000000 2.739000 2.709000 2.584000 2.460000 2.382000 2.324000 2.266000 2.210000 2.154000 2.136000 2.136000 2.136000 2.136000 2.136000 2.172000 2.228000 1.904000 0.000000 0.000000 0.000000 0.000000 0.000000 0.000000 0.000000 0.000000 0.000000 0.000000 0.000000 0.000000 0.000000 0.000000 0.000000 0.000000 0.000000 
0.000000 0.000000 0.000000 0.000000 0.000000 0.000000 2.709000 2.680000 2.562000 2.444000 2.372000 2.319000 2.266000 2.210000 2.154000 2.136000 2.136000 2.137000 2.142000 2.148000 2.008000 1.792000 1.302000 0.000000 0.000000 0.000000 0.000000 0.000000 0.000000 0.000000 0.000000 0.000000 0.000000 0.000000 0.000000 0.000000 0.000000 0.000000 0.000000 0.000000 
0.000000 0.000000 0.000000 0.000000 0.000000 0.000000 2.584000 2.562000 2.470000 2.378000 2.330000 2.301000 2.266000 2.210000 2.154000 2.136000 2.136000 2.141000 2.168000 2.196000 1.327000 0.000000 0.000000 0.000000 0.000000 0.000000 0.000000 0.000000 0.000000 0.000000 0.000000 0.000000 0.000000 0.000000 0.000000 0.000000 0.000000 0.000000 0.000000 0.000000 
0.000000 0.000000 0.000000 0.000000 0.000000 0.000000 2.460000 2.444000 2.378000 2.312000 2.289000 2.282000 2.266000 2.210000 2.154000 2.136000 2.136000 2.144000 2.194000 2.244000 0.000000 0.000000 0.000000 0.000000 0.000000 1.379000 1.379000 1.396000 1.576000 1.755000 0.000000 0.000000 0.000000 0.000000 0.000000 0.000000 0.000000 0.000000 0.000000 0.000000 
0.000000 0.000000 0.000000 0.000000 0.000000 0.000000 2.342000 2.332000 2.290000 2.248000 2.237000 2.237000 2.228000 2.188000 2.148000 2.136000 2.136000 2.143000 2.183000 2.223000 0.000000 0.000000 0.000000 0.000000 1.387000 2.136000 2.136000 2.131000 2.077000 2.023000 0.000000 0.000000 0.000000 0.000000 0.000000 0.000000 0.000000 0.000000 0.000000 0.000000 
0.000000 0.000000 0.000000 0.000000 0.000000 0.000000 2.227000 2.223000 2.204000 2.186000 2.181000 2.181000 2.177000 2.159000 2.142000 2.136000 2.136000 2.139000 2.157000 2.174000 1.606000 0.000000 0.000000 0.000000 1.804000 2.136000 2.136000 2.131000 2.077000 2.023000 1.509000 0.000000 0.000000 0.000000 0.000000 0.000000 0.000000 0.000000 0.000000 0.000000 
0.000000 0.000000 0.000000 0.000000 0.000000 0.000000 2.136000 2.136000 2.136000 2.136000 2.136000 2.136000 2.136000 2.136000 2.136000 2.133000 2.129000 2.125000 2.125000 2.125000 2.125000 2.125000 2.125000 2.125000 2.125000 2.125000 2.125000 2.120000 2.070000 2.021000 2.000000 2.000000 2.000000 2.000000 0.000000 0.000000 0.000000 0.000000 0.000000 0.000000 
0.000000 0.000000 0.000000 0.000000 0.000000 0.000000 2.136000 2.136000 2.136000 2.136000 2.136000 2.136000 2.136000 2.136000 2.136000 2.118000 2.092000 2.071000 2.071000 2.071000 2.071000 2.071000 2.071000 2.071000 2.071000 2.071000 2.071000 2.068000 2.040000 2.012000 2.000000 2.000000 2.000000 2.000000 0.000000 0.000000 0.000000 0.000000 0.000000 0.000000 
0.000000 0.000000 0.000000 0.000000 0.000000 0.000000 2.136000 2.136000 2.136000 2.136000 2.136000 2.136000 2.136000 2.136000 2.136000 2.103000 2.056000 2.017000 2.017000 2.017000 2.017000 2.017000 2.017000 2.017000 2.017000 2.017000 2.017000 2.016000 2.010000 2.003000 2.000000 2.000000 2.000000 2.000000 0.000000 0.000000 0.000000 0.000000 0.000000 0.000000 
0.000000 0.000000 0.000000 0.000000 0.000000 0.000000 2.136000 2.136000 2.136000 2.136000 2.136000 2.136000 2.136000 2.136000 2.136000 2.099000 2.045000 2.000000 2.000000 2.000000 2.000000 2.000000 2.000000 2.000000 2.000000 2.000000 2.000000 2.000000 2.000000 2.000000 2.000000 2.000000 2.000000 2.000000 0.000000 0.000000 0.000000 0.000000 0.000000 0.000000 
0.000000 0.000000 0.000000 0.000000 0.000000 0.000000 2.136000 2.136000 2.136000 2.136000 2.136000 2.136000 2.136000 2.136000 2.136000 2.099000 2.045000 2.000000 2.000000 2.000000 2.000000 2.000000 2.000000 2.000000 2.000000 2.000000 2.000000 2.000000 2.000000 2.000000 2.000000 2.000000 2.000000 2.000000 0.000000 0.000000 0.000000 0.000000 0.000000 0.000000 
0.000000 0.000000 0.000000 0.000000 0.000000 0.000000 2.136000 2.136000 2.136000 2.136000 2.139000 2.142000 2.145000 2.145000 2.145000 2.108000 2.054000 2.009000 2.009000 2.009000 2.009000 2.009000 2.010000 2.013000 2.017000 2.016000 2.013000 2.009000 2.005000 2.002000 2.000000 2.000000 2.000000 2.000000 0.000000 0.000000 0.000000 0.000000 0.000000 0.000000 
0.000000 0.000000 0.000000 0.000000 0.000000 0.000000 2.136000 2.136000 2.136000 2.136000 2.155000 2.181000 2.201000 2.201000 2.201000 2.164000 2.109000 2.063000 2.063000 2.063000 2.063000 2.063000 2.067000 2.093000 2.119000 2.113000 2.087000 2.061000 2.036000 2.011000 2.000000 2.000000 2.000000 2.000000 0.000000 0.000000 0.000000 0.000000 0.000000 0.000000 
0.000000 0.000000 0.000000 0.000000 0.000000 0.000000 2.136000 2.136000 2.136000 2.136000 2.171000 2.219000 2.257000 2.257000 2.257000 2.219000 2.163000 2.117000 2.117000 2.117000 2.117000 2.117000 2.124000 2.172000 2.220000 2.209000 2.161000 2.113000 2.066000 2.020000 2.000000 2.000000 2.000000 2.000000 0.000000 0.000000 0.000000 0.000000 0.000000 0.000000 
0.000000 0.000000 0.000000 0.000000 0.000000 0.000000 2.136000 2.136000 2.136000 2.136000 2.166000 2.208000 2.243000 2.258000 2.272000 2.248000 2.207000 2.170000 2.156000 2.141000 2.127000 2.113000 2.106000 2.148000 2.189000 2.180000 2.138000 2.096000 2.042000 1.989000 1.966000 1.966000 1.966000 1.966000 0.000000 0.000000 0.000000 0.000000 0.000000 0.000000 
0.000000 0.000000 0.000000 0.000000 0.000000 0.000000 2.136000 2.136000 2.136000 2.136000 2.150000 2.169000 2.192000 2.229000 2.266000 2.264000 2.244000 2.222000 2.186000 2.149000 2.113000 2.077000 2.049000 2.069000 2.088000 2.083000 2.064000 2.042000 1.989000 1.936000 1.914000 1.914000 1.914000 1.914000 0.000000 0.000000 0.000000 0.000000 0.000000 0.000000 
0.000000 0.000000 0.000000 0.000000 0.000000 0.000000 2.136000 2.133000 2.123000 2.112000 2.109000 2.109000 2.121000 2.182000 2.243000 2.266000 2.272000 2.268000 2.212000 2.156000 2.101000 2.047000 2.000000 2.000000 2.000000 2.000000 2.000000 1.995000 1.943000 1.891000 1.869000 1.869000 1.869000 1.869000 0.000000 0.000000 0.000000 0.000000 0.000000 0.000000 
0.000000 0.000000 0.000000 0.000000 0.000000 0.000000 2.136000 2.114000 2.022000 1.930000 1.905000 1.905000 1.925000 2.023000 2.122000 2.186000 2.236000 2.268000 2.212000 2.156000 2.101000 2.047000 2.000000 2.000000 2.000000 2.000000 2.000000 1.995000 1.943000 1.891000 1.869000 1.869000 1.869000 1.869000 0.000000 0.000000 0.000000 0.000000 0.000000 0.000000 
0.000000 0.000000 0.000000 0.000000 0.000000 0.000000 2.136000 2.094000 1.921000 1.748000 1.700000 1.700000 1.728000 1.864000 2.000000 2.106000 2.200000 2.268000 2.212000 2.156000 2.101000 2.047000 2.000000 2.000000 2.000000 2.000000 2.000000 1.995000 1.943000 1.891000 1.869000 1.869000 1.869000 1.869000 0.000000 0.000000 0.000000 0.000000 0.000000 0.000000 
0.000000 0.000000 0.000000 0.000000 0.000000 0.000000 2.136000 2.087000 1.883000 1.679000 1.622000 1.622000 1.648000 1.773000 1.898000 1.995000 2.078000 2.139000 2.097000 2.055000 2.030000 2.014000 2.002000 2.015000 2.028000 2.033000 2.033000 2.029000 1.990000 1.951000 1.546000 0.000000 0.000000 0.000000 0.000000 0.000000 0.000000 0.000000 0.000000 0.000000 
0.000000 0.000000 0.000000 0.000000 0.000000 0.000000 2.136000 2.087000 1.883000 1.679000 1.622000 1.622000 1.639000 1.724000 1.809000 1.863000 1.902000 1.932000 1.912000 1.891000 1.914000 1.960000 2.005000 2.039000 2.074000 2.087000 2.087000 2.085000 2.067000 2.048000 1.022000 0.000000 0.000000 0.000000 0.000000 0.000000 0.000000 0.000000 0.000000 0.000000 
0.000000 0.000000 0.000000 0.000000 0.000000 0.000000 2.136000 2.087000 1.883000 1.679000 1.622000 1.622000 1.632000 1.680000 1.729000 1.744000 1.744000 1.744000 1.744000 1.744000 1.810000 1.912000 2.007000 2.061000 2.115000 2.136000 2.136000 2.136000 2.136000 2.136000 0.000000 0.000000 0.000000 0.000000 0.000000 0.000000 0.000000 0.000000 0.000000 0.000000 
0.000000 0.000000 0.000000 0.000000 0.000000 0.000000 2.136000 2.087000 1.883000 1.679000 1.622000 1.622000 1.632000 1.680000 1.729000 1.744000 1.744000 1.744000 1.744000 1.744000 1.810000 1.912000 2.007000 2.061000 2.115000 2.136000 2.136000 2.136000 2.136000 2.136000 0.000000 0.000000 0.000000 0.000000 0.000000 0.000000 0.000000 0.000000 0.000000 0.000000 
0.000000 0.000000 0.000000 0.000000 0.000000 0.000000 0.000000 0.000000 0.000000 0.000000 0.000000 0.000000 0.000000 0.000000 0.000000 0.000000 0.000000 0.000000 0.000000 0.000000 0.000000 0.000000 0.000000 0.000000 0.000000 0.000000 0.000000 0.000000 0.000000 0.000000 0.000000 0.000000 0.000000 0.000000 0.000000 0.000000 0.000000 0.000000 0.000000 0.000000 
0.000000 0.000000 0.000000 0.000000 0.000000 0.000000 0.000000 0.000000 0.000000 0.000000 0.000000 0.000000 0.000000 0.000000 0.000000 0.000000 0.000000 0.000000 0.000000 0.000000 0.000000 0.000000 0.000000 0.000000 0.000000 0.000000 0.000000 0.000000 0.000000 0.000000 0.000000 0.000000 0.000000 0.000000 0.000000 0.000000 0.000000 0.000000 0.000000 0.000000 
0.000000 0.000000 0.000000 0.000000 0.000000 0.000000 0.000000 0.000000 0.000000 0.000000 0.000000 0.000000 0.000000 0.000000 0.000000 0.000000 0.000000 0.000000 0.000000 0.000000 0.000000 0.000000 0.000000 0.000000 0.000000 0.000000 0.000000 0.000000 0.000000 0.000000 0.000000 0.000000 0.000000 0.000000 0.000000 0.000000 0.000000 0.000000 0.000000 0.000000 
0.000000 0.000000 0.000000 0.000000 0.000000 0.000000 0.000000 0.000000 0.000000 0.000000 0.000000 0.000000 0.000000 0.000000 0.000000 0.000000 0.000000 0.000000 0.000000 0.000000 0.000000 0.000000 0.000000 0.000000 0.000000 0.000000 0.000000 0.000000 0.000000 0.000000 0.000000 0.000000 0.000000 0.000000 0.000000 0.000000 0.000000 0.000000 0.000000 0.000000 
0.000000 0.000000 0.000000 0.000000 0.000000 0.000000 0.000000 0.000000 0.000000 0.000000 0.000000 0.000000 0.000000 0.000000 0.000000 0.000000 0.000000 0.000000 0.000000 0.000000 0.000000 0.000000 0.000000 0.000000 0.000000 0.000000 0.000000 0.000000 0.000000 0.000000 0.000000 0.000000 0.000000 0.000000 0.000000 0.000000 0.000000 0.000000 0.000000 0.000000 
0.000000 0.000000 0.000000 0.000000 0.000000 0.000000 0.000000 0.000000 0.000000 0.000000 0.000000 0.000000 0.000000 0.000000 0.000000 0.000000 0.000000 0.000000 0.000000 0.000000 0.000000 0.000000 0.000000 0.000000 0.000000 0.000000 0.000000 0.000000 0.000000 0.000000 0.000000 0.000000 0.000000 0.000000 0.000000 0.000000 0.000000 0.000000 0.000000 0.000000 
0.000000 0.000000 0.000000 0.000000 0.000000 0.000000 0.000000 0.000000 0.000000 0.000000 0.000000 0.000000 0.000000 0.000000 0.000000 0.000000 0.000000 0.000000 0.000000 0.000000 0.000000 0.000000 0.000000 0.000000 0.000000 0.000000 0.000000 0.000000 0.000000 0.000000 0.000000 0.000000 0.000000 0.000000 0.000000 0.000000 0.000000 0.000000 0.000000 0.000000 
0.000000 0.000000 0.000000 0.000000 0.000000 0.000000 0.000000 0.000000 0.000000 0.000000 0.000000 0.000000 0.000000 0.000000 0.000000 0.000000 0.000000 0.000000 0.000000 0.000000 0.000000 0.000000 0.000000 0.000000 0.000000 0.000000 0.000000 0.000000 0.000000 0.000000 0.000000 0.000000 0.000000 0.000000 0.000000 0.000000 0.000000 0.000000 0.000000 0.000000 
0.000000 0.000000 0.000000 0.000000 0.000000 0.000000 0.000000 0.000000 0.000000 0.000000 0.000000 0.000000 0.000000 0.000000 0.000000 0.000000 0.000000 0.000000 0.000000 0.000000 0.000000 0.000000 0.000000 0.000000 0.000000 0.000000 0.000000 0.000000 0.000000 0.000000 0.000000 0.000000 0.000000 0.000000 0.000000 0.000000 0.000000 0.000000 0.000000 0.000000 
