0.000000,0.000000,0.000000,0.000000,0.000000,0.000000,0.000000,0.000000,0.000000,0.000000,0.000000,0.000000,0.000000,0.000000,0.000000,0.000000,0.000000,0.000000,0.000000,0.000000,0.000000,0.000000,0.000000,0.000000,0.000000,0.000000,0.000000,0.000000,0.000000,0.000000,0.000000,0.000000,0.000000,0.000000,0.000000,0.000000,0.000000,0.000000,0.000000,0.000000,
0.000000,0.000000,0.000000,0.000000,0.000000,0.000000,0.000000,0.000000,0.000000,0.000000,0.000000,0.000000,0.000000,0.000000,0.000000,0.000000,0.000000,0.000000,0.000000,0.000000,0.000000,0.000000,0.000000,0.000000,0.000000,0.000000,0.000000,0.000000,0.000000,0.000000,0.000000,0.000000,0.000000,0.000000,0.000000,0.000000,0.000000,0.000000,0.000000,0.000000,
0.000000,0.000000,0.000000,0.000000,0.000000,0.000000,0.000000,0.000000,0.000000,0.000000,0.000000,0.000000,0.000000,0.000000,0.000000,0.000000,0.000000,0.000000,0.000000,0.000000,0.000000,0.000000,0.000000,0.000000,0.000000,0.000000,0.000000,0.000000,0.000000,0.000000,0.000000,0.000000,0.000000,0.000000,0.000000,0.000000,0.000000,0.000000,0.000000,0.000000,
0.000000,0.000000,0.000000,0.000000,0.000000,0.000000,0.000000,0.000000,0.000000,0.000000,0.000000,0.000000,0.000000,0.000000,0.000000,0.000000,0.000000,0.000000,0.000000,0.000000,0.000000,0.000000,0.000000,0.000000,0.000000,0.000000,0.000000,0.000000,0.000000,0.000000,0.000000,0.000000,0.000000,0.000000,0.000000,0.000000,0.000000,0.000000,0.000000,0.000000,
0.000000,0.000000,0.000000,0.000000,0.000000,0.000000,0.000000,0.000000,0.000000,0.000000,0.000000,0.000000,0.000000,0.000000,0.000000,0.000000,0.000000,0.000000,0.000000,0.000000,0.000000,0.000000,0.000000,0.000000,0.000000,0.000000,0.000000,0.000000,0.000000,0.000000,0.000000,0.000000,0.000000,0.000000,0.000000,0.000000,0.000000,0.000000,0.000000,0.000000,
0.000000,0.000000,0.000000,0.000000,0.000000,0.000000,0.000000,0.000000,0.000000,0.000000,0.000000,0.000000,0.000000,0.000000,0.000000,0.000000,0.000000,0.000000,0.000000,0.000000,0.000000,0.000000,0.000000,0.000000,0.000000,0.000000,0.000000,0.000000,0.000000,0.000000,0.000000,0.000000,0.000000,0.000000,0.000000,0.000000,0.000000,0.000000,0.000000,0.000000,
0.000000,0.000000,0.000000,0.000000,0.000000,0.000000,0.000000,0.000000,0.000000,0.000000,0.000000,0.000000,0.000000,0.000000,0.000000,0.000000,0.000000,0.000000,0.000000,0.000000,0.000000,0.000000,0.000000,0.000000,0.000000,0.000000,0.000000,0.000000,0.000000,0.000000,0.000000,0.000000,0.000000,0.000000,0.000000,0.000000,0.000000,0.000000,0.000000,0.000000,
0.000000,0.000000,0.000000,0.000000,0.000000,0.000000,0.000000,1.825000,1.825000,1.825000,1.825000,1.825000,1.825000,1.825000,1.825000,1.825000,1.825000,1.825000,1.825000,1.825000,1.825000,1.825000,1.825000,1.851000,1.911000,1.971000,1.616000,0.000000,0.000000,0.000000,0.000000,0.000000,0.000000,0.000000,0.000000,0.000000,0.000000,0.000000,0.000000,0.000000,
0.000000,0.000000,0.000000,0.000000,0.000000,0.000000,0.000000,1.825000,1.825000,1.825000,1.825000,1.825000,1.825000,1.825000,1.825000,1.825000,1.825000,1.825000,1.825000,1.825000,1.825000,1.825000,1.825000,1.851000,1.911000,1.971000,1.621000,0.000000,0.000000,0.000000,0.000000,0.000000,0.000000,0.000000,0.000000,0.000000,0.000000,0.000000,0.000000,0.000000,
0.000000,0.000000,0.000000,0.000000,0.000000,0.000000,0.000000,1.825000,1.825000,1.825000,1.825000,1.825000,1.825000,1.825000,1.825000,1.825000,1.825000,1.825000,1.825000,1.825000,1.825000,1.825000,1.825000,1.851000,1.911000,1.971000,1.752000,1.268000,0.000000,0.000000,0.000000,0.000000,0.000000,0.000000,0.000000,0.000000,0.000000,0.000000,0.000000,0.000000,
0.000000,0.000000,0.000000,0.000000,0.000000,0.000000,0.000000,1.825000,1.825000,1.825000,1.825000,1.825000,1.825000,1.825000,1.825000,1.825000,1.825000,1.825000,1.825000,1.825000,1.825000,1.825000,1.825000,1.851000,1.911000,1.971000,1.884000,1.657000,1.430000,1.028000,0.000000,0.000000,0.000000,0.000000,0.000000,0.000000,0.000000,0.000000,0.000000,0.000000,
0.000000,0.000000,0.000000,0.000000,0.000000,0.000000,0.000000,1.825000,1.825000,1.825000,1.825000,1.825000,1.825000,1.825000,1.825000,1.825000,1.825000,1.825000,1.825000,1.825000,1.825000,1.825000,1.825000,1.850000,1.907000,1.965000,1.993000,1.993000,1.993000,1.567000,0.000000,0.000000,0.000000,0.000000,0.000000,0.000000,0.000000,0.000000,0.000000,0.000000,
0.000000,0.000000,0.000000,0.000000,0.000000,0.000000,0.000000,1.825000,1.825000,1.825000,1.825000,1.825000,1.825000,1.825000,1.825000,1.825000,1.825000,1.825000,1.825000,1.825000,1.825000,1.825000,1.825000,1.841000,1.878000,1.915000,1.933000,1.933000,1.933000,1.659000,1.196000,0.000000,0.000000,0.000000,0.000000,0.000000,0.000000,0.000000,0.000000,0.000000,
0.000000,0.000000,0.000000,0.000000,0.000000,0.000000,0.000000,1.825000,1.825000,1.825000,1.825000,1.825000,1.825000,1.825000,1.825000,1.825000,1.825000,1.825000,1.825000,1.825000,1.825000,1.825000,1.825000,1.832000,1.849000,1.865000,1.873000,1.873000,1.873000,1.751000,1.545000,1.338000,1.270000,0.000000,0.000000,0.000000,0.000000,0.000000,0.000000,0.000000,
0.000000,0.000000,0.000000,0.000000,0.000000,0.000000,0.000000,1.825000,1.825000,1.829000,1.833000,1.837000,1.837000,1.837000,1.837000,1.837000,1.837000,1.836000,1.832000,1.828000,1.825000,1.825000,1.825000,1.825000,1.825000,1.825000,1.825000,1.825000,1.825000,1.825000,1.825000,1.825000,1.825000,0.000000,0.000000,0.000000,0.000000,0.000000,0.000000,0.000000,
0.000000,0.000000,0.000000,0.000000,0.000000,0.000000,0.000000,1.825000,1.826000,1.851000,1.875000,1.897000,1.897000,1.897000,1.897000,1.897000,1.897000,1.890000,1.865000,1.841000,1.825000,1.825000,1.825000,1.825000,1.825000,1.825000,1.825000,1.825000,1.825000,1.825000,1.825000,1.825000,1.825000,0.000000,0.000000,0.000000,0.000000,0.000000,0.000000,0.000000,
0.000000,0.000000,0.000000,0.000000,0.000000,0.000000,0.000000,1.825000,1.827000,1.872000,1.917000,1.957000,1.957000,1.957000,1.957000,1.957000,1.957000,1.944000,1.899000,1.854000,1.825000,1.825000,1.825000,1.825000,1.825000,1.825000,1.825000,1.825000,1.825000,1.825000,1.825000,1.825000,1.825000,0.000000,0.000000,0.000000,0.000000,0.000000,0.000000,0.000000,
0.000000,0.000000,0.000000,0.000000,0.000000,0.000000,0.000000,1.825000,1.827000,1.881000,1.936000,1.984000,1.990000,1.995000,2.000000,2.000000,2.000000,1.985000,1.931000,1.877000,1.839000,1.834000,1.828000,1.825000,1.825000,1.825000,1.825000,1.825000,1.825000,1.825000,1.825000,1.825000,1.825000,0.000000,0.000000,0.000000,0.000000,0.000000,0.000000,0.000000,
0.000000,0.000000,0.000000,0.000000,0.000000,0.000000,0.000000,1.825000,1.826000,1.860000,1.894000,1.927000,1.953000,1.979000,2.000000,2.000000,2.000000,1.991000,1.957000,1.923000,1.892000,1.866000,1.840000,1.825000,1.825000,1.825000,1.825000,1.825000,1.825000,1.825000,1.825000,1.825000,1.825000,0.000000,0.000000,0.000000,0.000000,0.000000,0.000000,0.000000,
0.000000,0.000000,0.000000,0.000000,0.000000,0.000000,0.000000,1.825000,1.826000,1.839000,1.852000,1.869000,1.916000,1.963000,2.000000,2.000000,2.000000,1.996000,1.983000,1.970000,1.945000,1.898000,1.851000,1.825000,1.825000,1.825000,1.825000,1.825000,1.825000,1.825000,1.825000,1.825000,1.825000,0.000000,0.000000,0.000000,0.000000,0.000000,0.000000,0.000000,
0.000000,0.000000,0.000000,0.000000,0.000000,0.000000,0.000000,1.825000,1.825000,1.825000,1.825000,1.832000,1.892000,1.952000,2.000000,2.000000,2.000000,1.998000,1.991000,1.983000,1.960000,1.908000,1.855000,1.825000,1.825000,1.825000,1.825000,1.825000,1.825000,1.825000,1.825000,1.825000,1.825000,0.000000,0.000000,0.000000,0.000000,0.000000,0.000000,0.000000,
0.000000,0.000000,0.000000,0.000000,0.000000,0.000000,0.000000,1.825000,1.825000,1.825000,1.825000,1.832000,1.892000,1.952000,2.000000,2.000000,2.000000,1.992000,1.965000,1.937000,1.908000,1.875000,1.843000,1.825000,1.825000,1.825000,1.825000,1.825000,1.825000,1.825000,1.825000,1.825000,1.825000,0.000000,0.000000,0.000000,0.000000,0.000000,0.000000,0.000000,
0.000000,0.000000,0.000000,0.000000,0.000000,0.000000,0.000000,1.825000,1.825000,1.825000,1.825000,1.832000,1.892000,1.952000,2.000000,2.000000,2.000000,1.987000,1.938000,1.890000,1.855000,1.843000,1.832000,1.825000,1.825000,1.825000,1.825000,1.825000,1.825000,1.825000,1.825000,1.825000,1.825000,0.000000,0.000000,0.000000,0.000000,0.000000,0.000000,0.000000,
0.000000,0.000000,0.000000,0.000000,0.000000,0.000000,0.000000,1.825000,1.825000,1.825000,1.825000,1.832000,1.892000,1.952000,2.000000,2.000000,2.000000,1.984000,1.924000,1.864000,1.825000,1.825000,1.825000,1.825000,1.825000,1.825000,1.825000,1.825000,1.825000,1.596000,1.207000,0.000000,0.000000,0.000000,0.000000,0.000000,0.000000,0.000000,0.000000,0.000000,
0.000000,0.000000,0.000000,0.000000,0.000000,0.000000,0.000000,1.825000,1.825000,1.825000,1.825000,1.832000,1.892000,1.952000,2.000000,2.000000,2.000000,1.984000,1.924000,1.864000,1.825000,1.825000,1.825000,1.825000,1.825000,1.825000,1.825000,1.825000,1.825000,1.066000,0.000000,0.000000,0.000000,0.000000,0.000000,0.000000,0.000000,0.000000,0.000000,0.000000,
0.000000,0.000000,0.000000,0.000000,0.000000,0.000000,0.000000,1.825000,1.825000,1.825000,1.825000,1.832000,1.892000,1.952000,2.000000,2.000000,2.000000,1.984000,1.924000,1.864000,1.825000,1.825000,1.825000,1.825000,1.825000,1.825000,1.825000,1.825000,1.825000,0.000000,0.000000,0.000000,0.000000,0.000000,0.000000,0.000000,0.000000,0.000000,0.000000,0.000000,
0.000000,0.000000,0.000000,0.000000,0.000000,0.000000,0.000000,1.825000,1.825000,1.825000,1.825000,1.832000,1.892000,1.952000,2.000000,2.000000,2.000000,1.986000,1.937000,1.888000,1.856000,1.856000,1.856000,1.856000,1.856000,1.856000,1.616000,1.146000,0.000000,0.000000,0.000000,0.000000,0.000000,0.000000,0.000000,0.000000,0.000000,0.000000,0.000000,0.000000,
0.000000,0.000000,0.000000,0.000000,0.000000,0.000000,0.000000,1.825000,1.825000,1.825000,1.825000,1.832000,1.892000,1.952000,2.000000,2.000000,2.000000,1.992000,1.963000,1.934000,1.916000,1.916000,1.916000,1.916000,1.916000,1.916000,1.206000,0.000000,0.000000,0.000000,0.000000,0.000000,0.000000,0.000000,0.000000,0.000000,0.000000,0.000000,0.000000,0.000000,
0.000000,0.000000,0.000000,0.000000,0.000000,0.000000,0.000000,1.825000,1.825000,1.825000,1.825000,1.832000,1.892000,1.952000,2.000000,2.000000,2.000000,1.998000,1.989000,1.981000,1.975000,1.975000,1.975000,1.975000,1.975000,1.975000,0.000000,0.000000,0.000000,0.000000,0.000000,0.000000,0.000000,0.000000,0.000000,0.000000,0.000000,0.000000,0.000000,0.000000,
0.000000,0.000000,0.000000,0.000000,0.000000,0.000000,0.000000,1.791000,1.792000,1.803000,1.815000,1.832000,1.892000,1.952000,2.000000,2.000000,2.000000,2.000000,2.000000,2.000000,2.000000,2.000000,2.000000,2.000000,2.000000,2.000000,0.000000,0.000000,0.000000,0.000000,0.000000,0.000000,0.000000,0.000000,0.000000,0.000000,0.000000,0.000000,0.000000,0.000000,
0.000000,0.000000,0.000000,0.000000,0.000000,0.000000,0.000000,1.734000,1.735000,1.766000,1.797000,1.832000,1.892000,1.952000,2.000000,2.000000,2.000000,2.000000,2.000000,2.000000,2.000000,2.000000,2.000000,2.000000,2.000000,2.000000,0.000000,0.000000,0.000000,0.000000,0.000000,0.000000,0.000000,0.000000,0.000000,0.000000,0.000000,0.000000,0.000000,0.000000,
0.000000,0.000000,0.000000,0.000000,0.000000,0.000000,0.000000,1.676000,1.678000,1.729000,1.780000,1.832000,1.892000,1.952000,2.000000,2.000000,2.000000,2.000000,2.000000,2.000000,2.000000,2.000000,2.000000,2.000000,2.000000,2.000000,0.000000,0.000000,0.000000,0.000000,0.000000,0.000000,0.000000,0.000000,0.000000,0.000000,0.000000,0.000000,0.000000,0.000000,
0.000000,0.000000,0.000000,0.000000,0.000000,0.000000,0.000000,1.657000,1.659000,1.717000,1.774000,1.832000,1.892000,1.952000,2.000000,2.000000,2.000000,2.000000,2.000000,2.000000,2.000000,2.000000,2.000000,2.000000,2.000000,2.000000,0.000000,0.000000,0.000000,0.000000,0.000000,0.000000,0.000000,0.000000,0.000000,0.000000,0.000000,0.000000,0.000000,0.000000,
0.000000,0.000000,0.000000,0.000000,0.000000,0.000000,0.000000,0.000000,0.000000,0.000000,0.000000,0.000000,0.000000,0.000000,0.000000,0.000000,0.000000,0.000000,0.000000,0.000000,0.000000,0.000000,0.000000,0.000000,0.000000,0.000000,0.000000,0.000000,0.000000,0.000000,0.000000,0.000000,0.000000,0.000000,0.000000,0.000000,0.000000,0.000000,0.000000,0.000000,
0.000000,0.000000,0.000000,0.000000,0.000000,0.000000,0.000000,0.000000,0.000000,0.000000,0.000000,0.000000,0.000000,0.000000,0.000000,0.000000,0.000000,0.000000,0.000000,0.000000,0.000000,0.000000,0.000000,0.000000,0.000000,0.000000,0.000000,0.000000,0.000000,0.000000,0.000000,0.000000,0.000000,0.000000,0.000000,0.000000,0.000000,0.000000,0.000000,0.000000,
0.000000,0.000000,0.000000,0.000000,0.000000,0.000000,0.000000,0.000000,0.000000,0.000000,0.000000,0.000000,0.000000,0.000000,0.000000,0.000000,0.000000,0.000000,0.000000,0.000000,0.000000,0.000000,0.000000,0.000000,0.000000,0.000000,0.000000,0.000000,0.000000,0.000000,0.000000,0.000000,0.000000,0.000000,0.000000,0.000000,0.000000,0.000000,0.000000,0.000000,
0.000000,0.000000,0.000000,0.000000,0.000000,0.000000,0.000000,0.000000,0.000000,0.000000,0.000000,0.000000,0.000000,0.000000,0.000000,0.000000,0.000000,0.000000,0.000000,0.000000,0.000000,0.000000,0.000000,0.000000,0.000000,0.000000,0.000000,0.000000,0.000000,0.000000,0.000000,0.000000,0.000000,0.000000,0.000000,0.000000,0.000000,0.000000,0.000000,0.000000,
0.000000,0.000000,0.000000,0.000000,0.000000,0.000000,0.000000,0.000000,0.000000,0.000000,0.000000,0.000000,0.000000,0.000000,0.000000,0.000000,0.000000,0.000000,0.000000,0.000000,0.000000,0.000000,0.000000,0.000000,0.000000,0.000000,0.000000,0.000000,0.000000,0.000000,0.000000,0.000000,0.000000,0.000000,0.000000,0.000000,0.000000,0.000000,0.000000,0.000000,
0.000000,0.000000,0.000000,0.000000,0.000000,0.000000,0.000000,0.000000,0.000000,0.000000,0.000000,0.000000,0.000000,0.000000,0.000000,0.000000,0.000000,0.000000,0.000000,0.000000,0.000000,0.000000,0.000000,0.000000,0.000000,0.000000,0.000000,0.000000,0.000000,0.000000,0.000000,0.000000,0.000000,0.000000,0.000000,0.000000,0.000000,0.000000,0.000000,0.000000,
0.000000,0.000000,0.000000,0.000000,0.000000,0.000000,0.000000,0.000000,0.000000,0.000000,0.000000,0.000000,0.000000,0.000000,0.000000,0.000000,0.000000,0.000000,0.000000,0.000000,0.000000,0.000000,0.000000,0.000000,0.000000,0.000000,0.000000,0.000000,0.000000,0.000000,0.000000,0.000000,0.000000,0.000000,0.000000,0.000000,0.000000,0.000000,0.000000,0.000000,
