40 40
0.000000 0.000000 0.000000 0.000000 0.000000 0.000000 0.000000 0.000000 0.000000 0.000000 0.000000 0.000000 0.000000 0.000000 0.000000 0.000000 0.000000 0.000000 0.000000 0.000000 0.000000 0.000000 0.000000 0.000000 0.000000 0.000000 0.000000 0.000000 0.000000 0.000000 0.000000 0.000000 0.000000 0.000000 0.000000 0.000000 0.000000 0.000000 0.000000 0.000000 
0.000000 0.000000 0.000000 0.000000 0.000000 0.000000 0.000000 0.000000 0.000000 0.000000 0.000000 0.000000 0.000000 0.000000 0.000000 0.000000 0.000000 0.000000 0.000000 0.000000 0.000000 0.000000 0.000000 0.000000 0.000000 0.000000 0.000000 0.000000 0.000000 0.000000 0.000000 0.000000 0.000000 0.000000 0.000000 0.000000 0.000000 0.000000 0.000000 0.000000 
0.000000 0.000000 0.000000 0.000000 0.000000 0.000000 0.000000 0.000000 0.000000 0.000000 0.000000 0.000000 0.000000 0.000000 0.000000 0.000000 0.000000 0.000000 0.000000 0.000000 0.000000 0.000000 0.000000 0.000000 0.000000 0.000000 0.000000 0.000000 0.000000 0.000000 0.000000 0.000000 0.000000 0.000000 0.000000 0.000000 0.000000 0.000000 0.000000 0.000000 
0.000000 0.000000 0.000000 0.000000 0.000000 0.000000 0.000000 0.000000 0.000000 0.000000 0.000000 0.000000 0.000000 0.000000 0.000000 0.000000 0.000000 0.000000 0.000000 0.000000 0.000000 0.000000 0.000000 0.000000 0.000000 0.000000 0.000000 0.000000 0.000000 0.000000 0.000000 0.000000 0.000000 0.000000 0.000000 0.000000 0.000000 0.000000 0.000000 0.000000 
0.000000 0.000000 0.000000 0.000000 0.000000 0.000000 0.000000 0.000000 0.000000 0.000000 0.000000 0.000000 0.000000 0.000000 0.000000 0.000000 0.000000 0.000000 0.000000 0.000000 0.000000 0.000000 0.000000 0.000000 0.000000 0.000000 0.000000 0.000000 0.000000 0.000000 0.000000 0.000000 0.000000 0.000000 0.000000 0.000000 0.000000 0.000000 0.000000 0.000000 
0.000000 0.000000 0.000000 0.000000 0.000000 0.000000 0.000000 0.000000 0.000000 0.000000 0.000000 0.000000 0.000000 0.000000 0.000000 0.000000 0.000000 0.000000 0.000000 0.000000 0.000000 0.000000 0.000000 0.000000 0.000000 0.000000 0.000000 0.000000 0.000000 0.000000 0.000000 0.000000 0.000000 0.000000 0.000000 0.000000 0.000000 0.000000 0.000000 0.000000 
0.000000 0.000000 0.000000 0.000000 0.000000 0.000000 0.000000 0.000000 0.000000 0.000000 0.000000 0.000000 0.000000 0.000000 0.000000 0.000000 0.000000 0.000000 0.000000 0.000000 0.000000 0.000000 0.000000 0.000000 0.000000 0.000000 0.000000 0.000000 0.000000 0.000000 0.000000 0.000000 0.000000 0.000000 0.000000 0.000000 0.000000 0.000000 0.000000 0.000000 
0.000000 0.000000 0.000000 0.000000 0.000000 0.000000 0.000000 0.000000 0.000000 0.000000 0.000000 0.000000 0.000000 0.000000 0.000000 0.000000 0.000000 0.000000 0.000000 0.000000 0.000000 0.000000 0.000000 0.000000 0.000000 0.000000 0.000000 0.000000 0.000000 0.000000 0.000000 0.000000 0.000000 0.000000 0.000000 0.000000 0.000000 0.000000 0.000000 0.000000 
0.000000 0.000000 0.000000 0.000000 0.000000 0.000000 0.000000 0.000000 0.000000 0.000000 0.000000 0.000000 0.000000 0.000000 0.000000 0.000000 0.000000 0.000000 0.000000 0.000000 0.000000 0.000000 0.000000 0.000000 0.000000 0.000000 0.000000 0.000000 0.000000 0.000000 0.000000 0.000000 0.000000 0.000000 0.000000 0.000000 0.000000 0.000000 0.000000 0.000000 
0.000000 0.000000 0.000000 0.000000 0.000000 0.000000 0.000000 0.000000 0.000000 0.000000 0.000000 0.000000 0.000000 0.000000 0.000000 0.000000 0.000000 0.000000 0.000000 0.000000 0.000000 0.000000 0.000000 0.000000 0.000000 0.000000 0.000000 0.000000 0.000000 0.000000 0.000000 0.000000 0.000000 0.000000 0.000000 0.000000 0.000000 0.000000 0.000000 0.000000 
0.000000 0.000000 0.000000 0.000000 0.000000 0.000000 0.000000 0.000000 0.000000 0.000000 0.000000 0.000000 0.000000 0.000000 0.000000 0.000000 0.000000 0.000000 0.000000 0.000000 0.000000 0.000000 0.000000 0.000000 0.000000 0.000000 0.000000 0.000000 0.000000 0.000000 0.000000 0.000000 0.000000 0.000000 0.000000 0.000000 0.000000 0.000000 0.000000 0.000000 
0.000000 0.000000 0.000000 0.000000 0.000000 0.000000 0.000000 0.000000 0.000000 0.000000 0.000000 0.000000 0.000000 0.000000 0.000000 0.000000 0.000000 0.000000 0.000000 0.000000 0.000000 0.000000 0.000000 0.000000 0.000000 0.000000 0.000000 0.000000 0.000000 0.000000 0.000000 0.000000 0.000000 0.000000 0.000000 0.000000 0.000000 0.000000 0.000000 0.000000 
0.000000 0.000000 0.000000 0.000000 0.000000 0.000000 0.000000 0.000000 0.000000 0.000000 0.000000 0.000000 0.000000 0.000000 0.000000 0.000000 0.000000 0.000000 0.000000 0.000000 2.102000 0.000000 0.000000 0.000000 0.000000 0.000000 0.000000 0.000000 0.000000 0.000000 2.042000 2.026000 2.040000 2.046000 2.074000 2.081000 2.076000 0.000000 0.000000 0.000000 
0.000000 0.000000 0.000000 0.000000 0.000000 0.000000 0.000000 0.000000 0.000000 0.000000 0.000000 0.000000 0.000000 0.000000 0.000000 0.000000 0.000000 0.000000 0.000000 2.861000 0.000000 1.683000 1.688000 1.757000 2.022000 1.789000 2.037000 2.027000 2.009000 2.041000 2.046000 2.046000 2.047000 2.060000 2.074000 2.075000 2.055000 2.055000 0.000000 0.000000 
0.000000 0.000000 0.000000 0.000000 0.000000 0.000000 0.000000 0.000000 0.000000 0.000000 0.000000 0.000000 0.000000 0.000000 0.000000 0.000000 0.000000 2.000000 2.009000 2.009000 2.009000 2.009000 2.009000 2.009000 2.016000 2.026000 2.037000 2.039000 2.043000 2.044000 2.046000 2.046000 2.046000 2.060000 2.074000 2.069000 2.061000 2.066000 0.000000 0.000000 
0.000000 0.000000 0.000000 0.000000 0.000000 0.000000 0.000000 0.000000 2.384000 2.380000 2.377000 2.104000 1.993000 1.992000 2.009000 2.009000 2.009000 2.008000 2.009000 2.017000 2.017000 2.016000 2.009000 2.011000 2.024000 2.036000 2.037000 2.037000 2.037000 2.041000 2.046000 2.046000 2.046000 2.058000 2.067000 2.061000 2.055000 2.055000 0.000000 0.000000 
0.000000 2.862000 2.853000 2.858000 2.860000 1.993000 1.974000 1.974000 1.974000 1.971000 1.970000 1.983000 1.992000 1.992000 2.000000 2.004000 2.009000 2.009000 2.009000 2.009000 2.014000 2.018000 2.021000 2.027000 2.031000 2.037000 2.037000 2.037000 2.037000 2.043000 2.046000 2.046000 2.046000 2.055000 2.061000 2.058000 2.055000 2.063000 0.000000 0.000000 
0.000000 2.821000 2.821000 2.835000 2.071000 1.970000 1.974000 1.974000 1.975000 1.983000 1.984000 1.997000 1.992000 1.998000 2.000000 2.000000 2.009000 2.009000 2.009000 2.009000 2.009000 2.010000 2.018000 2.027000 2.027000 2.027000 2.035000 2.037000 2.037000 2.041000 2.046000 2.046000 2.046000 2.052000 2.055000 2.055000 2.062000 2.055000 0.000000 0.000000 
0.000000 2.801000 2.809000 2.512000 1.966000 1.970000 1.974000 1.974000 1.983000 1.983000 1.984000 1.990000 1.991000 1.991000 1.997000 2.000000 2.004000 2.004000 2.009000 2.009000 2.000000 2.004000 2.007000 2.014000 2.025000 2.027000 2.027000 2.031000 2.037000 2.041000 2.046000 2.046000 2.046000 2.052000 2.055000 2.055000 2.060000 2.060000 0.000000 0.000000 
0.000000 2.764000 2.764000 1.949000 1.964000 1.970000 1.974000 1.974000 1.974000 1.974000 1.974000 1.974000 1.973000 1.973000 1.985000 1.992000 1.995000 1.999000 2.000000 2.000000 2.000000 2.000000 2.006000 2.011000 2.024000 2.027000 2.027000 2.031000 2.037000 2.037000 2.045000 2.045000 2.045000 2.052000 2.055000 2.055000 2.058000 2.065000 0.000000 0.000000 
0.000000 2.764000 2.764000 1.949000 1.964000 1.969000 1.969000 1.969000 1.969000 1.964000 1.964000 1.967000 1.966000 1.966000 1.978000 1.991000 1.992000 1.992000 2.000000 2.000000 2.002000 2.001000 2.008000 2.011000 2.018000 2.027000 2.027000 2.028000 2.031000 2.034000 2.037000 2.037000 2.038000 2.052000 2.055000 2.055000 2.056000 2.064000 0.000000 0.000000 
0.000000 2.637000 2.050000 1.924000 1.947000 1.955000 1.956000 1.956000 1.957000 1.952000 1.952000 1.966000 1.966000 1.967000 1.978000 1.991000 1.992000 1.993000 2.001000 2.002000 2.009000 2.009000 2.009000 2.009000 2.021000 2.026000 2.027000 2.027000 2.027000 2.031000 2.037000 2.037000 2.038000 2.052000 2.055000 2.055000 2.055000 2.063000 0.000000 0.000000 
0.000000 1.920000 1.922000 1.925000 1.934000 1.935000 1.943000 1.953000 1.957000 1.956000 1.957000 1.972000 1.973000 1.985000 1.990000 1.997000 1.999000 2.000000 2.004000 2.009000 2.009000 2.009000 2.009000 2.009000 2.016000 2.019000 2.021000 2.023000 2.027000 2.027000 2.037000 2.037000 2.038000 2.052000 2.056000 2.057000 2.055000 1.071000 0.000000 0.000000 
0.000000 1.920000 1.924000 1.922000 1.931000 1.934000 1.943000 1.955000 1.966000 1.961000 1.969000 1.974000 1.985000 1.992000 1.994000 1.998000 2.000000 2.000000 2.003000 2.007000 2.008000 2.009000 2.009000 2.009000 2.014000 2.018000 2.018000 2.021000 2.027000 2.027000 2.027000 2.042000 2.046000 2.052000 2.057000 2.062000 1.288000 0.000000 0.000000 0.000000 
0.000000 2.568000 2.578000 1.916000 1.937000 1.944000 1.962000 1.968000 1.972000 1.974000 1.974000 1.974000 1.976000 1.983000 1.987000 1.992000 2.000000 2.000000 2.000000 2.000000 2.005000 2.009000 2.009000 2.009000 2.009000 2.018000 2.018000 2.021000 2.027000 2.027000 2.027000 2.038000 2.041000 2.062000 2.063000 1.073000 0.000000 0.000000 0.000000 0.000000 
0.000000 2.751000 2.769000 2.600000 1.978000 1.955000 1.971000 1.969000 1.966000 1.966000 1.972000 1.974000 1.974000 1.974000 1.977000 1.991000 1.995000 1.998000 1.995000 1.992000 1.997000 2.000000 2.000000 2.000000 2.005000 0.000000 2.010000 2.019000 2.031000 2.684000 0.000000 0.000000 0.000000 0.000000 2.244000 2.305000 2.295000 2.268000 0.000000 0.000000 
0.000000 2.751000 2.779000 2.785000 2.031000 1.949000 1.966000 1.966000 1.966000 1.966000 1.966000 1.967000 1.972000 1.967000 1.977000 1.997000 1.999000 1.992000 1.992000 1.992000 1.997000 2.000000 1.012000 0.000000 0.000000 0.000000 0.000000 0.000000 0.000000 0.000000 0.000000 0.000000 0.000000 0.000000 0.000000 0.000000 0.000000 0.000000 0.000000 0.000000 
0.000000 2.764000 2.795000 2.424000 1.739000 1.569000 1.966000 1.968000 1.966000 1.966000 1.966000 1.966000 1.972000 1.966000 2.284000 2.942000 0.000000 0.000000 0.000000 0.000000 0.000000 0.000000 0.000000 0.000000 0.000000 0.000000 0.000000 0.000000 0.000000 0.000000 0.000000 0.000000 0.000000 0.000000 0.000000 0.000000 0.000000 0.000000 0.000000 0.000000 
0.000000 0.000000 0.000000 0.000000 0.000000 0.000000 0.000000 0.000000 0.000000 0.000000 0.000000 0.000000 0.000000 0.000000 0.000000 0.000000 0.000000 0.000000 0.000000 0.000000 0.000000 0.000000 0.000000 0.000000 0.000000 0.000000 0.000000 0.000000 0.000000 0.000000 0.000000 0.000000 0.000000 0.000000 0.000000 0.000000 0.000000 0.000000 0.000000 0.000000 
0.000000 0.000000 0.000000 0.000000 0.000000 0.000000 0.000000 0.000000 0.000000 0.000000 0.000000 0.000000 0.000000 0.000000 0.000000 0.000000 0.000000 0.000000 0.000000 0.000000 0.000000 0.000000 0.000000 0.000000 0.000000 0.000000 0.000000 0.000000 0.000000 0.000000 0.000000 0.000000 0.000000 0.000000 0.000000 0.000000 0.000000 0.000000 0.000000 0.000000 
0.000000 0.000000 0.000000 0.000000 0.000000 0.000000 0.000000 0.000000 0.000000 0.000000 0.000000 0.000000 0.000000 0.000000 0.000000 0.000000 0.000000 0.000000 0.000000 0.000000 0.000000 0.000000 0.000000 0.000000 0.000000 0.000000 0.000000 0.000000 0.000000 0.000000 0.000000 0.000000 0.000000 0.000000 0.000000 0.000000 0.000000 0.000000 0.000000 0.000000 
0.000000 0.000000 0.000000 0.000000 0.000000 0.000000 0.000000 0.000000 0.000000 0.000000 0.000000 0.000000 0.000000 0.000000 0.000000 0.000000 0.000000 0.000000 0.000000 0.000000 0.000000 0.000000 0.000000 0.000000 0.000000 0.000000 0.000000 0.000000 0.000000 0.000000 0.000000 0.000000 0.000000 0.000000 0.000000 0.000000 0.000000 0.000000 0.000000 0.000000 
0.000000 0.000000 0.000000 0.000000 0.000000 0.000000 0.000000 0.000000 0.000000 0.000000 0.000000 0.000000 0.000000 0.000000 0.000000 0.000000 0.000000 0.000000 0.000000 0.000000 0.000000 0.000000 0.000000 0.000000 0.000000 0.000000 0.000000 0.000000 0.000000 0.000000 0.000000 0.000000 0.000000 0.000000 0.000000 0.000000 0.000000 0.000000 0.000000 0.000000 
0.000000 0.000000 0.000000 0.000000 0.000000 0.000000 0.000000 0.000000 0.000000 0.000000 0.000000 0.000000 0.000000 0.000000 0.000000 0.000000 0.000000 0.000000 0.000000 0.000000 0.000000 0.000000 0.000000 0.000000 0.000000 0.000000 0.000000 0.000000 0.000000 0.000000 0.000000 0.000000 0.000000 0.000000 0.000000 0.000000 0.000000 0.000000 0.000000 0.000000 
0.000000 0.000000 0.000000 0.000000 0.000000 0.000000 0.000000 0.000000 0.000000 0.000000 0.000000 0.000000 0.000000 0.000000 0.000000 0.000000 0.000000 0.000000 0.000000 0.000000 0.000000 0.000000 0.000000 0.000000 0.000000 0.000000 0.000000 0.000000 0.000000 0.000000 0.000000 0.000000 0.000000 0.000000 0.000000 0.000000 0.000000 0.000000 0.000000 0.000000 
0.000000 0.000000 0.000000 0.000000 0.000000 0.000000 0.000000 0.000000 0.000000 0.000000 0.000000 0.000000 0.000000 0.000000 0.000000 0.000000 0.000000 0.000000 0.000000 0.000000 0.000000 0.000000 0.000000 0.000000 0.000000 0.000000 0.000000 0.000000 0.000000 0.000000 0.000000 0.000000 0.000000 0.000000 0.000000 0.000000 0.000000 0.000000 0.000000 0.000000 
0.000000 0.000000 0.000000 0.000000 0.000000 0.000000 0.000000 0.000000 0.000000 0.000000 0.000000 0.000000 0.000000 0.000000 0.000000 0.000000 0.000000 0.000000 0.000000 0.000000 0.000000 0.000000 0.000000 0.000000 0.000000 0.000000 0.000000 0.000000 0.000000 0.000000 0.000000 0.000000 0.000000 0.000000 0.000000 0.000000 0.000000 0.000000 0.000000 0.000000 
0.000000 0.000000 0.000000 0.000000 0.000000 0.000000 0.000000 0.000000 0.000000 0.000000 0.000000 0.000000 0.000000 0.000000 0.000000 0.000000 0.000000 0.000000 0.000000 0.000000 0.000000 0.000000 0.000000 0.000000 0.000000 0.000000 0.000000 0.000000 0.000000 0.000000 0.000000 0.000000 0.000000 0.000000 0.000000 0.000000 0.000000 0.000000 0.000000 0.000000 
0.000000 0.000000 0.000000 0.000000 0.000000 0.000000 0.000000 0.000000 0.000000 0.000000 0.000000 0.000000 0.000000 0.000000 0.000000 0.000000 0.000000 0.000000 0.000000 0.000000 0.000000 0.000000 0.000000 0.000000 0.000000 0.000000 0.000000 0.000000 0.000000 0.000000 0.000000 0.000000 0.000000 0.000000 0.000000 0.000000 0.000000 0.000000 0.000000 0.000000 
0.000000 0.000000 0.000000 0.000000 0.000000 0.000000 0.000000 0.000000 0.000000 0.000000 0.000000 0.000000 0.000000 0.000000 0.000000 0.000000 0.000000 0.000000 0.000000 0.000000 0.000000 0.000000 0.000000 0.000000 0.000000 0.000000 0.000000 0.000000 0.000000 0.000000 0.000000 0.000000 0.000000 0.000000 0.000000 0.000000 0.000000 0.000000 0.000000 0.000000 
