40 40
0.000000 0.000000 0.000000 0.000000 0.000000 0.000000 0.000000 0.000000 0.000000 0.000000 0.000000 0.000000 0.000000 0.000000 0.000000 0.000000 0.000000 0.000000 0.000000 0.000000 0.000000 0.000000 0.000000 0.000000 0.000000 0.000000 0.000000 0.000000 0.000000 0.000000 0.000000 0.000000 0.000000 0.000000 0.000000 0.000000 0.000000 0.000000 0.000000 0.000000 
0.000000 0.000000 0.000000 0.000000 0.000000 0.000000 0.000000 0.000000 0.000000 2.507000 0.000000 0.000000 0.000000 0.000000 0.000000 0.000000 0.000000 0.000000 2.438000 2.177000 2.426000 2.423000 2.414000 2.000000 2.397000 1.997000 1.991000 1.991000 1.988000 1.988000 1.990000 0.000000 0.000000 0.000000 0.000000 0.000000 0.000000 0.000000 0.000000 0.000000 
0.000000 0.000000 0.000000 0.000000 0.000000 0.000000 0.000000 1.831000 2.011000 2.012000 2.009000 2.010000 2.006000 2.007000 2.003000 2.006000 2.003000 2.003000 2.003000 2.003000 2.003000 2.002000 2.000000 1.999000 1.994000 1.994000 1.992000 1.991000 1.988000 1.988000 1.989000 1.323000 0.000000 0.000000 0.000000 0.000000 0.000000 0.000000 0.000000 0.000000 
0.000000 0.000000 0.000000 0.000000 0.000000 0.000000 0.000000 1.851000 2.009000 2.009000 2.009000 2.010000 2.009000 2.009000 2.006000 2.006000 2.004000 2.003000 2.003000 2.003000 2.002000 2.000000 2.000000 1.999000 1.994000 1.994000 1.994000 1.989000 1.988000 1.991000 1.988000 0.000000 0.000000 0.000000 0.000000 0.000000 0.000000 0.000000 0.000000 0.000000 
0.000000 0.000000 0.000000 0.000000 0.000000 0.000000 0.000000 2.015000 2.012000 2.012000 2.011000 2.007000 2.009000 2.007000 2.008000 2.006000 2.003000 2.003000 2.003000 2.001000 2.000000 2.000000 2.000000 1.999000 1.994000 1.991000 1.991000 1.988000 1.988000 1.988000 1.984000 0.000000 0.000000 0.000000 0.000000 0.000000 0.000000 0.000000 0.000000 0.000000 
0.000000 0.000000 0.000000 0.000000 0.000000 0.000000 0.000000 2.012000 2.012000 2.012000 2.011000 2.007000 2.009000 2.009000 2.008000 2.006000 2.004000 2.003000 2.003000 2.000000 2.000000 2.000000 2.000000 1.999000 1.997000 1.993000 1.991000 1.989000 1.988000 1.988000 1.987000 0.000000 0.000000 0.000000 0.000000 0.000000 0.000000 0.000000 0.000000 0.000000 
0.000000 0.000000 0.000000 0.000000 0.000000 0.000000 0.000000 2.012000 2.012000 2.012000 2.012000 2.009000 2.009000 2.009000 2.006000 2.006000 2.003000 2.003000 2.003000 2.003000 2.000000 2.000000 1.997000 1.997000 1.994000 1.993000 1.991000 1.988000 1.988000 1.988000 1.986000 0.000000 0.000000 0.000000 0.000000 0.000000 0.000000 0.000000 0.000000 0.000000 
0.000000 0.000000 0.000000 0.000000 0.000000 0.000000 0.000000 2.012000 2.012000 2.012000 2.010000 2.009000 2.009000 2.006000 2.003000 2.003000 2.003000 2.003000 2.003000 2.002000 2.000000 2.000000 1.998000 1.996000 1.994000 1.994000 1.989000 1.988000 1.988000 1.988000 1.986000 0.000000 0.000000 0.000000 0.000000 0.000000 0.000000 0.000000 0.000000 0.000000 
0.000000 0.000000 0.000000 0.000000 0.000000 0.000000 0.000000 2.014000 2.012000 2.012000 2.012000 2.009000 2.011000 2.008000 2.007000 2.003000 2.004000 2.003000 2.003000 2.000000 2.000000 2.000000 2.000000 1.996000 1.994000 1.994000 1.991000 1.988000 1.988000 1.988000 1.986000 0.000000 0.000000 0.000000 0.000000 0.000000 0.000000 0.000000 0.000000 0.000000 
0.000000 0.000000 0.000000 0.000000 0.000000 0.000000 0.000000 2.012000 2.012000 2.012000 2.010000 2.009000 2.009000 2.009000 2.006000 2.003000 2.003000 2.003000 2.003000 2.000000 2.000000 2.000000 1.998000 1.996000 1.994000 1.994000 1.991000 1.988000 1.988000 1.988000 1.983000 1.618000 0.000000 0.000000 0.000000 0.000000 0.000000 0.000000 0.000000 0.000000 
0.000000 0.000000 0.000000 0.000000 0.000000 0.000000 0.000000 2.015000 2.011000 2.010000 2.010000 2.009000 2.009000 2.006000 2.006000 2.003000 2.003000 2.003000 2.003000 2.001000 1.999000 1.997000 1.997000 1.996000 1.994000 1.990000 1.991000 1.988000 1.986000 1.988000 1.984000 1.619000 0.000000 0.000000 0.000000 0.000000 0.000000 0.000000 0.000000 0.000000 
0.000000 0.000000 0.000000 0.000000 0.000000 0.000000 0.000000 1.961000 2.009000 2.009000 2.011000 2.009000 2.011000 2.005000 2.004000 2.003000 2.003000 2.003000 2.000000 2.000000 2.000000 1.999000 1.997000 1.996000 1.991000 1.988000 1.988000 1.988000 1.986000 1.985000 1.985000 1.620000 0.000000 0.000000 0.000000 0.000000 0.000000 0.000000 0.000000 0.000000 
0.000000 0.000000 0.000000 0.000000 0.000000 0.000000 0.000000 1.832000 2.012000 2.012000 2.009000 2.006000 2.006000 2.006000 2.005000 2.003000 2.003000 2.003000 2.000000 2.000000 2.000000 1.997000 1.997000 1.996000 1.992000 1.988000 1.988000 1.988000 1.985000 1.985000 1.985000 1.622000 0.000000 0.000000 0.000000 0.000000 0.000000 0.000000 0.000000 0.000000 
0.000000 0.000000 0.000000 0.000000 0.000000 0.000000 0.000000 2.013000 2.012000 2.010000 2.008000 2.006000 2.006000 2.003000 2.006000 2.003000 2.003000 2.003000 2.003000 2.000000 1.999000 1.997000 1.997000 1.994000 1.992000 1.991000 1.988000 1.988000 1.985000 1.985000 1.981000 1.618000 0.000000 0.000000 0.000000 0.000000 0.000000 0.000000 0.000000 0.000000 
0.000000 0.000000 0.000000 0.000000 0.000000 0.000000 0.000000 1.877000 2.012000 2.009000 2.009000 2.009000 2.009000 2.006000 2.003000 2.003000 2.003000 2.003000 2.002000 2.001000 1.999000 1.994000 1.997000 1.994000 1.991000 1.989000 1.988000 1.987000 1.985000 1.985000 1.980000 0.000000 0.000000 0.000000 0.000000 0.000000 0.000000 0.000000 0.000000 0.000000 
0.000000 0.000000 0.000000 0.000000 0.000000 0.000000 0.000000 2.013000 2.012000 2.009000 2.006000 2.007000 2.009000 2.007000 2.005000 2.003000 2.003000 2.002000 2.000000 2.000000 2.000000 1.997000 1.997000 1.994000 1.991000 1.988000 1.988000 1.987000 1.985000 1.985000 1.982000 0.000000 0.000000 0.000000 0.000000 0.000000 0.000000 0.000000 0.000000 0.000000 
0.000000 0.000000 0.000000 0.000000 0.000000 0.000000 0.000000 1.915000 2.012000 2.009000 2.003000 2.004000 2.006000 2.003000 2.003000 2.003000 2.003000 2.003000 2.000000 2.000000 2.000000 1.997000 1.997000 1.993000 1.991000 1.988000 1.988000 1.988000 1.985000 1.983000 1.977000 1.324000 0.000000 0.000000 0.000000 0.000000 0.000000 0.000000 0.000000 0.000000 
0.000000 0.000000 0.000000 0.000000 0.000000 0.000000 0.000000 1.831000 2.012000 2.012000 2.007000 2.003000 2.006000 2.003000 2.003000 2.003000 2.000000 2.003000 2.000000 2.000000 1.997000 1.995000 1.997000 1.993000 1.988000 1.988000 1.987000 1.985000 1.985000 1.982000 1.982000 1.618000 0.000000 0.000000 0.000000 0.000000 0.000000 0.000000 0.000000 0.000000 
0.000000 0.000000 0.000000 0.000000 0.000000 0.000000 0.000000 1.831000 2.012000 2.009000 2.007000 2.005000 2.006000 2.003000 2.003000 2.003000 2.000000 2.000000 2.000000 2.000000 1.997000 1.997000 1.994000 1.990000 1.988000 1.988000 1.985000 1.985000 1.985000 1.982000 1.980000 1.618000 0.000000 0.000000 0.000000 0.000000 0.000000 0.000000 0.000000 0.000000 
0.000000 0.000000 0.000000 0.000000 0.000000 0.000000 0.000000 1.831000 2.010000 2.006000 2.006000 2.006000 2.003000 2.004000 2.003000 2.003000 2.003000 2.000000 2.000000 2.000000 1.997000 1.997000 1.994000 1.990000 1.988000 1.987000 1.985000 1.985000 1.984000 1.982000 1.976000 1.313000 0.000000 0.000000 0.000000 0.000000 0.000000 0.000000 0.000000 0.000000 
0.000000 0.000000 0.000000 0.000000 0.000000 0.000000 0.000000 1.831000 2.006000 2.006000 2.006000 2.006000 2.003000 2.003000 2.003000 2.003000 2.003000 2.000000 2.000000 2.000000 1.997000 1.997000 1.994000 1.990000 1.986000 1.987000 1.985000 1.985000 1.984000 1.982000 1.977000 0.000000 0.000000 0.000000 0.000000 0.000000 0.000000 0.000000 0.000000 0.000000 
0.000000 0.000000 0.000000 0.000000 0.000000 0.000000 0.000000 1.829000 2.008000 2.003000 2.006000 2.003000 2.003000 2.003000 2.003000 2.000000 2.000000 2.000000 2.000000 1.998000 1.996000 1.994000 1.994000 1.990000 1.986000 1.986000 1.986000 1.985000 1.982000 1.982000 1.982000 0.000000 0.000000 0.000000 0.000000 0.000000 0.000000 0.000000 0.000000 0.000000 
0.000000 0.000000 0.000000 0.000000 0.000000 0.000000 0.000000 1.474000 2.010000 2.009000 2.004000 2.003000 2.003000 2.003000 2.003000 2.000000 2.000000 2.000000 2.000000 1.998000 1.996000 1.994000 1.994000 1.989000 1.988000 1.987000 1.985000 1.985000 1.981000 1.979000 1.979000 0.000000 0.000000 0.000000 0.000000 0.000000 0.000000 0.000000 0.000000 0.000000 
0.000000 0.000000 0.000000 0.000000 0.000000 0.000000 0.000000 1.829000 2.009000 2.006000 2.004000 2.003000 2.003000 2.003000 2.003000 2.000000 2.000000 2.000000 2.000000 1.998000 1.997000 1.994000 1.991000 1.988000 1.988000 1.985000 1.985000 1.985000 1.981000 1.979000 1.975000 0.000000 0.000000 0.000000 0.000000 0.000000 0.000000 0.000000 0.000000 0.000000 
0.000000 0.000000 0.000000 0.000000 0.000000 0.000000 0.000000 1.824000 2.006000 2.006000 2.004000 2.003000 2.003000 2.003000 2.003000 2.000000 2.000000 2.000000 2.000000 1.995000 1.994000 1.994000 1.997000 1.988000 1.988000 1.988000 1.985000 1.985000 1.983000 1.979000 1.975000 0.000000 0.000000 0.000000 0.000000 0.000000 0.000000 0.000000 0.000000 0.000000 
0.000000 0.000000 0.000000 0.000000 0.000000 0.000000 0.000000 1.523000 2.009000 2.006000 2.003000 2.003000 2.003000 2.003000 2.001000 2.000000 2.000000 2.000000 1.997000 1.997000 1.991000 1.994000 1.994000 1.988000 1.988000 1.987000 1.985000 1.985000 1.985000 1.982000 1.973000 1.611000 0.000000 0.000000 0.000000 0.000000 0.000000 0.000000 0.000000 0.000000 
0.000000 0.000000 0.000000 0.000000 0.000000 0.000000 0.000000 2.010000 2.009000 2.003000 2.006000 2.003000 2.003000 2.003000 2.000000 2.000000 2.000000 2.000000 1.997000 1.997000 1.994000 1.994000 1.994000 1.988000 1.988000 1.985000 1.985000 1.985000 1.984000 1.982000 1.969000 0.000000 0.000000 0.000000 0.000000 0.000000 0.000000 0.000000 0.000000 0.000000 
0.000000 0.000000 0.000000 0.000000 0.000000 0.000000 0.000000 1.829000 2.006000 2.007000 2.003000 2.003000 2.003000 2.003000 2.003000 2.000000 2.000000 1.999000 1.997000 1.997000 1.994000 1.994000 1.991000 1.988000 1.988000 1.987000 1.985000 1.985000 1.982000 1.982000 1.976000 0.000000 0.000000 0.000000 0.000000 0.000000 0.000000 0.000000 0.000000 0.000000 
0.000000 0.000000 0.000000 0.000000 0.000000 0.000000 0.000000 0.000000 2.009000 2.006000 2.006000 2.003000 2.003000 2.003000 2.002000 2.000000 2.000000 1.999000 1.997000 1.997000 1.993000 1.991000 1.991000 1.988000 1.988000 1.987000 1.985000 1.985000 1.980000 1.982000 1.976000 1.419000 0.000000 0.000000 0.000000 0.000000 0.000000 0.000000 0.000000 0.000000 
0.000000 0.000000 0.000000 0.000000 0.000000 0.000000 0.000000 0.000000 2.011000 2.003000 2.003000 2.003000 2.003000 2.003000 2.000000 2.000000 2.000000 2.000000 1.997000 1.994000 1.993000 1.991000 1.991000 1.988000 1.988000 1.988000 1.985000 1.985000 1.984000 1.982000 1.978000 0.000000 0.000000 0.000000 0.000000 0.000000 0.000000 0.000000 0.000000 0.000000 
0.000000 0.000000 0.000000 0.000000 0.000000 0.000000 0.000000 0.000000 2.011000 2.006000 2.006000 2.003000 2.003000 2.003000 2.001000 2.000000 2.000000 2.000000 1.997000 1.994000 1.994000 1.991000 1.991000 1.988000 1.988000 1.985000 1.985000 1.985000 1.984000 1.982000 1.978000 1.614000 0.000000 0.000000 0.000000 0.000000 0.000000 0.000000 0.000000 0.000000 
0.000000 0.000000 0.000000 0.000000 0.000000 0.000000 0.000000 1.831000 2.009000 2.006000 2.004000 2.003000 2.003000 2.003000 2.000000 2.000000 2.000000 2.000000 1.997000 1.995000 1.994000 1.991000 1.991000 1.988000 1.988000 1.985000 1.985000 1.985000 1.982000 1.982000 1.978000 1.883000 0.000000 0.000000 0.000000 0.000000 0.000000 0.000000 0.000000 0.000000 
0.000000 0.000000 0.000000 0.000000 0.000000 0.000000 0.000000 1.073000 2.011000 2.008000 2.006000 2.003000 2.000000 2.003000 2.000000 2.000000 1.997000 1.997000 1.994000 1.994000 1.991000 1.991000 1.991000 1.988000 1.988000 1.985000 1.985000 1.985000 1.985000 1.985000 1.980000 1.614000 0.000000 0.000000 0.000000 0.000000 0.000000 0.000000 0.000000 0.000000 
0.000000 0.000000 0.000000 0.000000 0.000000 0.000000 0.000000 0.000000 2.010000 2.006000 2.007000 2.003000 2.000000 2.000000 2.000000 2.000000 1.999000 1.997000 1.994000 1.994000 1.994000 1.991000 1.991000 1.987000 1.985000 1.985000 1.985000 1.985000 1.983000 1.983000 1.981000 1.974000 0.000000 0.000000 0.000000 0.000000 0.000000 0.000000 0.000000 0.000000 
0.000000 0.000000 0.000000 0.000000 0.000000 0.000000 0.000000 0.000000 2.007000 2.004000 2.003000 2.003000 2.003000 2.000000 2.000000 2.000000 2.000000 1.997000 1.995000 1.994000 1.994000 1.991000 1.991000 1.988000 1.985000 1.985000 1.985000 1.985000 1.982000 1.979000 1.982000 1.977000 0.000000 0.000000 0.000000 0.000000 0.000000 0.000000 0.000000 0.000000 
0.000000 0.000000 0.000000 0.000000 0.000000 0.000000 0.000000 0.000000 2.006000 2.006000 2.000000 2.001000 2.003000 2.001000 2.000000 2.000000 1.998000 1.997000 1.997000 1.992000 1.991000 1.991000 1.991000 1.988000 1.985000 1.985000 1.985000 1.985000 1.984000 1.982000 1.984000 1.979000 0.000000 0.000000 0.000000 0.000000 0.000000 0.000000 0.000000 0.000000 
0.000000 0.000000 0.000000 0.000000 0.000000 0.000000 0.000000 0.000000 2.005000 2.004000 2.003000 2.003000 2.006000 2.003000 2.000000 1.997000 1.997000 2.000000 1.997000 1.989000 2.282000 0.000000 1.997000 1.990000 1.985000 1.985000 2.125000 2.231000 0.000000 0.000000 1.985000 2.362000 0.000000 0.000000 0.000000 0.000000 0.000000 0.000000 0.000000 0.000000 
0.000000 0.000000 0.000000 0.000000 0.000000 0.000000 0.000000 0.000000 0.000000 0.000000 0.000000 0.000000 0.000000 0.000000 0.000000 0.000000 0.000000 0.000000 0.000000 2.786000 0.000000 0.000000 0.000000 2.009000 0.000000 0.000000 0.000000 0.000000 0.000000 0.000000 0.000000 0.000000 0.000000 0.000000 0.000000 0.000000 0.000000 0.000000 0.000000 0.000000 
0.000000 0.000000 0.000000 0.000000 0.000000 0.000000 0.000000 0.000000 0.000000 0.000000 0.000000 0.000000 0.000000 0.000000 0.000000 0.000000 0.000000 0.000000 0.000000 0.000000 0.000000 0.000000 0.000000 0.000000 0.000000 0.000000 0.000000 0.000000 0.000000 0.000000 0.000000 0.000000 0.000000 0.000000 0.000000 0.000000 0.000000 0.000000 0.000000 0.000000 
0.000000 0.000000 0.000000 0.000000 0.000000 0.000000 0.000000 0.000000 0.000000 0.000000 0.000000 0.000000 0.000000 0.000000 0.000000 0.000000 0.000000 0.000000 0.000000 0.000000 0.000000 0.000000 0.000000 0.000000 0.000000 0.000000 0.000000 0.000000 0.000000 0.000000 0.000000 0.000000 0.000000 0.000000 0.000000 0.000000 0.000000 0.000000 0.000000 0.000000 
