0.000000,0.000000,0.000000,0.000000,0.000000,0.000000,0.000000,0.000000,0.000000,0.000000,0.000000,0.000000,0.000000,0.000000,0.000000,0.000000,0.000000,0.000000,0.000000,0.000000,0.000000,0.000000,0.000000,0.000000,0.000000,0.000000,0.000000,0.000000,0.000000,0.000000,0.000000,0.000000,0.000000,0.000000,0.000000,0.000000,0.000000,0.000000,0.000000,0.000000,
0.000000,0.000000,0.000000,0.000000,0.000000,0.000000,0.000000,0.000000,0.000000,0.000000,0.000000,0.000000,0.000000,0.000000,0.000000,0.000000,0.000000,0.000000,0.000000,0.000000,0.000000,0.000000,0.000000,0.000000,0.000000,0.000000,0.000000,0.000000,0.000000,0.000000,0.000000,0.000000,0.000000,0.000000,0.000000,0.000000,0.000000,0.000000,0.000000,0.000000,
0.000000,0.000000,0.000000,0.000000,0.000000,0.000000,0.000000,0.000000,0.000000,0.000000,0.000000,0.000000,0.000000,0.000000,0.000000,0.000000,0.000000,0.000000,0.000000,0.000000,0.000000,0.000000,0.000000,0.000000,0.000000,0.000000,0.000000,0.000000,0.000000,0.000000,0.000000,0.000000,0.000000,0.000000,0.000000,0.000000,0.000000,0.000000,0.000000,0.000000,
0.000000,0.000000,0.000000,0.000000,0.000000,0.000000,0.000000,0.000000,0.000000,0.000000,0.000000,0.000000,0.000000,0.000000,0.000000,0.000000,0.000000,0.000000,0.000000,0.000000,0.000000,0.000000,0.000000,0.000000,0.000000,0.000000,0.000000,0.000000,0.000000,0.000000,0.000000,0.000000,0.000000,0.000000,0.000000,0.000000,0.000000,0.000000,0.000000,0.000000,
0.000000,0.000000,0.000000,0.000000,0.000000,0.000000,0.000000,0.000000,0.000000,0.000000,0.000000,0.000000,0.000000,0.000000,0.000000,0.000000,2.211000,2.208000,2.211000,2.218000,2.222000,0.000000,0.000000,0.000000,0.000000,0.000000,0.000000,0.000000,0.000000,0.000000,0.000000,0.000000,0.000000,0.000000,0.000000,0.000000,0.000000,0.000000,0.000000,0.000000,
0.000000,0.000000,0.000000,0.000000,0.000000,0.000000,0.000000,0.000000,0.000000,0.000000,0.000000,0.000000,0.000000,0.000000,0.000000,2.223000,2.195000,2.179000,2.178000,2.188000,2.194000,2.194000,2.194000,2.201000,2.201000,0.000000,0.000000,0.000000,0.000000,0.000000,0.000000,0.000000,0.000000,0.000000,0.000000,0.000000,0.000000,0.000000,0.000000,0.000000,
0.000000,0.000000,0.000000,0.000000,0.000000,0.000000,0.000000,0.000000,0.000000,0.000000,0.000000,0.000000,0.000000,0.000000,0.000000,2.207000,2.177000,2.162000,2.150000,2.176000,2.184000,2.174000,2.166000,2.148000,2.150000,2.201000,0.000000,0.000000,0.000000,0.000000,0.000000,0.000000,0.000000,0.000000,0.000000,0.000000,0.000000,0.000000,0.000000,0.000000,
0.000000,0.000000,0.000000,0.000000,0.000000,0.000000,0.000000,0.000000,0.000000,0.000000,0.000000,0.000000,0.000000,0.000000,2.224000,2.195000,2.176000,2.104000,2.084000,2.031000,2.047000,2.153000,2.117000,2.109000,2.107000,2.105000,0.000000,2.575000,0.000000,0.000000,0.000000,0.000000,0.000000,0.000000,0.000000,0.000000,0.000000,0.000000,0.000000,0.000000,
0.000000,0.000000,0.000000,0.000000,0.000000,0.000000,0.000000,0.000000,0.000000,0.000000,0.000000,0.000000,0.000000,0.000000,2.290000,2.178000,2.131000,2.092000,2.009000,2.007000,2.004000,2.004000,2.018000,2.050000,2.063000,2.037000,2.015000,2.005000,2.004000,2.353000,0.000000,0.000000,0.000000,0.000000,0.000000,0.000000,0.000000,0.000000,0.000000,0.000000,
0.000000,0.000000,0.000000,0.000000,0.000000,0.000000,0.000000,0.000000,0.000000,0.000000,0.000000,0.000000,0.000000,0.000000,2.291000,2.152000,2.098000,2.013000,2.003000,2.000000,2.000000,2.000000,2.000000,2.004000,2.011000,2.010000,2.000000,2.000000,2.000000,1.988000,0.000000,0.000000,0.000000,0.000000,0.000000,0.000000,0.000000,0.000000,0.000000,0.000000,
0.000000,0.000000,0.000000,0.000000,0.000000,0.000000,0.000000,0.000000,0.000000,0.000000,0.000000,0.000000,0.000000,0.000000,2.287000,2.139000,2.100000,2.012000,2.000000,2.000000,2.000000,2.000000,2.000000,2.000000,2.000000,2.000000,2.000000,1.995000,1.995000,1.996000,0.000000,0.000000,0.000000,0.000000,0.000000,0.000000,0.000000,0.000000,0.000000,0.000000,
0.000000,0.000000,0.000000,0.000000,0.000000,0.000000,0.000000,0.000000,0.000000,0.000000,0.000000,0.000000,0.000000,2.502000,2.166000,2.145000,2.039000,2.008000,2.000000,2.000000,2.000000,2.000000,2.000000,2.000000,2.000000,2.000000,1.995000,1.995000,1.995000,1.989000,0.000000,0.000000,0.000000,0.000000,0.000000,0.000000,0.000000,0.000000,0.000000,0.000000,
0.000000,0.000000,0.000000,0.000000,0.000000,0.000000,0.000000,0.000000,0.000000,0.000000,0.000000,0.000000,0.000000,2.497000,2.172000,2.150000,2.037000,2.007000,2.000000,2.000000,2.000000,2.000000,2.000000,2.000000,2.000000,2.000000,2.000000,1.995000,1.993000,1.980000,0.000000,0.000000,0.000000,0.000000,0.000000,0.000000,0.000000,0.000000,0.000000,0.000000,
0.000000,0.000000,0.000000,0.000000,0.000000,0.000000,0.000000,0.000000,0.000000,0.000000,0.000000,0.000000,0.000000,2.196000,2.178000,2.150000,2.035000,2.003000,2.000000,2.000000,2.000000,2.000000,2.000000,2.000000,2.000000,2.000000,1.999000,1.994000,1.990000,1.983000,0.000000,0.000000,0.000000,0.000000,0.000000,0.000000,0.000000,0.000000,0.000000,0.000000,
0.000000,0.000000,0.000000,0.000000,0.000000,0.000000,0.000000,0.000000,0.000000,0.000000,0.000000,0.000000,0.000000,2.382000,2.180000,2.160000,2.031000,2.003000,2.001000,2.004000,2.000000,2.000000,2.000000,2.000000,2.000000,1.996000,1.993000,1.990000,1.992000,2.500000,0.000000,0.000000,0.000000,0.000000,0.000000,0.000000,0.000000,0.000000,0.000000,0.000000,
0.000000,0.000000,0.000000,0.000000,0.000000,0.000000,0.000000,0.000000,0.000000,0.000000,0.000000,0.000000,0.000000,2.183000,2.170000,2.151000,2.018000,2.004000,2.004000,2.002000,2.000000,2.000000,2.000000,2.000000,2.000000,1.996000,1.990000,1.990000,1.993000,2.276000,0.000000,0.000000,0.000000,0.000000,0.000000,0.000000,0.000000,0.000000,0.000000,0.000000,
0.000000,0.000000,0.000000,0.000000,0.000000,0.000000,0.000000,0.000000,0.000000,0.000000,0.000000,0.000000,2.694000,2.183000,2.134000,2.138000,2.008000,2.002000,2.000000,2.000000,2.000000,2.000000,2.000000,2.000000,2.000000,1.998000,1.993000,1.990000,1.990000,2.146000,0.000000,0.000000,0.000000,0.000000,0.000000,0.000000,0.000000,0.000000,0.000000,0.000000,
0.000000,0.000000,0.000000,0.000000,0.000000,0.000000,0.000000,0.000000,0.000000,0.000000,0.000000,0.000000,2.196000,2.180000,2.134000,2.101000,2.004000,2.000000,2.000000,2.000000,2.000000,2.000000,2.000000,2.000000,2.000000,2.000000,1.995000,1.990000,1.990000,2.498000,0.000000,0.000000,0.000000,0.000000,0.000000,0.000000,0.000000,0.000000,0.000000,0.000000,
0.000000,0.000000,0.000000,0.000000,0.000000,0.000000,0.000000,0.000000,0.000000,0.000000,0.000000,0.000000,2.694000,2.172000,2.128000,2.051000,2.004000,2.000000,2.000000,2.000000,2.000000,1.998000,1.999000,2.000000,2.000000,1.996000,1.990000,1.990000,1.990000,1.459000,0.000000,0.000000,0.000000,0.000000,0.000000,0.000000,0.000000,0.000000,0.000000,0.000000,
0.000000,0.000000,0.000000,0.000000,0.000000,0.000000,0.000000,0.000000,0.000000,0.000000,0.000000,0.000000,2.682000,2.172000,2.085000,2.014000,2.004000,2.000000,2.000000,2.000000,2.000000,1.999000,2.000000,1.996000,1.996000,1.996000,1.995000,1.990000,1.990000,0.000000,0.000000,0.000000,0.000000,0.000000,0.000000,0.000000,0.000000,0.000000,0.000000,0.000000,
0.000000,0.000000,0.000000,0.000000,0.000000,0.000000,0.000000,0.000000,0.000000,0.000000,0.000000,0.000000,2.191000,2.172000,2.067000,2.014000,2.004000,2.000000,2.000000,2.000000,2.000000,2.000000,2.000000,1.995000,1.992000,1.994000,1.991000,1.986000,1.856000,0.000000,0.000000,0.000000,0.000000,0.000000,0.000000,0.000000,0.000000,0.000000,0.000000,0.000000,
0.000000,0.000000,0.000000,0.000000,0.000000,0.000000,0.000000,0.000000,0.000000,0.000000,0.000000,2.886000,2.189000,2.177000,2.057000,2.014000,2.004000,2.000000,1.995000,2.000000,2.000000,2.000000,1.997000,1.995000,1.990000,1.990000,1.990000,1.985000,1.852000,0.000000,0.000000,0.000000,0.000000,0.000000,0.000000,0.000000,0.000000,0.000000,0.000000,0.000000,
0.000000,0.000000,0.000000,0.000000,0.000000,0.000000,0.000000,0.000000,0.000000,0.000000,0.000000,2.850000,2.182000,2.174000,2.046000,2.004000,2.000000,2.000000,2.000000,2.000000,2.000000,1.997000,1.998000,1.995000,1.995000,1.991000,1.990000,1.985000,1.131000,0.000000,0.000000,0.000000,0.000000,0.000000,0.000000,0.000000,0.000000,0.000000,0.000000,0.000000,
0.000000,0.000000,0.000000,0.000000,0.000000,0.000000,0.000000,0.000000,0.000000,0.000000,0.000000,2.178000,2.170000,2.100000,2.012000,2.000000,2.000000,1.999000,2.000000,2.000000,1.999000,2.000000,2.000000,1.995000,1.995000,1.991000,1.990000,1.990000,1.125000,0.000000,0.000000,0.000000,0.000000,0.000000,0.000000,0.000000,0.000000,0.000000,0.000000,0.000000,
0.000000,0.000000,0.000000,0.000000,0.000000,0.000000,0.000000,0.000000,0.000000,0.000000,0.000000,2.183000,2.165000,2.140000,2.007000,2.000000,2.000000,1.995000,1.999000,1.996000,1.996000,1.995000,1.995000,1.995000,1.995000,1.991000,1.990000,1.991000,1.782000,0.000000,0.000000,0.000000,0.000000,0.000000,0.000000,0.000000,0.000000,0.000000,0.000000,0.000000,
0.000000,0.000000,0.000000,0.000000,0.000000,0.000000,0.000000,0.000000,0.000000,0.000000,0.000000,2.173000,2.164000,2.063000,2.012000,2.000000,2.000000,1.996000,1.999000,1.995000,1.997000,1.994000,1.994000,1.994000,1.990000,1.990000,1.990000,1.968000,0.000000,0.000000,0.000000,0.000000,0.000000,0.000000,0.000000,0.000000,0.000000,0.000000,0.000000,0.000000,
0.000000,0.000000,0.000000,0.000000,0.000000,0.000000,0.000000,0.000000,0.000000,0.000000,0.000000,2.174000,2.164000,2.164000,2.003000,2.000000,2.000000,2.000000,2.000000,1.995000,1.995000,1.993000,1.994000,1.991000,1.990000,1.990000,1.990000,1.988000,0.000000,0.000000,0.000000,0.000000,0.000000,0.000000,0.000000,0.000000,0.000000,0.000000,0.000000,0.000000,
0.000000,0.000000,0.000000,0.000000,0.000000,0.000000,0.000000,0.000000,0.000000,0.000000,0.000000,2.175000,2.162000,2.044000,2.000000,2.000000,1.995000,1.995000,1.995000,1.995000,1.995000,1.995000,1.995000,1.992000,1.990000,1.990000,1.990000,1.985000,2.611000,0.000000,0.000000,0.000000,0.000000,0.000000,0.000000,0.000000,0.000000,0.000000,0.000000,0.000000,
0.000000,0.000000,0.000000,0.000000,0.000000,0.000000,0.000000,0.000000,0.000000,0.000000,2.584000,2.165000,2.157000,2.042000,2.000000,2.000000,1.995000,1.995000,1.995000,1.995000,1.995000,1.995000,1.992000,1.987000,1.986000,1.987000,1.985000,2.015000,0.000000,0.000000,0.000000,0.000000,0.000000,0.000000,0.000000,0.000000,0.000000,0.000000,0.000000,0.000000,
0.000000,0.000000,0.000000,0.000000,0.000000,0.000000,0.000000,0.000000,0.000000,0.000000,2.189000,2.163000,2.061000,2.010000,2.000000,1.997000,2.000000,1.995000,1.995000,1.989000,1.995000,1.995000,1.992000,1.985000,1.987000,1.985000,1.985000,1.298000,0.000000,0.000000,0.000000,0.000000,0.000000,0.000000,0.000000,0.000000,0.000000,0.000000,0.000000,0.000000,
0.000000,0.000000,0.000000,0.000000,0.000000,0.000000,0.000000,0.000000,0.000000,2.529000,2.183000,2.150000,2.052000,2.009000,2.000000,1.995000,1.995000,1.994000,1.990000,1.985000,1.995000,1.992000,1.991000,1.987000,1.989000,1.990000,1.990000,0.000000,0.000000,0.000000,0.000000,0.000000,0.000000,0.000000,0.000000,0.000000,0.000000,0.000000,0.000000,0.000000,
0.000000,0.000000,0.000000,0.000000,0.000000,0.000000,0.000000,0.000000,0.000000,2.976000,2.172000,2.148000,2.057000,2.003000,2.000000,1.995000,1.995000,1.994000,1.990000,1.990000,1.991000,1.990000,1.990000,1.987000,1.985000,1.985000,1.985000,0.000000,0.000000,0.000000,0.000000,0.000000,0.000000,0.000000,0.000000,0.000000,0.000000,0.000000,0.000000,0.000000,
0.000000,0.000000,0.000000,0.000000,0.000000,0.000000,0.000000,0.000000,0.000000,2.351000,2.164000,2.124000,2.053000,2.001000,2.000000,1.995000,1.990000,1.990000,1.990000,1.990000,1.990000,1.990000,1.990000,1.987000,1.985000,1.985000,1.985000,0.000000,0.000000,0.000000,0.000000,0.000000,0.000000,0.000000,0.000000,0.000000,0.000000,0.000000,0.000000,0.000000,
0.000000,0.000000,0.000000,0.000000,0.000000,0.000000,0.000000,0.000000,0.000000,2.188000,2.133000,2.102000,2.019000,2.000000,1.996000,1.995000,1.990000,1.990000,1.985000,1.985000,1.990000,1.990000,1.987000,1.985000,1.985000,1.985000,1.980000,0.000000,0.000000,0.000000,0.000000,0.000000,0.000000,0.000000,0.000000,0.000000,0.000000,0.000000,0.000000,0.000000,
0.000000,0.000000,0.000000,0.000000,0.000000,0.000000,0.000000,0.000000,0.000000,0.000000,2.112000,2.077000,2.016000,2.000000,1.990000,1.990000,1.990000,1.990000,1.985000,1.985000,1.990000,1.987000,1.988000,1.987000,1.985000,1.985000,0.000000,0.000000,0.000000,0.000000,0.000000,0.000000,0.000000,0.000000,0.000000,0.000000,0.000000,0.000000,0.000000,0.000000,
0.000000,0.000000,0.000000,0.000000,0.000000,0.000000,0.000000,0.000000,0.000000,0.000000,0.000000,0.000000,0.000000,0.000000,0.000000,0.000000,0.000000,0.000000,0.000000,0.000000,0.000000,0.000000,0.000000,0.000000,0.000000,0.000000,0.000000,0.000000,0.000000,0.000000,0.000000,0.000000,0.000000,0.000000,0.000000,0.000000,0.000000,0.000000,0.000000,0.000000,
0.000000,0.000000,0.000000,0.000000,0.000000,0.000000,0.000000,0.000000,0.000000,0.000000,0.000000,0.000000,0.000000,0.000000,0.000000,0.000000,0.000000,0.000000,0.000000,0.000000,0.000000,0.000000,0.000000,0.000000,0.000000,0.000000,0.000000,0.000000,0.000000,0.000000,0.000000,0.000000,0.000000,0.000000,0.000000,0.000000,0.000000,0.000000,0.000000,0.000000,
0.000000,0.000000,0.000000,0.000000,0.000000,0.000000,0.000000,0.000000,0.000000,0.000000,0.000000,0.000000,0.000000,0.000000,0.000000,0.000000,0.000000,0.000000,0.000000,0.000000,0.000000,0.000000,0.000000,0.000000,0.000000,0.000000,0.000000,0.000000,0.000000,0.000000,0.000000,0.000000,0.000000,0.000000,0.000000,0.000000,0.000000,0.000000,0.000000,0.000000,
0.000000,0.000000,0.000000,0.000000,0.000000,0.000000,0.000000,0.000000,0.000000,0.000000,0.000000,0.000000,0.000000,0.000000,0.000000,0.000000,0.000000,0.000000,0.000000,0.000000,0.000000,0.000000,0.000000,0.000000,0.000000,0.000000,0.000000,0.000000,0.000000,0.000000,0.000000,0.000000,0.000000,0.000000,0.000000,0.000000,0.000000,0.000000,0.000000,0.000000,
0.000000,0.000000,0.000000,0.000000,0.000000,0.000000,0.000000,0.000000,0.000000,0.000000,0.000000,0.000000,0.000000,0.000000,0.000000,0.000000,0.000000,0.000000,0.000000,0.000000,0.000000,0.000000,0.000000,0.000000,0.000000,0.000000,0.000000,0.000000,0.000000,0.000000,0.000000,0.000000,0.000000,0.000000,0.000000,0.000000,0.000000,0.000000,0.000000,0.000000,
