40 40
0.000000 0.000000 0.000000 0.000000 0.000000 0.000000 0.000000 0.000000 0.000000 0.000000 0.000000 0.000000 0.000000 0.000000 0.000000 0.000000 0.000000 0.000000 0.000000 0.000000 0.000000 0.000000 0.000000 0.000000 0.000000 0.000000 0.000000 0.000000 0.000000 0.000000 0.000000 0.000000 0.000000 0.000000 0.000000 0.000000 0.000000 0.000000 0.000000 0.000000 
0.000000 0.000000 0.000000 0.000000 0.000000 0.000000 0.000000 0.000000 0.000000 0.000000 0.000000 0.000000 0.000000 0.000000 0.000000 0.000000 0.000000 0.000000 0.000000 0.000000 2.023000 2.168000 0.000000 0.000000 0.000000 0.000000 0.000000 0.000000 0.000000 0.000000 0.000000 0.000000 0.000000 0.000000 0.000000 0.000000 0.000000 0.000000 0.000000 0.000000 
0.000000 0.000000 0.000000 0.000000 0.000000 0.000000 0.000000 0.000000 0.000000 0.000000 0.000000 0.000000 0.000000 0.000000 0.000000 2.022000 2.015000 2.015000 2.151000 2.919000 2.015000 2.003000 2.000000 0.000000 0.000000 0.000000 0.000000 0.000000 0.000000 0.000000 0.000000 0.000000 0.000000 0.000000 0.000000 0.000000 0.000000 0.000000 0.000000 0.000000 
0.000000 0.000000 0.000000 0.000000 0.000000 0.000000 0.000000 0.000000 0.000000 0.000000 0.000000 0.000000 2.030000 2.028000 2.027000 2.019000 2.015000 2.015000 2.011000 2.011000 2.009000 2.000000 2.000000 2.039000 2.945000 0.000000 0.000000 0.000000 0.000000 0.000000 0.000000 0.000000 0.000000 0.000000 0.000000 0.000000 0.000000 0.000000 0.000000 0.000000 
0.000000 0.000000 0.000000 0.000000 0.000000 0.000000 0.000000 0.000000 0.000000 0.000000 0.000000 0.000000 2.032000 2.030000 2.024000 2.019000 2.019000 2.015000 2.011000 2.011000 2.008000 2.000000 2.004000 2.042000 2.078000 2.268000 0.000000 0.000000 0.000000 0.000000 0.000000 0.000000 0.000000 0.000000 0.000000 0.000000 0.000000 0.000000 0.000000 0.000000 
0.000000 0.000000 0.000000 0.000000 0.000000 0.000000 0.000000 0.000000 0.000000 0.000000 0.000000 0.000000 2.030000 2.030000 2.024000 2.019000 2.019000 2.016000 2.015000 2.009000 2.004000 2.000000 2.003000 2.031000 2.073000 2.118000 2.145000 0.000000 0.000000 0.000000 0.000000 0.000000 0.000000 0.000000 0.000000 0.000000 0.000000 0.000000 0.000000 0.000000 
0.000000 0.000000 0.000000 0.000000 0.000000 0.000000 0.000000 0.000000 0.000000 0.000000 0.000000 0.000000 2.026000 2.030000 2.024000 2.019000 2.019000 2.015000 2.012000 2.007000 2.004000 2.000000 2.008000 2.035000 2.075000 2.124000 2.153000 0.000000 0.000000 0.000000 0.000000 0.000000 0.000000 0.000000 0.000000 0.000000 0.000000 0.000000 0.000000 0.000000 
0.000000 0.000000 0.000000 0.000000 0.000000 0.000000 0.000000 0.000000 0.000000 0.000000 0.000000 0.000000 2.031000 2.029000 2.021000 2.019000 2.015000 2.015000 2.011000 2.007000 2.004000 2.000000 2.005000 2.043000 2.084000 2.123000 2.169000 2.178000 0.000000 0.000000 0.000000 0.000000 0.000000 0.000000 0.000000 0.000000 0.000000 0.000000 0.000000 0.000000 
0.000000 0.000000 0.000000 0.000000 0.000000 0.000000 0.000000 0.000000 0.000000 0.000000 0.000000 0.000000 2.030000 2.026000 2.021000 2.019000 2.018000 2.015000 2.009000 2.007000 2.004000 1.998000 2.003000 2.018000 2.076000 2.095000 2.170000 2.180000 0.000000 0.000000 0.000000 0.000000 0.000000 0.000000 0.000000 0.000000 0.000000 0.000000 0.000000 0.000000 
0.000000 0.000000 0.000000 0.000000 0.000000 0.000000 0.000000 0.000000 0.000000 0.000000 0.000000 0.000000 2.027000 2.022000 2.021000 2.019000 2.018000 2.015000 2.010000 2.007000 2.004000 1.997000 2.000000 2.030000 2.090000 2.138000 2.168000 0.000000 0.000000 0.000000 0.000000 0.000000 0.000000 0.000000 0.000000 0.000000 0.000000 0.000000 0.000000 0.000000 
0.000000 0.000000 0.000000 0.000000 0.000000 0.000000 0.000000 0.000000 0.000000 0.000000 0.000000 0.000000 2.027000 2.022000 2.019000 2.019000 2.015000 2.012000 2.011000 2.006000 2.004000 1.996000 2.000000 2.038000 2.080000 2.143000 2.159000 2.905000 0.000000 0.000000 0.000000 0.000000 0.000000 0.000000 0.000000 0.000000 0.000000 0.000000 0.000000 0.000000 
0.000000 0.000000 0.000000 0.000000 0.000000 0.000000 0.000000 0.000000 0.000000 0.000000 0.000000 0.000000 2.022000 2.022000 2.019000 2.019000 2.015000 2.011000 2.011000 2.006000 2.004000 1.996000 1.999000 2.039000 2.077000 2.122000 2.156000 2.185000 0.000000 0.000000 0.000000 0.000000 0.000000 0.000000 0.000000 0.000000 0.000000 0.000000 0.000000 0.000000 
0.000000 0.000000 0.000000 0.000000 0.000000 0.000000 0.000000 0.000000 0.000000 0.000000 0.000000 0.000000 2.030000 2.026000 2.021000 2.019000 2.015000 2.012000 2.007000 2.004000 2.004000 1.996000 1.996000 2.023000 2.072000 2.116000 2.152000 2.187000 0.000000 0.000000 0.000000 0.000000 0.000000 0.000000 0.000000 0.000000 0.000000 0.000000 0.000000 0.000000 
0.000000 0.000000 0.000000 0.000000 0.000000 0.000000 0.000000 0.000000 0.000000 0.000000 0.000000 0.000000 1.841000 2.026000 2.021000 2.015000 2.015000 2.011000 2.007000 2.004000 2.001000 1.996000 1.999000 2.023000 2.075000 2.116000 2.163000 2.186000 0.000000 0.000000 0.000000 0.000000 0.000000 0.000000 0.000000 0.000000 0.000000 0.000000 0.000000 0.000000 
0.000000 0.000000 0.000000 0.000000 0.000000 0.000000 0.000000 0.000000 0.000000 0.000000 0.000000 0.000000 2.027000 2.022000 2.019000 2.015000 2.015000 2.012000 2.007000 2.004000 2.001000 1.996000 1.999000 2.030000 2.063000 2.118000 2.173000 2.188000 0.000000 0.000000 0.000000 0.000000 0.000000 0.000000 0.000000 0.000000 0.000000 0.000000 0.000000 0.000000 
0.000000 0.000000 0.000000 0.000000 0.000000 0.000000 0.000000 0.000000 0.000000 0.000000 0.000000 0.000000 2.028000 2.022000 2.020000 2.015000 2.015000 2.012000 2.007000 2.002000 2.000000 1.996000 1.996000 2.023000 2.069000 2.118000 2.167000 2.190000 0.000000 0.000000 0.000000 0.000000 0.000000 0.000000 0.000000 0.000000 0.000000 0.000000 0.000000 0.000000 
0.000000 0.000000 0.000000 0.000000 0.000000 0.000000 0.000000 0.000000 0.000000 0.000000 0.000000 0.000000 1.681000 2.022000 2.019000 2.015000 2.014000 2.011000 2.007000 2.002000 2.000000 1.996000 1.996000 2.019000 2.063000 2.122000 2.154000 2.183000 0.000000 0.000000 0.000000 0.000000 0.000000 0.000000 0.000000 0.000000 0.000000 0.000000 0.000000 0.000000 
0.000000 0.000000 0.000000 0.000000 0.000000 0.000000 0.000000 0.000000 0.000000 0.000000 0.000000 0.000000 1.681000 2.019000 2.019000 2.015000 2.014000 2.008000 2.007000 2.004000 2.000000 1.993000 1.998000 2.020000 2.059000 2.124000 2.158000 2.178000 0.000000 0.000000 0.000000 0.000000 0.000000 0.000000 0.000000 0.000000 0.000000 0.000000 0.000000 0.000000 
0.000000 0.000000 0.000000 0.000000 0.000000 0.000000 0.000000 0.000000 0.000000 0.000000 0.000000 0.000000 1.681000 2.019000 2.016000 2.015000 2.015000 2.008000 2.004000 2.000000 2.000000 1.993000 1.995000 2.010000 2.063000 2.103000 2.161000 2.183000 0.000000 0.000000 0.000000 0.000000 0.000000 0.000000 0.000000 0.000000 0.000000 0.000000 0.000000 0.000000 
0.000000 0.000000 0.000000 0.000000 0.000000 0.000000 0.000000 0.000000 0.000000 0.000000 0.000000 0.000000 1.681000 2.019000 2.019000 2.015000 2.012000 2.008000 2.004000 2.002000 2.000000 1.996000 1.996000 2.011000 2.046000 2.107000 2.165000 2.178000 0.000000 0.000000 0.000000 0.000000 0.000000 0.000000 0.000000 0.000000 0.000000 0.000000 0.000000 0.000000 
0.000000 0.000000 0.000000 0.000000 0.000000 0.000000 0.000000 0.000000 0.000000 0.000000 0.000000 0.000000 2.029000 2.019000 2.015000 2.015000 2.011000 2.007000 2.004000 2.002000 2.000000 1.995000 1.996000 2.012000 2.060000 2.097000 2.160000 2.178000 0.000000 0.000000 0.000000 0.000000 0.000000 0.000000 0.000000 0.000000 0.000000 0.000000 0.000000 0.000000 
0.000000 0.000000 0.000000 0.000000 0.000000 0.000000 0.000000 0.000000 0.000000 0.000000 0.000000 0.000000 2.024000 2.019000 2.015000 2.015000 2.011000 2.010000 2.004000 2.000000 2.000000 1.993000 1.996000 2.012000 2.055000 2.088000 2.160000 2.173000 0.000000 0.000000 0.000000 0.000000 0.000000 0.000000 0.000000 0.000000 0.000000 0.000000 0.000000 0.000000 
0.000000 0.000000 0.000000 0.000000 0.000000 0.000000 0.000000 0.000000 0.000000 0.000000 0.000000 0.000000 2.009000 2.019000 2.019000 2.015000 2.011000 2.011000 2.004000 2.000000 2.000000 1.993000 1.993000 2.008000 2.054000 2.087000 2.178000 2.183000 0.000000 0.000000 0.000000 0.000000 0.000000 0.000000 0.000000 0.000000 0.000000 0.000000 0.000000 0.000000 
0.000000 0.000000 0.000000 0.000000 0.000000 0.000000 0.000000 0.000000 0.000000 0.000000 0.000000 0.000000 1.677000 2.015000 2.015000 2.015000 2.012000 2.009000 2.004000 2.000000 2.000000 1.992000 1.992000 2.009000 2.048000 2.092000 2.169000 2.678000 0.000000 0.000000 0.000000 0.000000 0.000000 0.000000 0.000000 0.000000 0.000000 0.000000 0.000000 0.000000 
0.000000 0.000000 0.000000 0.000000 0.000000 0.000000 0.000000 0.000000 0.000000 0.000000 0.000000 0.000000 1.961000 2.019000 2.015000 2.015000 2.008000 2.007000 2.004000 2.000000 2.000000 1.993000 1.993000 2.006000 2.035000 2.094000 2.153000 2.173000 0.000000 0.000000 0.000000 0.000000 0.000000 0.000000 0.000000 0.000000 0.000000 0.000000 0.000000 0.000000 
0.000000 0.000000 0.000000 0.000000 0.000000 0.000000 0.000000 0.000000 0.000000 0.000000 0.000000 0.000000 1.676000 2.018000 2.015000 2.011000 2.008000 2.005000 2.004000 2.000000 1.999000 1.995000 1.993000 2.006000 2.033000 2.090000 2.154000 2.173000 0.000000 0.000000 0.000000 0.000000 0.000000 0.000000 0.000000 0.000000 0.000000 0.000000 0.000000 0.000000 
0.000000 0.000000 0.000000 0.000000 0.000000 0.000000 0.000000 0.000000 0.000000 0.000000 0.000000 0.000000 2.019000 2.017000 2.015000 2.013000 2.010000 2.006000 2.004000 2.000000 1.997000 1.993000 1.993000 2.008000 2.038000 2.094000 2.148000 2.173000 0.000000 0.000000 0.000000 0.000000 0.000000 0.000000 0.000000 0.000000 0.000000 0.000000 0.000000 0.000000 
0.000000 0.000000 0.000000 0.000000 0.000000 0.000000 0.000000 0.000000 0.000000 0.000000 0.000000 0.000000 2.019000 2.019000 2.015000 2.015000 2.011000 2.005000 2.004000 2.000000 2.000000 1.989000 1.989000 1.998000 2.044000 2.087000 2.152000 2.173000 0.000000 0.000000 0.000000 0.000000 0.000000 0.000000 0.000000 0.000000 0.000000 0.000000 0.000000 0.000000 
0.000000 0.000000 0.000000 0.000000 0.000000 0.000000 0.000000 0.000000 0.000000 0.000000 0.000000 0.000000 2.021000 2.019000 2.015000 2.013000 2.007000 2.004000 2.004000 2.000000 1.997000 1.989000 1.989000 1.997000 2.049000 2.071000 2.161000 2.173000 0.000000 0.000000 0.000000 0.000000 0.000000 0.000000 0.000000 0.000000 0.000000 0.000000 0.000000 0.000000 
0.000000 0.000000 0.000000 0.000000 0.000000 0.000000 0.000000 0.000000 0.000000 0.000000 0.000000 0.000000 2.019000 2.019000 2.015000 2.011000 2.007000 2.004000 2.004000 2.000000 1.997000 1.992000 1.989000 1.998000 2.037000 2.091000 2.170000 2.176000 0.000000 0.000000 0.000000 0.000000 0.000000 0.000000 0.000000 0.000000 0.000000 0.000000 0.000000 0.000000 
0.000000 0.000000 0.000000 0.000000 0.000000 0.000000 0.000000 0.000000 0.000000 0.000000 0.000000 0.000000 1.746000 2.018000 2.015000 2.011000 2.007000 2.004000 2.004000 1.998000 1.996000 1.992000 1.989000 1.995000 2.030000 2.083000 2.117000 2.176000 0.000000 0.000000 0.000000 0.000000 0.000000 0.000000 0.000000 0.000000 0.000000 0.000000 0.000000 0.000000 
0.000000 0.000000 0.000000 0.000000 0.000000 0.000000 0.000000 0.000000 0.000000 0.000000 0.000000 0.000000 1.674000 2.015000 2.015000 2.011000 2.008000 2.004000 2.001000 2.000000 2.000000 1.989000 1.986000 1.991000 2.032000 2.085000 2.150000 2.176000 0.000000 0.000000 0.000000 0.000000 0.000000 0.000000 0.000000 0.000000 0.000000 0.000000 0.000000 0.000000 
0.000000 0.000000 0.000000 0.000000 0.000000 0.000000 0.000000 0.000000 0.000000 0.000000 0.000000 0.000000 1.676000 2.019000 2.015000 2.011000 2.004000 2.004000 2.000000 2.000000 1.997000 1.988000 1.986000 1.989000 2.028000 2.082000 2.169000 2.175000 0.000000 0.000000 0.000000 0.000000 0.000000 0.000000 0.000000 0.000000 0.000000 0.000000 0.000000 0.000000 
0.000000 0.000000 0.000000 0.000000 0.000000 0.000000 0.000000 0.000000 0.000000 0.000000 0.000000 0.000000 0.000000 2.019000 2.015000 2.010000 2.004000 2.004000 2.000000 1.997000 1.996000 1.988000 1.987000 1.991000 2.027000 2.076000 2.149000 2.171000 0.000000 0.000000 0.000000 0.000000 0.000000 0.000000 0.000000 0.000000 0.000000 0.000000 0.000000 0.000000 
0.000000 0.000000 0.000000 0.000000 0.000000 0.000000 0.000000 0.000000 0.000000 0.000000 0.000000 0.000000 0.000000 2.019000 2.015000 2.007000 2.004000 2.004000 2.000000 1.995000 1.993000 1.988000 1.988000 1.989000 2.021000 2.075000 2.084000 2.187000 0.000000 0.000000 0.000000 0.000000 0.000000 0.000000 0.000000 0.000000 0.000000 0.000000 0.000000 0.000000 
0.000000 0.000000 0.000000 0.000000 0.000000 0.000000 0.000000 0.000000 0.000000 0.000000 0.000000 0.000000 2.019000 2.019000 2.013000 2.007000 2.006000 2.004000 2.000000 1.998000 1.993000 1.986000 1.988000 1.989000 2.025000 2.353000 2.746000 0.000000 0.000000 0.000000 0.000000 0.000000 0.000000 0.000000 0.000000 0.000000 0.000000 0.000000 0.000000 0.000000 
0.000000 0.000000 0.000000 0.000000 0.000000 0.000000 0.000000 0.000000 0.000000 0.000000 0.000000 0.000000 2.363000 2.019000 2.014000 2.009000 2.006000 2.004000 2.000000 2.000000 1.997000 1.986000 1.986000 1.988000 1.996000 0.000000 0.000000 0.000000 0.000000 0.000000 0.000000 0.000000 0.000000 0.000000 0.000000 0.000000 0.000000 0.000000 0.000000 0.000000 
0.000000 0.000000 0.000000 0.000000 0.000000 0.000000 0.000000 0.000000 0.000000 0.000000 0.000000 0.000000 0.000000 2.015000 2.011000 2.011000 2.007000 2.005000 2.000000 2.000000 2.000000 1.986000 1.982000 0.000000 0.000000 0.000000 0.000000 0.000000 0.000000 0.000000 0.000000 0.000000 0.000000 0.000000 0.000000 0.000000 0.000000 0.000000 0.000000 0.000000 
0.000000 0.000000 0.000000 0.000000 0.000000 0.000000 0.000000 0.000000 0.000000 0.000000 0.000000 0.000000 0.000000 0.000000 0.000000 0.000000 0.000000 0.000000 0.000000 0.000000 0.000000 0.000000 0.000000 0.000000 0.000000 0.000000 0.000000 0.000000 0.000000 0.000000 0.000000 0.000000 0.000000 0.000000 0.000000 0.000000 0.000000 0.000000 0.000000 0.000000 
0.000000 0.000000 0.000000 0.000000 0.000000 0.000000 0.000000 0.000000 0.000000 0.000000 0.000000 0.000000 0.000000 0.000000 0.000000 0.000000 0.000000 0.000000 0.000000 0.000000 0.000000 0.000000 0.000000 0.000000 0.000000 0.000000 0.000000 0.000000 0.000000 0.000000 0.000000 0.000000 0.000000 0.000000 0.000000 0.000000 0.000000 0.000000 0.000000 0.000000 
