0.000000,0.000000,0.000000,0.000000,0.000000,0.000000,0.000000,0.000000,0.000000,0.000000,0.000000,0.000000,0.000000,0.000000,0.000000,0.000000,0.000000,0.000000,0.000000,0.000000,0.000000,0.000000,0.000000,0.000000,0.000000,0.000000,0.000000,0.000000,0.000000,0.000000,0.000000,0.000000,0.000000,0.000000,0.000000,0.000000,0.000000,0.000000,0.000000,0.000000,
0.000000,0.000000,0.000000,0.000000,0.000000,0.000000,0.000000,0.000000,0.000000,0.000000,0.000000,0.000000,0.000000,0.000000,0.000000,0.000000,0.000000,0.000000,0.000000,0.000000,0.000000,0.000000,0.000000,0.000000,0.000000,0.000000,0.000000,0.000000,0.000000,0.000000,0.000000,0.000000,0.000000,0.000000,0.000000,0.000000,0.000000,0.000000,0.000000,0.000000,
0.000000,0.000000,0.000000,0.000000,0.000000,0.000000,0.000000,0.000000,0.000000,0.000000,0.000000,0.000000,0.000000,0.000000,0.000000,0.000000,0.000000,0.000000,0.000000,0.000000,0.000000,2.054000,0.000000,2.068000,2.076000,2.080000,2.082000,2.727000,0.000000,0.000000,0.000000,0.000000,0.000000,0.000000,0.000000,0.000000,0.000000,0.000000,0.000000,0.000000,
0.000000,0.000000,0.000000,0.000000,0.000000,0.000000,0.000000,2.391000,2.013000,2.014000,2.034000,2.035000,2.019000,2.019000,2.150000,2.382000,0.000000,0.000000,2.017000,2.020000,2.020000,2.050000,2.038000,2.066000,2.017000,2.014000,2.011000,2.001000,2.001000,1.998000,1.993000,0.000000,0.000000,0.000000,0.000000,0.000000,0.000000,0.000000,0.000000,0.000000,
0.000000,0.000000,0.000000,0.000000,0.000000,0.000000,0.000000,2.010000,2.009000,2.009000,2.009000,2.006000,2.004000,2.004000,2.004000,2.004000,2.004000,2.004000,2.004000,2.004000,2.004000,2.000000,1.996000,1.996000,2.000000,2.000000,2.002000,1.996000,1.996000,2.000000,1.996000,2.000000,0.000000,0.000000,0.000000,0.000000,0.000000,0.000000,0.000000,0.000000,
0.000000,0.000000,0.000000,0.000000,0.000000,0.000000,0.000000,2.009000,2.005000,2.005000,2.009000,2.009000,2.006000,2.004000,2.004000,2.004000,2.004000,2.004000,2.002000,2.002000,2.000000,2.000000,1.997000,1.996000,1.996000,2.000000,2.000000,1.999000,1.999000,2.000000,1.996000,1.993000,0.000000,0.000000,0.000000,0.000000,0.000000,0.000000,0.000000,0.000000,
0.000000,0.000000,0.000000,0.000000,0.000000,0.000000,0.000000,2.004000,2.007000,2.007000,2.009000,2.009000,2.009000,2.004000,2.004000,2.004000,2.004000,2.004000,2.000000,2.002000,2.000000,2.000000,1.999000,1.996000,1.996000,2.003000,1.999000,1.996000,1.996000,1.996000,1.995000,1.992000,0.000000,0.000000,0.000000,0.000000,0.000000,0.000000,0.000000,0.000000,
0.000000,0.000000,0.000000,0.000000,0.000000,0.000000,0.000000,2.009000,2.009000,2.009000,2.009000,2.009000,2.009000,2.004000,2.004000,2.004000,2.004000,2.004000,2.001000,2.001000,2.000000,1.996000,1.997000,1.996000,1.996000,2.000000,1.996000,1.996000,1.996000,1.996000,1.996000,1.996000,0.000000,0.000000,0.000000,0.000000,0.000000,0.000000,0.000000,0.000000,
0.000000,0.000000,0.000000,0.000000,0.000000,0.000000,0.000000,2.009000,2.009000,2.009000,2.009000,2.004000,2.004000,2.004000,2.004000,2.004000,2.004000,2.004000,1.996000,2.000000,2.000000,2.000000,2.000000,2.000000,1.997000,1.996000,1.996000,2.000000,1.997000,1.996000,1.996000,1.308000,0.000000,0.000000,0.000000,0.000000,0.000000,0.000000,0.000000,0.000000,
0.000000,0.000000,0.000000,0.000000,0.000000,0.000000,0.000000,1.555000,2.009000,2.009000,2.009000,2.004000,2.004000,2.004000,2.004000,2.000000,2.004000,2.004000,1.997000,1.999000,2.000000,2.000000,2.000000,1.999000,1.996000,2.000000,1.996000,1.999000,1.996000,1.996000,1.995000,1.306000,0.000000,0.000000,0.000000,0.000000,0.000000,0.000000,0.000000,0.000000,
0.000000,0.000000,0.000000,0.000000,0.000000,0.000000,0.000000,1.560000,2.009000,2.006000,2.006000,2.004000,2.004000,2.004000,2.004000,2.002000,2.007000,2.004000,2.004000,2.002000,2.000000,1.997000,1.996000,1.996000,1.996000,2.000000,1.998000,1.996000,1.993000,1.996000,1.995000,1.306000,0.000000,0.000000,0.000000,0.000000,0.000000,0.000000,0.000000,0.000000,
0.000000,0.000000,0.000000,0.000000,0.000000,0.000000,0.000000,1.557000,2.009000,2.004000,2.004000,2.004000,2.004000,2.004000,2.004000,2.004000,2.004000,2.004000,2.004000,2.004000,2.000000,1.996000,1.996000,2.000000,1.996000,2.000000,1.999000,1.996000,1.996000,1.996000,1.995000,1.993000,0.000000,0.000000,0.000000,0.000000,0.000000,0.000000,0.000000,0.000000,
0.000000,0.000000,0.000000,0.000000,0.000000,0.000000,0.000000,2.004000,2.009000,2.004000,2.004000,2.004000,2.004000,2.004000,2.004000,2.004000,2.000000,2.000000,2.001000,2.000000,2.000000,1.996000,1.996000,1.996000,1.997000,1.996000,1.996000,1.996000,1.996000,1.996000,1.992000,1.992000,0.000000,0.000000,0.000000,0.000000,0.000000,0.000000,0.000000,0.000000,
0.000000,0.000000,0.000000,0.000000,0.000000,0.000000,0.000000,2.006000,2.009000,2.004000,2.004000,2.004000,2.004000,2.004000,2.000000,2.000000,1.997000,2.000000,1.999000,2.001000,2.000000,1.996000,1.997000,1.993000,1.992000,1.996000,1.996000,1.996000,1.996000,1.993000,1.992000,1.992000,0.000000,0.000000,0.000000,0.000000,0.000000,0.000000,0.000000,0.000000,
0.000000,0.000000,0.000000,0.000000,0.000000,0.000000,0.000000,0.000000,2.009000,2.004000,2.004000,2.004000,2.004000,2.004000,2.002000,2.004000,2.000000,2.000000,1.996000,2.000000,1.997000,1.999000,1.999000,1.992000,1.992000,1.996000,1.996000,1.996000,1.996000,1.996000,1.994000,1.992000,0.000000,0.000000,0.000000,0.000000,0.000000,0.000000,0.000000,0.000000,
0.000000,0.000000,0.000000,0.000000,0.000000,0.000000,0.000000,1.557000,2.009000,2.008000,2.004000,2.004000,2.004000,2.004000,2.004000,2.002000,2.003000,2.000000,1.996000,2.000000,1.997000,1.996000,1.995000,1.992000,1.996000,1.996000,1.996000,1.999000,1.996000,1.996000,1.996000,1.411000,0.000000,0.000000,0.000000,0.000000,0.000000,0.000000,0.000000,0.000000,
0.000000,0.000000,0.000000,0.000000,0.000000,0.000000,0.000000,2.013000,2.009000,2.004000,2.004000,2.004000,2.004000,2.004000,2.004000,2.002000,2.000000,2.004000,2.000000,2.000000,2.000000,1.996000,1.998000,1.998000,1.996000,1.996000,1.996000,1.996000,1.996000,1.996000,1.992000,1.308000,0.000000,0.000000,0.000000,0.000000,0.000000,0.000000,0.000000,0.000000,
0.000000,0.000000,0.000000,0.000000,0.000000,0.000000,0.000000,2.009000,2.009000,2.004000,2.004000,2.004000,2.004000,2.004000,2.004000,2.002000,2.000000,2.002000,2.000000,2.000000,1.998000,1.996000,2.000000,1.999000,1.996000,1.996000,1.996000,1.996000,1.996000,1.996000,1.988000,1.304000,0.000000,0.000000,0.000000,0.000000,0.000000,0.000000,0.000000,0.000000,
0.000000,0.000000,0.000000,0.000000,0.000000,0.000000,0.000000,1.741000,2.009000,2.004000,2.004000,2.004000,2.004000,2.004000,2.004000,2.004000,1.997000,2.000000,2.000000,2.000000,2.000000,1.999000,1.999000,1.996000,1.999000,1.999000,1.996000,1.996000,1.996000,1.996000,1.987000,1.300000,0.000000,0.000000,0.000000,0.000000,0.000000,0.000000,0.000000,0.000000,
0.000000,0.000000,0.000000,0.000000,0.000000,0.000000,0.000000,1.554000,2.005000,2.004000,2.006000,2.004000,2.004000,2.004000,2.004000,1.999000,2.000000,2.004000,2.000000,2.000000,1.997000,1.997000,1.996000,1.998000,1.994000,1.997000,1.996000,1.996000,1.996000,1.992000,1.984000,1.296000,0.000000,0.000000,0.000000,0.000000,0.000000,0.000000,0.000000,0.000000,
0.000000,0.000000,0.000000,0.000000,0.000000,0.000000,0.000000,1.554000,2.008000,2.009000,2.004000,2.004000,2.004000,2.004000,2.004000,1.996000,1.996000,2.000000,2.000000,1.996000,1.996000,1.992000,1.993000,1.996000,1.992000,1.996000,1.996000,1.996000,1.996000,1.996000,1.995000,1.306000,0.000000,0.000000,0.000000,0.000000,0.000000,0.000000,0.000000,0.000000,
0.000000,0.000000,0.000000,0.000000,0.000000,0.000000,0.000000,0.000000,2.009000,2.009000,2.007000,2.004000,2.004000,2.008000,2.004000,2.000000,1.996000,2.000000,1.997000,2.000000,1.998000,1.997000,1.992000,1.992000,1.992000,1.996000,1.998000,1.996000,1.996000,1.996000,1.992000,1.306000,0.000000,0.000000,0.000000,0.000000,0.000000,0.000000,0.000000,0.000000,
0.000000,0.000000,0.000000,0.000000,0.000000,0.000000,0.000000,1.554000,2.008000,2.009000,2.004000,2.004000,2.009000,2.006000,2.004000,2.002000,2.000000,2.000000,1.996000,1.998000,1.998000,1.997000,1.996000,1.996000,1.996000,1.996000,1.996000,1.996000,1.996000,1.994000,1.995000,1.590000,0.000000,0.000000,0.000000,0.000000,0.000000,0.000000,0.000000,0.000000,
0.000000,0.000000,0.000000,0.000000,0.000000,0.000000,0.000000,1.998000,2.008000,2.009000,2.004000,2.005000,2.004000,2.004000,2.002000,2.004000,2.003000,2.000000,1.996000,1.996000,1.996000,1.996000,1.994000,1.994000,1.992000,1.996000,1.997000,1.996000,1.993000,1.992000,1.992000,1.306000,0.000000,0.000000,0.000000,0.000000,0.000000,0.000000,0.000000,0.000000,
0.000000,0.000000,0.000000,0.000000,0.000000,0.000000,0.000000,1.557000,2.009000,2.004000,2.004000,2.004000,2.004000,2.004000,2.000000,2.000000,2.004000,2.000000,2.000000,1.996000,1.996000,1.996000,1.992000,1.992000,1.992000,1.996000,1.996000,1.996000,1.993000,1.992000,1.992000,1.988000,0.000000,0.000000,0.000000,0.000000,0.000000,0.000000,0.000000,0.000000,
0.000000,0.000000,0.000000,0.000000,0.000000,0.000000,0.000000,1.700000,2.003000,2.004000,2.004000,2.004000,2.004000,2.004000,2.000000,2.000000,2.000000,2.000000,2.000000,1.996000,1.996000,1.995000,1.993000,1.992000,1.994000,1.998000,1.996000,1.996000,1.996000,1.992000,1.991000,1.989000,0.000000,0.000000,0.000000,0.000000,0.000000,0.000000,0.000000,0.000000,
0.000000,0.000000,0.000000,0.000000,0.000000,0.000000,0.000000,1.745000,2.004000,2.004000,2.004000,2.004000,2.004000,2.004000,2.000000,2.000000,2.003000,2.000000,1.996000,1.996000,1.993000,1.992000,1.992000,1.992000,1.992000,1.996000,1.996000,1.996000,1.996000,1.992000,1.988000,1.984000,0.000000,0.000000,0.000000,0.000000,0.000000,0.000000,0.000000,0.000000,
0.000000,0.000000,0.000000,0.000000,0.000000,0.000000,0.000000,1.554000,2.004000,2.004000,2.004000,2.004000,2.004000,2.004000,2.004000,2.000000,2.001000,2.000000,1.996000,1.996000,1.993000,1.992000,1.992000,1.992000,1.992000,1.996000,1.996000,1.996000,1.993000,1.992000,1.991000,1.986000,0.000000,0.000000,0.000000,0.000000,0.000000,0.000000,0.000000,0.000000,
0.000000,0.000000,0.000000,0.000000,0.000000,0.000000,0.000000,1.554000,2.004000,2.004000,2.000000,2.000000,2.001000,2.000000,2.004000,2.000000,2.000000,2.000000,2.002000,1.997000,1.993000,1.996000,1.996000,1.996000,1.992000,1.996000,1.996000,1.994000,1.992000,1.992000,1.992000,1.992000,0.000000,0.000000,0.000000,0.000000,0.000000,0.000000,0.000000,0.000000,
0.000000,0.000000,0.000000,0.000000,0.000000,0.000000,0.000000,1.313000,2.004000,2.000000,2.000000,2.000000,1.999000,1.999000,1.998000,1.998000,1.997000,1.996000,1.996000,1.995000,1.992000,1.992000,1.992000,1.995000,1.992000,1.996000,1.996000,1.994000,1.992000,1.992000,1.988000,1.991000,0.000000,0.000000,0.000000,0.000000,0.000000,0.000000,0.000000,0.000000,
0.000000,0.000000,0.000000,0.000000,0.000000,0.000000,0.000000,0.000000,2.007000,2.004000,2.000000,2.000000,1.999000,1.996000,1.996000,1.996000,1.996000,2.000000,1.996000,1.994000,1.992000,1.992000,1.991000,1.992000,1.992000,1.996000,1.995000,1.995000,1.992000,1.992000,1.990000,1.988000,0.000000,0.000000,0.000000,0.000000,0.000000,0.000000,0.000000,0.000000,
0.000000,0.000000,0.000000,0.000000,0.000000,0.000000,0.000000,0.000000,2.009000,2.008000,2.000000,2.000000,2.003000,2.000000,1.996000,1.996000,1.996000,2.000000,2.000000,1.998000,1.992000,1.995000,1.992000,1.992000,1.992000,1.996000,1.992000,1.992000,1.992000,1.989000,1.991000,1.988000,0.000000,0.000000,0.000000,0.000000,0.000000,0.000000,0.000000,0.000000,
0.000000,0.000000,0.000000,0.000000,0.000000,0.000000,0.000000,1.551000,2.003000,2.004000,2.000000,2.000000,2.000000,2.000000,2.000000,2.004000,2.000000,1.996000,1.995000,1.992000,1.992000,1.992000,1.992000,1.992000,1.989000,1.992000,1.992000,1.992000,1.992000,1.992000,1.992000,1.988000,0.000000,0.000000,0.000000,0.000000,0.000000,0.000000,0.000000,0.000000,
0.000000,0.000000,0.000000,0.000000,0.000000,0.000000,0.000000,1.552000,2.004000,2.004000,2.004000,2.002000,2.000000,2.000000,2.000000,1.995000,1.992000,1.996000,1.995000,1.992000,1.992000,1.988000,1.988000,1.992000,1.988000,1.993000,1.992000,1.992000,1.992000,1.992000,1.992000,1.992000,0.000000,0.000000,0.000000,0.000000,0.000000,0.000000,0.000000,0.000000,
0.000000,0.000000,0.000000,0.000000,0.000000,0.000000,0.000000,1.554000,2.002000,2.004000,2.004000,2.004000,2.002000,2.002000,2.000000,1.994000,1.992000,1.996000,1.996000,1.995000,1.992000,1.988000,1.988000,1.992000,1.991000,1.994000,1.992000,1.992000,1.992000,1.992000,1.988000,1.988000,0.000000,0.000000,0.000000,0.000000,0.000000,0.000000,0.000000,0.000000,
0.000000,0.000000,0.000000,0.000000,0.000000,0.000000,0.000000,1.554000,2.000000,2.004000,2.003000,2.003000,2.001000,2.000000,2.000000,1.996000,1.992000,1.996000,1.996000,1.994000,1.992000,1.991000,1.991000,1.988000,1.988000,1.992000,1.992000,1.992000,1.992000,1.988000,1.988000,1.988000,0.000000,0.000000,0.000000,0.000000,0.000000,0.000000,0.000000,0.000000,
0.000000,0.000000,0.000000,0.000000,0.000000,0.000000,0.000000,0.000000,2.005000,2.004000,2.000000,2.000000,1.997000,1.996000,1.996000,2.000000,1.996000,1.996000,1.992000,1.992000,1.992000,1.992000,1.992000,1.992000,1.989000,1.992000,1.992000,1.992000,1.992000,1.988000,1.987000,1.984000,0.000000,0.000000,0.000000,0.000000,0.000000,0.000000,0.000000,0.000000,
0.000000,0.000000,0.000000,0.000000,0.000000,0.000000,0.000000,0.000000,0.000000,0.000000,0.000000,0.000000,0.000000,0.000000,0.000000,0.000000,0.000000,0.000000,0.000000,0.000000,0.000000,0.000000,0.000000,0.000000,0.000000,0.000000,0.000000,0.000000,0.000000,0.000000,0.000000,0.000000,0.000000,0.000000,0.000000,0.000000,0.000000,0.000000,0.000000,0.000000,
0.000000,0.000000,0.000000,0.000000,0.000000,0.000000,0.000000,0.000000,0.000000,0.000000,0.000000,0.000000,0.000000,0.000000,0.000000,0.000000,0.000000,0.000000,0.000000,0.000000,0.000000,0.000000,0.000000,0.000000,0.000000,0.000000,0.000000,0.000000,0.000000,0.000000,0.000000,0.000000,0.000000,0.000000,0.000000,0.000000,0.000000,0.000000,0.000000,0.000000,
0.000000,0.000000,0.000000,0.000000,0.000000,0.000000,0.000000,0.000000,0.000000,0.000000,0.000000,0.000000,0.000000,0.000000,0.000000,0.000000,0.000000,0.000000,0.000000,0.000000,0.000000,0.000000,0.000000,0.000000,0.000000,0.000000,0.000000,0.000000,0.000000,0.000000,0.000000,0.000000,0.000000,0.000000,0.000000,0.000000,0.000000,0.000000,0.000000,0.000000,
