0.000000,0.000000,0.000000,0.000000,0.000000,0.000000,0.000000,0.000000,0.000000,0.000000,0.000000,0.000000,0.000000,0.000000,0.000000,0.000000,0.000000,0.000000,0.000000,0.000000,0.000000,0.000000,0.000000,0.000000,0.000000,0.000000,0.000000,0.000000,0.000000,0.000000,0.000000,0.000000,0.000000,0.000000,0.000000,0.000000,0.000000,0.000000,0.000000,0.000000,
0.000000,0.000000,0.000000,0.000000,0.000000,0.000000,0.000000,0.000000,0.000000,0.000000,0.000000,0.000000,0.000000,0.000000,0.000000,0.000000,0.000000,0.000000,0.000000,0.000000,0.000000,0.000000,0.000000,0.000000,0.000000,0.000000,0.000000,0.000000,0.000000,0.000000,0.000000,0.000000,0.000000,0.000000,0.000000,0.000000,0.000000,0.000000,0.000000,0.000000,
0.000000,0.000000,0.000000,0.000000,0.000000,0.000000,0.000000,0.000000,0.000000,0.000000,0.000000,0.000000,0.000000,0.000000,0.000000,0.000000,0.000000,0.000000,0.000000,0.000000,0.000000,0.000000,0.000000,0.000000,0.000000,0.000000,0.000000,0.000000,0.000000,0.000000,0.000000,0.000000,0.000000,0.000000,0.000000,0.000000,0.000000,0.000000,0.000000,0.000000,
0.000000,0.000000,0.000000,0.000000,0.000000,0.000000,0.000000,0.000000,0.000000,0.000000,0.000000,0.000000,0.000000,0.000000,0.000000,0.000000,0.000000,0.000000,0.000000,0.000000,0.000000,0.000000,0.000000,0.000000,0.000000,0.000000,0.000000,0.000000,0.000000,0.000000,0.000000,0.000000,0.000000,0.000000,0.000000,0.000000,0.000000,0.000000,0.000000,0.000000,
0.000000,0.000000,0.000000,0.000000,0.000000,0.000000,0.000000,0.000000,0.000000,0.000000,2.051000,2.000000,2.004000,2.004000,2.539000,0.000000,0.000000,0.000000,0.000000,0.000000,0.000000,0.000000,0.000000,0.000000,0.000000,0.000000,0.000000,0.000000,0.000000,0.000000,0.000000,0.000000,1.021000,0.000000,0.000000,0.000000,0.000000,0.000000,0.000000,0.000000,
0.000000,0.000000,0.000000,0.000000,0.000000,0.000000,0.000000,0.000000,1.002000,1.988000,1.991000,1.992000,1.994000,1.997000,1.997000,1.993000,1.997000,2.001000,2.000000,2.000000,2.003000,2.007000,2.009000,2.009000,0.000000,0.000000,0.000000,0.000000,0.000000,0.000000,0.000000,1.316000,1.002000,0.000000,0.000000,0.000000,0.000000,0.000000,0.000000,0.000000,
0.000000,0.000000,0.000000,0.000000,0.000000,0.000000,0.000000,1.002000,1.002000,1.986000,1.989000,1.991000,1.991000,1.994000,1.994000,1.997000,1.997000,2.000000,2.000000,2.000000,2.002000,2.003000,2.003000,2.006000,2.003000,2.003000,2.008000,2.007000,2.008000,2.014000,2.017000,2.015000,1.992000,0.000000,0.000000,0.000000,0.000000,0.000000,0.000000,0.000000,
0.000000,0.000000,0.000000,0.000000,0.000000,0.000000,0.000000,1.002000,1.002000,1.986000,1.989000,1.991000,1.991000,1.994000,1.994000,1.997000,1.994000,2.000000,2.000000,2.000000,2.000000,2.001000,2.003000,2.003000,2.003000,2.004000,2.006000,2.003000,2.007000,2.009000,2.012000,2.013000,2.012000,0.000000,0.000000,0.000000,0.000000,0.000000,0.000000,0.000000,
0.000000,0.000000,0.000000,0.000000,0.000000,0.000000,0.000000,1.002000,1.002000,1.988000,1.991000,1.991000,1.991000,1.994000,1.996000,1.997000,1.998000,2.000000,2.000000,2.000000,2.000000,2.000000,2.003000,2.003000,2.003000,2.003000,2.004000,2.003000,2.006000,2.009000,2.012000,2.015000,2.014000,0.000000,0.000000,0.000000,0.000000,0.000000,0.000000,0.000000,
0.000000,0.000000,0.000000,0.000000,0.000000,0.000000,0.000000,1.002000,1.002000,1.988000,1.991000,1.991000,1.991000,1.994000,1.994000,1.995000,1.997000,2.000000,2.000000,2.000000,2.000000,2.001000,2.003000,2.003000,2.003000,2.003000,2.003000,2.006000,2.007000,2.009000,2.012000,2.015000,2.015000,0.000000,0.000000,0.000000,0.000000,0.000000,0.000000,0.000000,
0.000000,0.000000,0.000000,0.000000,0.000000,0.000000,0.000000,1.002000,1.526000,1.986000,1.989000,1.991000,1.991000,1.991000,1.993000,1.995000,1.994000,1.997000,2.000000,2.000000,2.000000,2.000000,2.003000,2.003000,2.003000,2.004000,2.006000,2.003000,2.007000,2.006000,2.012000,2.012000,2.015000,0.000000,0.000000,0.000000,0.000000,0.000000,0.000000,0.000000,
0.000000,0.000000,0.000000,0.000000,0.000000,0.000000,0.000000,1.002000,1.525000,1.986000,1.989000,1.989000,1.991000,1.991000,1.991000,1.997000,1.997000,1.995000,1.997000,2.000000,2.000000,2.000000,2.003000,2.001000,2.003000,2.004000,2.006000,2.005000,2.004000,2.009000,2.012000,2.012000,2.015000,0.000000,0.000000,0.000000,0.000000,0.000000,0.000000,0.000000,
0.000000,0.000000,0.000000,0.000000,0.000000,0.000000,0.000000,1.002000,1.525000,1.986000,1.989000,1.989000,1.990000,1.991000,1.991000,1.995000,1.996000,1.997000,1.998000,2.000000,2.002000,2.002000,2.000000,2.001000,2.003000,2.003000,2.005000,2.006000,2.006000,2.009000,2.012000,2.013000,1.984000,0.000000,0.000000,0.000000,0.000000,0.000000,0.000000,0.000000,
0.000000,0.000000,0.000000,0.000000,0.000000,0.000000,0.000000,1.002000,1.538000,1.986000,1.989000,1.989000,1.989000,1.991000,1.991000,1.991000,1.994000,1.997000,2.000000,2.000000,2.000000,2.000000,2.003000,2.000000,2.000000,2.003000,2.006000,2.006000,2.006000,2.009000,2.006000,2.010000,1.978000,0.000000,0.000000,0.000000,0.000000,0.000000,0.000000,0.000000,
0.000000,0.000000,0.000000,0.000000,0.000000,0.000000,0.000000,1.002000,1.987000,1.984000,1.989000,1.989000,1.989000,1.991000,1.991000,1.991000,1.994000,1.995000,1.999000,2.000000,2.000000,2.000000,2.000000,2.000000,2.003000,2.003000,2.003000,2.006000,2.006000,2.009000,2.009000,2.011000,1.984000,0.000000,0.000000,0.000000,0.000000,0.000000,0.000000,0.000000,
0.000000,0.000000,0.000000,0.000000,0.000000,0.000000,0.000000,1.002000,1.523000,1.984000,1.989000,1.989000,1.991000,1.991000,1.991000,1.992000,1.991000,1.993000,1.995000,1.998000,2.000000,2.000000,2.000000,2.000000,2.003000,2.003000,2.003000,2.005000,2.007000,2.009000,2.010000,2.011000,1.999000,0.000000,0.000000,0.000000,0.000000,0.000000,0.000000,0.000000,
0.000000,0.000000,0.000000,0.000000,0.000000,0.000000,0.000000,1.002000,1.980000,1.986000,1.989000,1.989000,1.990000,1.991000,1.991000,1.991000,1.991000,1.994000,1.997000,2.000000,2.000000,2.000000,2.000000,2.003000,2.002000,2.003000,2.003000,2.003000,2.004000,2.009000,2.009000,2.012000,1.981000,0.000000,0.000000,0.000000,0.000000,0.000000,0.000000,0.000000,
0.000000,0.000000,0.000000,0.000000,0.000000,0.000000,0.000000,1.002000,1.983000,1.985000,1.989000,1.989000,1.989000,1.989000,1.991000,1.991000,1.994000,1.996000,1.997000,2.000000,1.997000,1.998000,2.000000,2.001000,2.003000,2.003000,2.003000,2.003000,2.004000,2.009000,2.009000,2.010000,1.002000,0.000000,0.000000,0.000000,0.000000,0.000000,0.000000,0.000000,
0.000000,0.000000,0.000000,0.000000,0.000000,0.000000,0.000000,1.002000,1.984000,1.983000,1.989000,1.988000,1.989000,1.989000,1.991000,1.991000,1.991000,1.993000,1.995000,1.997000,1.997000,2.000000,2.000000,2.000000,2.002000,2.003000,2.003000,2.003000,2.004000,2.007000,2.009000,2.009000,1.460000,0.000000,0.000000,0.000000,0.000000,0.000000,0.000000,0.000000,
0.000000,0.000000,0.000000,0.000000,0.000000,0.000000,0.000000,1.002000,1.980000,1.983000,1.989000,1.989000,1.989000,1.989000,1.990000,1.991000,1.991000,1.994000,1.994000,1.997000,2.000000,2.000000,2.000000,2.000000,2.000000,2.000000,2.003000,2.003000,2.004000,2.009000,2.009000,2.007000,1.978000,0.000000,0.000000,0.000000,0.000000,0.000000,0.000000,0.000000,
0.000000,0.000000,0.000000,0.000000,0.000000,0.000000,0.000000,1.002000,1.979000,1.984000,1.986000,1.986000,1.989000,1.989000,1.989000,1.991000,1.991000,1.994000,1.994000,1.997000,2.000000,2.000000,2.000000,2.000000,2.000000,2.000000,2.003000,2.003000,2.004000,2.006000,2.009000,2.009000,1.156000,0.000000,0.000000,0.000000,0.000000,0.000000,0.000000,0.000000,
0.000000,0.000000,0.000000,0.000000,0.000000,0.000000,0.000000,1.002000,1.977000,1.981000,1.986000,1.988000,1.989000,1.989000,1.989000,1.991000,1.991000,1.991000,1.991000,1.994000,1.997000,1.998000,1.997000,2.000000,2.000000,2.001000,2.003000,2.003000,2.004000,2.006000,2.009000,2.008000,1.002000,0.000000,0.000000,0.000000,0.000000,0.000000,0.000000,0.000000,
0.000000,0.000000,0.000000,0.000000,0.000000,0.000000,0.000000,1.002000,1.980000,1.981000,1.989000,1.989000,1.989000,1.989000,1.991000,1.991000,1.991000,1.991000,1.991000,1.994000,1.994000,1.997000,2.000000,2.000000,2.000000,2.003000,2.000000,2.002000,2.004000,2.009000,2.009000,2.006000,1.002000,0.000000,0.000000,0.000000,0.000000,0.000000,0.000000,0.000000,
0.000000,0.000000,0.000000,0.000000,0.000000,0.000000,0.000000,1.835000,1.983000,1.983000,1.986000,1.989000,1.989000,1.989000,1.989000,1.991000,1.991000,1.994000,1.997000,1.994000,1.997000,2.000000,2.000000,2.000000,2.000000,2.003000,2.003000,2.003000,2.004000,2.009000,2.012000,2.009000,1.002000,0.000000,0.000000,0.000000,0.000000,0.000000,0.000000,0.000000,
0.000000,0.000000,0.000000,0.000000,0.000000,0.000000,0.000000,1.828000,1.983000,1.983000,1.986000,1.986000,1.989000,1.989000,1.990000,1.991000,1.991000,1.992000,1.994000,1.994000,1.997000,1.998000,2.000000,2.000000,2.000000,2.001000,2.000000,2.003000,2.004000,2.009000,2.009000,2.009000,1.002000,0.000000,0.000000,0.000000,0.000000,0.000000,0.000000,0.000000,
0.000000,0.000000,0.000000,0.000000,0.000000,0.000000,0.000000,1.977000,1.986000,1.983000,1.986000,1.989000,1.989000,1.989000,1.990000,1.991000,1.991000,1.994000,1.991000,1.992000,1.995000,1.997000,1.997000,2.000000,2.000000,2.000000,2.000000,2.002000,2.004000,2.009000,2.009000,2.009000,1.002000,0.000000,0.000000,0.000000,0.000000,0.000000,0.000000,0.000000,
0.000000,0.000000,0.000000,0.000000,0.000000,0.000000,0.000000,1.980000,1.983000,1.983000,1.986000,1.989000,1.989000,1.989000,1.989000,1.991000,1.991000,1.991000,1.991000,1.994000,1.997000,1.999000,2.000000,2.000000,2.000000,2.001000,2.003000,2.003000,2.004000,2.009000,2.006000,2.009000,1.002000,0.000000,0.000000,0.000000,0.000000,0.000000,0.000000,0.000000,
0.000000,0.000000,0.000000,0.000000,0.000000,0.000000,0.000000,1.877000,1.983000,1.983000,1.986000,1.989000,1.989000,1.989000,1.989000,1.989000,1.991000,1.993000,1.991000,1.991000,1.993000,1.997000,2.000000,2.000000,2.000000,2.002000,2.000000,2.003000,2.006000,2.009000,2.009000,2.012000,1.002000,0.000000,0.000000,0.000000,0.000000,0.000000,0.000000,0.000000,
0.000000,0.000000,0.000000,0.000000,0.000000,0.000000,0.000000,1.975000,1.982000,1.983000,1.986000,1.988000,1.989000,1.989000,1.989000,1.989000,1.990000,1.991000,1.991000,1.991000,1.993000,1.997000,1.999000,2.000000,2.000000,2.000000,2.003000,2.003000,2.007000,2.009000,2.009000,2.009000,1.002000,0.000000,0.000000,0.000000,0.000000,0.000000,0.000000,0.000000,
0.000000,0.000000,0.000000,0.000000,0.000000,0.000000,0.000000,1.977000,1.980000,1.983000,1.986000,1.988000,1.989000,1.989000,1.989000,1.989000,1.991000,1.991000,1.991000,1.994000,1.996000,1.997000,1.997000,1.997000,2.000000,2.001000,2.003000,2.003000,2.005000,2.006000,2.009000,2.010000,1.002000,0.000000,0.000000,0.000000,0.000000,0.000000,0.000000,0.000000,
0.000000,0.000000,0.000000,0.000000,0.000000,0.000000,0.000000,1.868000,1.980000,1.981000,1.984000,1.984000,1.989000,1.989000,1.989000,1.990000,1.991000,1.991000,1.992000,1.994000,1.996000,1.997000,2.000000,2.000000,2.000000,2.000000,2.000000,2.000000,2.004000,2.006000,2.010000,2.008000,1.002000,0.000000,0.000000,0.000000,0.000000,0.000000,0.000000,0.000000,
0.000000,0.000000,0.000000,0.000000,0.000000,0.000000,0.000000,1.889000,1.980000,1.980000,1.986000,1.984000,1.988000,1.989000,1.989000,1.991000,1.991000,1.991000,1.991000,1.991000,1.994000,1.996000,1.997000,2.000000,2.000000,2.001000,2.000000,2.003000,2.006000,2.006000,2.005000,1.664000,1.002000,0.000000,0.000000,0.000000,0.000000,0.000000,0.000000,0.000000,
0.000000,0.000000,0.000000,0.000000,0.000000,0.000000,0.000000,1.977000,1.980000,1.983000,1.986000,1.986000,1.987000,1.989000,1.989000,1.990000,1.991000,1.991000,1.991000,1.991000,1.994000,1.994000,1.994000,2.000000,2.000000,2.000000,2.000000,2.003000,2.006000,2.006000,2.006000,1.664000,1.002000,0.000000,0.000000,0.000000,0.000000,0.000000,0.000000,0.000000,
0.000000,0.000000,0.000000,0.000000,0.000000,0.000000,0.000000,1.977000,1.980000,1.980000,1.984000,1.986000,1.986000,1.986000,1.988000,1.989000,1.989000,1.991000,1.991000,1.994000,1.994000,1.995000,1.996000,2.000000,1.999000,2.001000,2.003000,2.003000,2.006000,2.006000,2.006000,1.997000,1.002000,0.000000,0.000000,0.000000,0.000000,0.000000,0.000000,0.000000,
0.000000,0.000000,0.000000,0.000000,0.000000,0.000000,0.000000,1.978000,1.978000,1.979000,1.983000,1.985000,1.986000,1.989000,1.989000,1.989000,1.991000,1.990000,1.991000,1.993000,1.994000,1.994000,1.999000,2.000000,2.000000,2.000000,2.002000,2.003000,2.006000,2.006000,2.006000,2.006000,1.524000,0.000000,0.000000,0.000000,0.000000,0.000000,0.000000,0.000000,
0.000000,0.000000,0.000000,0.000000,0.000000,0.000000,0.000000,0.000000,0.000000,0.000000,0.000000,0.000000,0.000000,0.000000,0.000000,0.000000,0.000000,0.000000,0.000000,0.000000,0.000000,0.000000,0.000000,0.000000,0.000000,0.000000,0.000000,0.000000,0.000000,0.000000,0.000000,0.000000,0.000000,0.000000,0.000000,0.000000,0.000000,0.000000,0.000000,0.000000,
0.000000,0.000000,0.000000,0.000000,0.000000,0.000000,0.000000,0.000000,0.000000,0.000000,0.000000,0.000000,0.000000,0.000000,0.000000,0.000000,0.000000,0.000000,0.000000,0.000000,0.000000,0.000000,0.000000,0.000000,0.000000,0.000000,0.000000,0.000000,0.000000,0.000000,0.000000,0.000000,0.000000,0.000000,0.000000,0.000000,0.000000,0.000000,0.000000,0.000000,
0.000000,0.000000,0.000000,0.000000,0.000000,0.000000,0.000000,0.000000,0.000000,0.000000,0.000000,0.000000,0.000000,0.000000,0.000000,0.000000,0.000000,0.000000,0.000000,0.000000,0.000000,0.000000,0.000000,0.000000,0.000000,0.000000,0.000000,0.000000,0.000000,0.000000,0.000000,0.000000,0.000000,0.000000,0.000000,0.000000,0.000000,0.000000,0.000000,0.000000,
0.000000,0.000000,0.000000,0.000000,0.000000,0.000000,0.000000,0.000000,0.000000,0.000000,0.000000,0.000000,0.000000,0.000000,0.000000,0.000000,0.000000,0.000000,0.000000,0.000000,0.000000,0.000000,0.000000,0.000000,0.000000,0.000000,0.000000,0.000000,0.000000,0.000000,0.000000,0.000000,0.000000,0.000000,0.000000,0.000000,0.000000,0.000000,0.000000,0.000000,
0.000000,0.000000,0.000000,0.000000,0.000000,0.000000,0.000000,0.000000,0.000000,0.000000,0.000000,0.000000,0.000000,0.000000,0.000000,0.000000,0.000000,0.000000,0.000000,0.000000,0.000000,0.000000,0.000000,0.000000,0.000000,0.000000,0.000000,0.000000,0.000000,0.000000,0.000000,0.000000,0.000000,0.000000,0.000000,0.000000,0.000000,0.000000,0.000000,0.000000,
