40 40
0.000000 0.000000 0.000000 0.000000 0.000000 0.000000 2.000000 2.000000 2.000000 2.000000 2.028000 2.085000 2.143000 2.154000 2.154000 2.162000 2.222000 2.282000 2.287000 2.227000 2.167000 2.154000 2.154000 2.154000 2.154000 2.154000 1.652000 0.000000 0.000000 0.000000 0.000000 0.000000 0.000000 0.000000 0.000000 0.000000 0.000000 0.000000 0.000000 0.000000 
0.000000 0.000000 0.000000 0.000000 0.000000 0.000000 1.991000 1.992000 1.995000 1.998000 2.026000 2.080000 2.134000 2.148000 2.151000 2.161000 2.218000 2.274000 2.277000 2.217000 2.158000 2.145000 2.145000 2.145000 2.145000 2.145000 1.645000 0.000000 0.000000 0.000000 0.000000 0.000000 0.000000 0.000000 0.000000 0.000000 0.000000 0.000000 0.000000 0.000000 
0.000000 0.000000 0.000000 0.000000 0.000000 0.000000 1.936000 1.940000 1.964000 1.988000 2.016000 2.048000 2.081000 2.107000 2.132000 2.158000 2.192000 2.226000 2.218000 2.159000 2.100000 2.087000 2.087000 2.087000 2.087000 2.087000 1.596000 0.000000 0.000000 0.000000 0.000000 0.000000 0.000000 0.000000 0.000000 0.000000 0.000000 0.000000 0.000000 0.000000 
0.000000 0.000000 0.000000 0.000000 0.000000 0.000000 1.880000 1.888000 1.932000 1.977000 2.005000 2.016000 2.027000 2.067000 2.114000 2.156000 2.167000 2.179000 2.158000 2.100000 2.042000 2.030000 2.030000 2.030000 2.030000 2.030000 1.548000 0.000000 0.000000 0.000000 0.000000 0.000000 0.000000 0.000000 0.000000 0.000000 0.000000 0.000000 0.000000 0.000000 
0.000000 0.000000 0.000000 0.000000 0.000000 0.000000 1.852000 1.861000 1.916000 1.972000 2.000000 2.000000 2.000000 2.047000 2.104000 2.154000 2.154000 2.154000 2.128000 2.070000 2.013000 2.000000 2.000000 2.000000 2.000000 2.000000 1.526000 0.000000 0.000000 0.000000 0.000000 0.000000 0.000000 0.000000 0.000000 0.000000 0.000000 0.000000 0.000000 0.000000 
0.000000 0.000000 0.000000 0.000000 0.000000 0.000000 1.852000 1.861000 1.916000 1.972000 2.000000 2.000000 2.000000 2.047000 2.104000 2.154000 2.154000 2.154000 2.128000 2.070000 2.013000 2.000000 2.000000 2.000000 2.000000 2.000000 1.532000 0.000000 0.000000 0.000000 0.000000 0.000000 0.000000 0.000000 0.000000 0.000000 0.000000 0.000000 0.000000 0.000000 
0.000000 0.000000 0.000000 0.000000 0.000000 0.000000 1.852000 1.861000 1.916000 1.972000 2.000000 2.000000 2.000000 2.047000 2.104000 2.154000 2.154000 2.154000 2.128000 2.070000 2.013000 2.000000 2.000000 2.000000 2.000000 2.000000 1.539000 0.000000 0.000000 0.000000 0.000000 0.000000 0.000000 0.000000 0.000000 0.000000 0.000000 0.000000 0.000000 0.000000 
0.000000 0.000000 0.000000 0.000000 0.000000 0.000000 1.897000 1.906000 1.962000 2.018000 2.047000 2.047000 2.047000 2.079000 2.119000 2.152000 2.134000 2.117000 2.089000 2.049000 2.009000 2.000000 2.000000 2.000000 2.000000 2.000000 1.540000 0.000000 0.000000 0.000000 0.000000 0.000000 0.000000 0.000000 0.000000 0.000000 0.000000 0.000000 0.000000 0.000000 
0.000000 0.000000 0.000000 0.000000 0.000000 0.000000 1.952000 1.961000 2.018000 2.075000 2.104000 2.104000 2.104000 2.119000 2.138000 2.149000 2.110000 2.071000 2.041000 2.023000 2.004000 2.000000 2.000000 2.000000 2.000000 2.000000 1.540000 0.000000 0.000000 0.000000 0.000000 0.000000 0.000000 0.000000 0.000000 0.000000 0.000000 0.000000 0.000000 0.000000 
0.000000 0.000000 0.000000 0.000000 0.000000 0.000000 2.000000 2.009000 2.067000 2.124000 2.153000 2.150000 2.147000 2.146000 2.146000 2.139000 2.084000 2.030000 2.000000 2.000000 2.000000 2.000000 2.000000 2.000000 2.000000 2.000000 1.561000 0.000000 0.000000 0.000000 0.000000 0.000000 0.000000 0.000000 0.000000 0.000000 0.000000 0.000000 0.000000 0.000000 
0.000000 0.000000 0.000000 0.000000 0.000000 0.000000 2.000000 2.009000 2.067000 2.124000 2.142000 2.118000 2.093000 2.089000 2.089000 2.084000 2.051000 2.018000 2.000000 2.000000 2.000000 2.000000 2.000000 2.000000 2.000000 2.000000 1.725000 1.080000 0.000000 0.000000 0.000000 0.000000 0.000000 0.000000 0.000000 0.000000 0.000000 0.000000 0.000000 0.000000 
0.000000 0.000000 0.000000 0.000000 0.000000 0.000000 2.000000 2.009000 2.067000 2.124000 2.132000 2.086000 2.040000 2.031000 2.031000 2.030000 2.018000 2.006000 2.000000 2.000000 2.000000 2.000000 2.000000 2.000000 2.000000 2.000000 1.888000 1.625000 1.362000 0.000000 0.000000 0.000000 0.000000 0.000000 0.000000 0.000000 0.000000 0.000000 0.000000 0.000000 
0.000000 0.000000 0.000000 0.000000 0.000000 0.000000 2.000000 2.008000 2.055000 2.103000 2.105000 2.057000 2.009000 2.000000 2.000000 2.000000 2.000000 2.000000 2.000000 2.000000 2.000000 2.000000 2.000000 1.999000 1.990000 1.980000 1.955000 1.909000 1.863000 1.100000 0.000000 0.000000 0.000000 0.000000 0.000000 0.000000 0.000000 0.000000 0.000000 0.000000 
0.000000 0.000000 0.000000 0.000000 0.000000 0.000000 2.000000 2.004000 2.030000 2.057000 2.057000 2.031000 2.005000 2.000000 2.000000 2.000000 2.000000 2.000000 2.000000 2.000000 2.000000 2.000000 2.000000 1.997000 1.967000 1.937000 1.909000 1.883000 1.858000 1.100000 0.000000 0.000000 0.000000 0.000000 0.000000 0.000000 0.000000 0.000000 0.000000 0.000000 
0.000000 0.000000 0.000000 0.000000 0.000000 0.000000 2.000000 2.001000 2.005000 2.010000 2.010000 2.006000 2.001000 2.000000 2.000000 2.000000 2.000000 2.000000 2.000000 2.000000 2.000000 2.000000 2.000000 1.995000 1.944000 1.893000 1.862000 1.858000 1.853000 1.100000 0.000000 0.000000 0.000000 0.000000 0.000000 0.000000 0.000000 0.000000 0.000000 0.000000 
0.000000 0.000000 0.000000 0.000000 0.000000 0.000000 2.000000 2.000000 2.000000 2.000000 2.000000 2.000000 2.000000 2.000000 2.000000 2.000000 2.000000 2.000000 2.000000 2.000000 2.000000 2.000000 2.000000 1.994000 1.939000 1.884000 1.852000 1.852000 1.852000 1.319000 0.000000 0.000000 0.000000 0.000000 0.000000 0.000000 0.000000 0.000000 0.000000 0.000000 
0.000000 0.000000 0.000000 0.000000 0.000000 0.000000 2.000000 2.000000 2.000000 2.000000 2.000000 2.000000 2.000000 2.000000 2.000000 2.000000 2.000000 2.000000 2.000000 2.000000 2.000000 2.000000 2.000000 1.994000 1.939000 1.884000 1.852000 1.852000 1.852000 1.600000 1.265000 0.000000 0.000000 0.000000 0.000000 0.000000 0.000000 0.000000 0.000000 0.000000 
0.000000 0.000000 0.000000 0.000000 0.000000 0.000000 2.000000 2.000000 2.000000 2.000000 2.000000 2.000000 2.000000 2.000000 2.000000 2.000000 2.000000 2.000000 2.000000 2.000000 2.000000 2.000000 2.000000 1.994000 1.939000 1.884000 1.852000 1.852000 1.852000 1.852000 1.852000 1.852000 1.852000 0.000000 0.000000 0.000000 0.000000 0.000000 0.000000 0.000000 
0.000000 0.000000 0.000000 0.000000 0.000000 0.000000 2.000000 2.000000 2.000000 2.000000 2.000000 2.000000 2.000000 2.000000 2.000000 2.000000 2.000000 2.000000 2.000000 2.000000 2.000000 2.000000 2.000000 1.994000 1.939000 1.884000 1.852000 1.852000 1.852000 1.852000 1.852000 1.852000 1.852000 0.000000 0.000000 0.000000 0.000000 0.000000 0.000000 0.000000 
0.000000 0.000000 0.000000 0.000000 0.000000 0.000000 2.000000 2.000000 2.000000 2.000000 2.000000 2.000000 2.000000 2.000000 2.000000 2.000000 2.000000 2.000000 2.000000 2.000000 2.000000 2.000000 2.000000 1.994000 1.939000 1.884000 1.852000 1.852000 1.852000 1.852000 1.852000 1.852000 1.852000 0.000000 0.000000 0.000000 0.000000 0.000000 0.000000 0.000000 
0.000000 0.000000 0.000000 0.000000 0.000000 0.000000 2.000000 2.000000 2.000000 2.000000 2.000000 2.000000 2.000000 2.000000 2.000000 2.000000 2.000000 2.000000 2.000000 2.000000 2.000000 2.000000 2.000000 1.994000 1.939000 1.884000 1.852000 1.852000 1.852000 1.852000 1.852000 1.852000 1.852000 0.000000 0.000000 0.000000 0.000000 0.000000 0.000000 0.000000 
0.000000 0.000000 0.000000 0.000000 0.000000 0.000000 2.000000 2.000000 2.000000 2.000000 2.000000 2.000000 2.000000 2.000000 2.000000 2.000000 2.000000 2.000000 2.000000 2.000000 2.000000 2.000000 2.000000 1.994000 1.939000 1.884000 1.852000 1.852000 1.852000 1.852000 1.852000 1.852000 1.852000 0.000000 0.000000 0.000000 0.000000 0.000000 0.000000 0.000000 
0.000000 0.000000 0.000000 0.000000 0.000000 0.000000 2.000000 2.000000 2.000000 2.000000 2.000000 2.000000 2.000000 2.000000 2.000000 2.000000 2.000000 2.000000 2.000000 2.000000 2.000000 2.000000 2.000000 1.994000 1.939000 1.884000 1.852000 1.852000 1.852000 1.852000 1.852000 1.852000 1.852000 0.000000 0.000000 0.000000 0.000000 0.000000 0.000000 0.000000 
0.000000 0.000000 0.000000 0.000000 0.000000 0.000000 0.000000 0.000000 0.000000 1.648000 2.035000 2.019000 2.003000 2.000000 2.000000 2.000000 2.000000 2.000000 2.000000 2.000000 2.000000 2.000000 2.000000 1.996000 1.956000 1.916000 1.894000 1.894000 1.894000 1.882000 1.866000 1.852000 1.852000 0.000000 0.000000 0.000000 0.000000 0.000000 0.000000 0.000000 
0.000000 0.000000 0.000000 0.000000 0.000000 0.000000 0.000000 0.000000 0.000000 1.179000 2.082000 2.045000 2.007000 2.000000 2.000000 2.000000 2.000000 2.000000 2.000000 2.000000 2.000000 2.000000 2.000000 1.998000 1.979000 1.960000 1.949000 1.949000 1.949000 1.922000 1.885000 1.852000 1.852000 0.000000 0.000000 0.000000 0.000000 0.000000 0.000000 0.000000 
0.000000 0.000000 0.000000 0.000000 0.000000 0.000000 0.000000 0.000000 0.000000 0.000000 1.960000 1.980000 2.000000 2.004000 2.004000 2.004000 2.002000 2.001000 2.000000 2.000000 2.000000 2.000000 2.000000 2.000000 2.000000 2.000000 2.000000 2.000000 2.000000 1.960000 1.906000 1.856000 1.856000 0.000000 0.000000 0.000000 0.000000 0.000000 0.000000 0.000000 
0.000000 0.000000 0.000000 0.000000 0.000000 0.000000 0.000000 0.000000 0.000000 0.000000 0.000000 0.000000 1.858000 2.062000 2.062000 2.059000 2.036000 2.013000 2.000000 2.000000 2.000000 2.000000 2.000000 2.000000 2.000000 2.000000 2.000000 2.000000 2.000000 1.975000 1.942000 1.911000 1.911000 0.000000 0.000000 0.000000 0.000000 0.000000 0.000000 0.000000 
0.000000 0.000000 0.000000 0.000000 0.000000 0.000000 0.000000 0.000000 0.000000 0.000000 0.000000 0.000000 1.716000 2.119000 2.119000 2.113000 2.069000 2.024000 2.000000 2.000000 2.000000 2.000000 2.000000 2.000000 2.000000 2.000000 2.000000 2.000000 2.000000 1.991000 1.978000 1.967000 1.967000 0.000000 0.000000 0.000000 0.000000 0.000000 0.000000 0.000000 
0.000000 0.000000 0.000000 0.000000 0.000000 0.000000 0.000000 0.000000 0.000000 0.000000 0.000000 0.000000 1.686000 2.131000 2.131000 2.126000 2.085000 2.045000 2.019000 2.010000 2.002000 2.000000 2.000000 2.000000 2.000000 2.000000 2.000000 2.000000 2.000000 2.000000 2.000000 2.000000 2.000000 0.000000 0.000000 0.000000 0.000000 0.000000 0.000000 0.000000 
0.000000 0.000000 0.000000 0.000000 0.000000 0.000000 0.000000 0.000000 0.000000 0.000000 0.000000 0.000000 1.824000 2.074000 2.074000 2.074000 2.076000 2.079000 2.067000 2.037000 2.007000 2.000000 2.000000 2.000000 2.000000 2.000000 2.000000 2.000000 2.000000 2.000000 2.000000 2.000000 2.000000 0.000000 0.000000 0.000000 0.000000 0.000000 0.000000 0.000000 
0.000000 0.000000 0.000000 0.000000 0.000000 0.000000 0.000000 0.000000 0.000000 0.000000 1.392000 1.677000 1.962000 2.016000 2.016000 2.022000 2.068000 2.113000 2.114000 2.063000 2.011000 2.000000 2.000000 2.000000 2.000000 2.000000 2.000000 2.000000 2.000000 2.000000 2.000000 2.000000 2.000000 0.000000 0.000000 0.000000 0.000000 0.000000 0.000000 0.000000 
0.000000 0.000000 0.000000 0.000000 0.000000 0.000000 0.000000 0.000000 0.000000 0.000000 1.772000 1.876000 1.980000 2.000000 2.000000 2.008000 2.065000 2.123000 2.135000 2.093000 2.051000 2.042000 2.042000 2.042000 2.042000 2.042000 2.042000 2.042000 2.042000 2.042000 2.042000 2.042000 2.042000 0.000000 0.000000 0.000000 0.000000 0.000000 0.000000 0.000000 
0.000000 0.000000 0.000000 0.000000 0.000000 0.000000 0.000000 0.000000 0.000000 0.000000 1.456000 1.705000 1.953000 2.000000 2.000000 2.008000 2.065000 2.123000 2.145000 2.124000 2.104000 2.099000 2.099000 2.099000 2.099000 2.099000 2.099000 2.099000 2.099000 2.099000 2.099000 2.099000 2.099000 0.000000 0.000000 0.000000 0.000000 0.000000 0.000000 0.000000 
0.000000 0.000000 0.000000 0.000000 0.000000 0.000000 0.000000 0.000000 0.000000 0.000000 1.155000 1.541000 1.926000 2.000000 2.000000 2.008000 2.065000 2.123000 2.154000 2.153000 2.152000 2.151000 2.151000 2.151000 2.151000 2.151000 2.151000 2.151000 2.151000 2.151000 2.151000 2.151000 2.151000 0.000000 0.000000 0.000000 0.000000 0.000000 0.000000 0.000000 
0.000000 0.000000 0.000000 0.000000 0.000000 0.000000 0.000000 0.000000 0.000000 0.000000 1.155000 1.541000 1.926000 2.000000 2.000000 2.008000 2.065000 2.123000 2.144000 2.121000 2.099000 2.094000 2.094000 2.094000 2.094000 2.094000 2.094000 2.094000 2.094000 2.094000 2.094000 2.094000 2.094000 0.000000 0.000000 0.000000 0.000000 0.000000 0.000000 0.000000 
0.000000 0.000000 0.000000 0.000000 0.000000 0.000000 0.000000 0.000000 0.000000 0.000000 1.155000 1.541000 1.926000 2.000000 2.000000 2.008000 2.065000 2.123000 2.134000 2.090000 2.046000 2.036000 2.036000 2.036000 2.036000 2.036000 2.036000 2.036000 2.036000 2.036000 2.036000 2.036000 2.036000 0.000000 0.000000 0.000000 0.000000 0.000000 0.000000 0.000000 
0.000000 0.000000 0.000000 0.000000 0.000000 0.000000 0.000000 0.000000 0.000000 0.000000 1.148000 1.486000 1.825000 1.929000 1.978000 2.028000 2.077000 2.127000 2.128000 2.070000 2.013000 2.000000 2.000000 1.999000 1.992000 1.984000 1.980000 1.980000 1.980000 1.985000 1.993000 2.000000 2.000000 0.000000 0.000000 0.000000 0.000000 0.000000 0.000000 0.000000 
0.000000 0.000000 0.000000 0.000000 0.000000 0.000000 0.000000 0.000000 0.000000 1.005000 1.128000 1.339000 1.549000 1.737000 1.920000 2.083000 2.111000 2.139000 2.128000 2.070000 2.013000 2.000000 2.000000 1.997000 1.969000 1.940000 1.924000 1.924000 1.924000 1.946000 1.974000 2.000000 2.000000 0.000000 0.000000 0.000000 0.000000 0.000000 0.000000 0.000000 
0.000000 0.000000 0.000000 0.000000 0.000000 0.000000 0.000000 0.000000 1.004000 1.046000 1.108000 1.191000 1.273000 1.545000 1.862000 2.137000 2.144000 2.150000 2.128000 2.070000 2.013000 2.000000 2.000000 1.995000 1.946000 1.897000 1.869000 1.869000 1.869000 1.906000 1.955000 2.000000 2.000000 0.000000 0.000000 0.000000 0.000000 0.000000 0.000000 0.000000 
0.000000 0.000000 0.000000 0.000000 0.000000 0.000000 0.000000 0.000000 1.017000 1.059000 1.102000 1.145000 1.189000 1.486000 1.844000 2.154000 2.154000 2.154000 2.128000 2.070000 2.013000 2.000000 2.000000 1.994000 1.939000 1.884000 1.852000 1.852000 1.852000 1.894000 1.949000 2.000000 2.000000 0.000000 0.000000 0.000000 0.000000 0.000000 0.000000 0.000000 
