0.000000,0.000000,0.000000,0.000000,0.000000,0.000000,0.000000,0.000000,0.000000,0.000000,0.000000,0.000000,0.000000,0.000000,0.000000,0.000000,0.000000,0.000000,0.000000,0.000000,0.000000,0.000000,0.000000,0.000000,0.000000,0.000000,0.000000,0.000000,0.000000,0.000000,0.000000,0.000000,0.000000,0.000000,0.000000,0.000000,0.000000,0.000000,0.000000,0.000000,
0.000000,0.000000,0.000000,0.000000,0.000000,0.000000,0.000000,0.000000,0.000000,0.000000,0.000000,0.000000,0.000000,0.000000,0.000000,0.000000,0.000000,0.000000,0.000000,0.000000,0.000000,0.000000,0.000000,0.000000,0.000000,0.000000,0.000000,0.000000,0.000000,0.000000,0.000000,0.000000,0.000000,0.000000,0.000000,0.000000,0.000000,0.000000,0.000000,0.000000,
0.000000,0.000000,0.000000,0.000000,0.000000,0.000000,0.000000,0.000000,0.000000,0.000000,0.000000,0.000000,0.000000,0.000000,0.000000,0.000000,0.000000,0.000000,0.000000,0.000000,0.000000,0.000000,0.000000,0.000000,0.000000,0.000000,0.000000,0.000000,0.000000,0.000000,0.000000,0.000000,0.000000,0.000000,0.000000,0.000000,0.000000,0.000000,0.000000,0.000000,
0.000000,0.000000,0.000000,0.000000,0.000000,0.000000,0.000000,0.000000,0.000000,0.000000,0.000000,0.000000,0.000000,0.000000,0.000000,0.000000,0.000000,0.000000,0.000000,0.000000,0.000000,0.000000,0.000000,0.000000,0.000000,0.000000,0.000000,0.000000,0.000000,0.000000,0.000000,0.000000,0.000000,0.000000,0.000000,0.000000,0.000000,0.000000,0.000000,0.000000,
0.000000,0.000000,0.000000,0.000000,0.000000,0.000000,0.000000,0.000000,0.000000,0.000000,0.000000,0.000000,0.000000,0.000000,0.000000,0.000000,0.000000,0.000000,0.000000,0.000000,0.000000,0.000000,0.000000,0.000000,0.000000,0.000000,0.000000,0.000000,0.000000,0.000000,0.000000,0.000000,0.000000,0.000000,0.000000,0.000000,0.000000,0.000000,0.000000,0.000000,
0.000000,0.000000,0.000000,0.000000,0.000000,0.000000,0.000000,0.000000,0.000000,0.000000,0.000000,0.000000,0.000000,0.000000,0.000000,0.000000,0.000000,0.000000,0.000000,0.000000,0.000000,0.000000,0.000000,0.000000,0.000000,0.000000,0.000000,0.000000,0.000000,0.000000,0.000000,0.000000,0.000000,0.000000,0.000000,0.000000,0.000000,0.000000,0.000000,0.000000,
0.000000,0.000000,0.000000,0.000000,0.000000,0.000000,0.000000,0.000000,0.000000,2.992000,2.990000,2.990000,2.990000,2.990000,2.990000,2.994000,0.000000,0.000000,0.000000,0.000000,0.000000,2.990000,2.992000,0.000000,0.000000,0.000000,0.000000,0.000000,0.000000,0.000000,0.000000,0.000000,0.000000,0.000000,0.000000,2.936000,2.074000,2.029000,2.696000,2.494000,
0.000000,0.000000,0.000000,0.000000,0.000000,0.000000,0.000000,0.000000,0.000000,0.000000,0.000000,0.000000,0.000000,0.000000,2.990000,2.994000,0.000000,0.000000,0.000000,0.000000,0.000000,2.990000,2.992000,0.000000,0.000000,0.000000,0.000000,0.000000,0.000000,0.000000,0.000000,0.000000,0.000000,0.000000,2.831000,2.186000,1.994000,1.984000,2.132000,2.087000,
0.000000,0.000000,0.000000,0.000000,0.000000,0.000000,0.000000,0.000000,0.000000,0.000000,0.000000,0.000000,0.000000,0.000000,0.000000,0.000000,0.000000,0.000000,0.000000,0.000000,0.000000,0.000000,0.000000,2.444000,2.382000,2.397000,2.405000,2.405000,2.402000,2.386000,2.401000,2.417000,2.745000,2.767000,2.295000,1.971000,1.971000,1.971000,1.971000,1.971000,
0.000000,0.000000,0.000000,0.000000,0.000000,0.000000,0.000000,0.000000,0.000000,0.000000,0.000000,0.000000,0.000000,0.000000,0.000000,0.000000,0.000000,0.000000,0.000000,0.000000,0.000000,2.946000,2.495000,2.022000,1.967000,1.988000,2.000000,2.000000,2.000000,2.000000,2.025000,2.030000,2.296000,2.308000,1.994000,1.971000,1.971000,1.982000,1.976000,1.971000,
0.000000,0.000000,0.000000,0.000000,0.000000,0.000000,0.000000,0.000000,0.000000,0.000000,0.000000,0.000000,0.000000,0.000000,0.000000,0.000000,0.000000,0.000000,0.000000,0.000000,2.935000,2.551000,1.943000,1.943000,1.964000,1.988000,2.000000,2.000000,2.000000,2.000000,2.016000,2.006000,2.000000,1.988000,1.971000,1.971000,1.971000,1.987000,1.978000,1.966000,
0.000000,0.000000,0.000000,0.000000,0.000000,0.000000,0.000000,0.000000,0.000000,0.000000,0.000000,0.000000,0.000000,0.000000,2.859000,2.854000,2.850000,2.849000,2.849000,2.871000,2.592000,1.966000,1.943000,1.943000,1.964000,1.985000,1.997000,2.000000,2.000000,2.000000,2.000000,2.000000,2.000000,1.988000,1.971000,1.971000,1.971000,1.971000,1.971000,1.957000,
0.000000,0.000000,0.000000,0.000000,0.000000,0.000000,0.000000,0.000000,0.000000,0.000000,0.000000,0.000000,0.000000,2.659000,2.052000,2.027000,2.002000,2.000000,2.000000,2.013000,2.009000,1.966000,1.943000,1.943000,1.964000,1.971000,1.983000,1.999000,2.000000,2.000000,2.000000,2.000000,2.000000,1.988000,1.971000,1.971000,1.971000,1.971000,1.971000,1.957000,
0.000000,0.000000,0.000000,0.000000,0.000000,0.000000,2.749000,2.168000,2.148000,2.148000,2.170000,2.171000,2.183000,2.146000,2.052000,2.027000,2.002000,2.000000,2.000000,1.989000,1.975000,1.966000,1.943000,1.943000,1.964000,1.971000,1.972000,1.982000,2.000000,2.000000,2.000000,2.000000,2.000000,1.988000,1.971000,1.971000,1.971000,1.971000,1.971000,1.969000,
0.000000,0.000000,0.000000,2.424000,2.306000,2.314000,2.214000,2.051000,2.029000,2.029000,2.035000,2.037000,2.041000,2.042000,2.030000,2.007000,2.001000,2.000000,2.000000,1.986000,1.971000,1.966000,1.943000,1.943000,1.964000,1.971000,1.971000,1.979000,2.000000,2.000000,2.000000,2.000000,2.000000,1.988000,1.971000,1.971000,1.971000,1.971000,1.971000,1.971000,
2.503000,2.498000,2.464000,2.094000,2.029000,2.029000,2.034000,2.038000,2.029000,2.029000,2.029000,2.018000,2.012000,2.012000,2.009000,2.000000,2.000000,2.000000,2.000000,1.986000,1.971000,1.969000,1.960000,1.960000,1.981000,1.988000,1.988000,1.992000,2.000000,2.000000,2.000000,2.000000,2.000000,1.995000,1.984000,1.971000,1.971000,1.971000,1.971000,1.971000,
2.046000,2.043000,2.029000,2.029000,2.020000,2.016000,2.021000,2.029000,2.028000,2.017000,2.016000,2.005000,2.000000,2.000000,2.000000,1.999000,1.988000,1.987000,1.987000,1.979000,1.971000,1.973000,1.984000,1.984000,1.996000,2.000000,2.000000,2.000000,2.000000,2.000000,1.989000,1.987000,1.987000,1.987000,1.983000,1.971000,1.971000,1.971000,1.971000,1.971000,
2.029000,2.029000,2.029000,2.029000,2.009000,2.000000,2.012000,2.029000,2.026000,2.001000,2.000000,2.000000,2.000000,2.000000,2.000000,1.998000,1.973000,1.971000,1.971000,1.971000,1.971000,1.976000,2.000000,2.008000,2.009000,2.004000,2.000000,1.998000,1.991000,1.991000,1.974000,1.971000,1.971000,1.968000,1.963000,1.963000,1.963000,1.963000,1.968000,1.971000,
2.026000,2.029000,2.029000,2.029000,2.009000,2.000000,2.012000,2.029000,2.026000,2.005000,2.004000,2.001000,2.000000,2.000000,2.000000,1.998000,1.977000,1.975000,1.975000,1.975000,1.975000,1.980000,2.001000,2.026000,2.029000,2.014000,2.002000,1.992000,1.971000,1.971000,1.971000,1.971000,1.971000,1.960000,1.943000,1.943000,1.943000,1.943000,1.961000,1.971000,
2.009000,2.029000,2.029000,2.029000,2.009000,2.000000,2.012000,2.029000,2.029000,2.029000,2.029000,2.010000,2.000000,2.000000,2.000000,2.000000,2.000000,2.000000,2.000000,2.000000,2.000000,2.000000,2.001000,2.026000,2.029000,2.029000,2.016000,1.992000,1.971000,1.971000,1.971000,1.971000,1.971000,1.960000,1.943000,1.943000,1.943000,1.943000,1.961000,1.971000,
2.009000,2.029000,2.029000,2.029000,2.026000,2.011000,2.002000,2.011000,2.029000,2.029000,2.029000,2.010000,2.000000,1.991000,1.975000,1.975000,1.975000,1.975000,1.975000,1.987000,2.000000,2.000000,2.001000,2.026000,2.029000,2.029000,2.016000,1.999000,1.992000,1.971000,1.971000,1.971000,1.971000,1.969000,1.967000,1.964000,1.944000,1.943000,1.961000,1.971000,
2.009000,2.029000,2.029000,2.029000,2.015000,2.004000,2.000000,2.002000,2.009000,2.009000,2.009000,2.003000,2.000000,1.989000,1.971000,1.971000,1.971000,1.971000,1.971000,1.985000,2.000000,2.000000,2.000000,2.008000,2.009000,2.009000,2.005000,1.994000,1.978000,1.971000,1.971000,1.971000,1.971000,1.971000,1.966000,1.950000,1.943000,1.943000,0.000000,0.000000,
2.020000,2.029000,2.029000,2.029000,2.009000,2.000000,2.000000,2.000000,2.000000,2.000000,1.987000,1.984000,1.984000,1.974000,1.956000,1.956000,1.956000,1.967000,1.981000,1.993000,1.995000,1.984000,1.984000,1.998000,2.000000,2.000000,1.993000,1.976000,1.956000,1.956000,1.969000,1.971000,1.971000,1.971000,1.964000,1.943000,1.943000,1.943000,0.000000,0.000000,
2.029000,2.027000,2.017000,2.017000,1.997000,1.988000,1.988000,1.988000,1.988000,1.988000,1.974000,1.971000,1.971000,1.961000,1.943000,1.943000,1.943000,1.965000,1.989000,2.000000,1.990000,1.971000,1.972000,1.997000,2.000000,2.000000,1.987000,1.960000,1.932000,1.932000,1.965000,1.979000,1.989000,1.479000,0.000000,0.000000,0.000000,0.000000,0.000000,0.000000,
2.029000,2.025000,2.000000,2.000000,1.980000,1.971000,1.971000,1.971000,1.971000,1.971000,1.965000,1.964000,1.964000,1.956000,1.945000,1.950000,1.950000,1.966000,1.989000,1.996000,1.985000,1.971000,1.972000,1.997000,2.000000,2.000000,1.991000,1.960000,1.915000,1.915000,1.286000,1.186000,1.204000,0.000000,0.000000,0.000000,0.000000,0.000000,0.000000,0.000000,
2.029000,2.025000,2.003000,2.000000,1.978000,1.968000,1.969000,1.971000,1.971000,1.971000,1.948000,1.943000,1.943000,1.943000,1.948000,1.968000,1.968000,1.968000,1.984000,1.982000,1.969000,1.910000,1.634000,1.656000,1.660000,1.660000,1.660000,1.637000,1.584000,1.584000,0.000000,0.000000,0.000000,0.000000,0.000000,0.000000,0.000000,0.000000,0.000000,0.000000,
2.029000,2.029000,2.028000,2.004000,1.961000,1.944000,1.955000,1.971000,1.971000,1.971000,1.948000,1.943000,1.943000,1.943000,1.943000,1.944000,1.944000,1.944000,1.945000,1.945000,1.953000,1.431000,0.000000,0.000000,0.000000,0.000000,0.000000,0.000000,0.000000,0.000000,0.000000,0.000000,0.000000,0.000000,0.000000,0.000000,0.000000,0.000000,0.000000,0.000000,
2.053000,2.046000,2.006000,2.001000,1.960000,1.943000,1.954000,1.971000,1.974000,1.994000,1.990000,1.959000,1.943000,1.943000,1.943000,1.943000,1.943000,1.943000,1.929000,1.920000,1.105000,0.000000,0.000000,0.000000,0.000000,0.000000,0.000000,0.000000,0.000000,0.000000,0.000000,0.000000,0.000000,0.000000,0.000000,0.000000,0.000000,0.000000,0.000000,0.000000,
2.059000,2.050000,2.000000,2.000000,1.960000,1.943000,1.954000,1.971000,1.748000,0.000000,0.000000,0.000000,0.000000,0.000000,0.000000,0.000000,0.000000,1.478000,1.925000,1.915000,0.000000,0.000000,0.000000,0.000000,0.000000,0.000000,0.000000,0.000000,0.000000,0.000000,0.000000,0.000000,0.000000,0.000000,0.000000,0.000000,0.000000,0.000000,0.000000,0.000000,
2.059000,2.055000,2.030000,2.030000,0.000000,0.000000,0.000000,0.000000,0.000000,0.000000,0.000000,0.000000,0.000000,0.000000,0.000000,0.000000,0.000000,0.000000,0.000000,0.000000,0.000000,0.000000,0.000000,0.000000,0.000000,0.000000,0.000000,0.000000,0.000000,0.000000,0.000000,0.000000,0.000000,0.000000,0.000000,0.000000,0.000000,0.000000,0.000000,0.000000,
2.059000,2.061000,2.070000,1.061000,0.000000,0.000000,0.000000,0.000000,0.000000,0.000000,0.000000,0.000000,0.000000,0.000000,0.000000,0.000000,0.000000,0.000000,0.000000,0.000000,0.000000,0.000000,0.000000,0.000000,0.000000,0.000000,0.000000,0.000000,0.000000,0.000000,0.000000,0.000000,0.000000,0.000000,0.000000,0.000000,0.000000,0.000000,0.000000,0.000000,
1.359000,1.362000,1.382000,0.000000,0.000000,0.000000,0.000000,0.000000,0.000000,0.000000,0.000000,0.000000,0.000000,0.000000,0.000000,0.000000,0.000000,0.000000,0.000000,0.000000,0.000000,0.000000,0.000000,0.000000,0.000000,0.000000,0.000000,0.000000,0.000000,0.000000,0.000000,0.000000,0.000000,0.000000,0.000000,0.000000,0.000000,0.000000,0.000000,0.000000,
0.000000,0.000000,0.000000,0.000000,0.000000,0.000000,0.000000,0.000000,0.000000,0.000000,0.000000,0.000000,0.000000,0.000000,0.000000,0.000000,0.000000,0.000000,0.000000,0.000000,0.000000,0.000000,0.000000,0.000000,0.000000,0.000000,0.000000,0.000000,0.000000,0.000000,0.000000,0.000000,0.000000,0.000000,0.000000,0.000000,0.000000,0.000000,0.000000,0.000000,
0.000000,0.000000,0.000000,0.000000,0.000000,0.000000,0.000000,0.000000,0.000000,0.000000,0.000000,0.000000,0.000000,0.000000,0.000000,0.000000,0.000000,0.000000,0.000000,0.000000,0.000000,0.000000,0.000000,0.000000,0.000000,0.000000,0.000000,0.000000,0.000000,0.000000,0.000000,0.000000,0.000000,0.000000,0.000000,0.000000,0.000000,0.000000,0.000000,0.000000,
0.000000,0.000000,0.000000,0.000000,0.000000,0.000000,0.000000,0.000000,0.000000,0.000000,0.000000,0.000000,0.000000,0.000000,0.000000,0.000000,0.000000,0.000000,0.000000,0.000000,0.000000,0.000000,0.000000,0.000000,0.000000,0.000000,0.000000,0.000000,0.000000,0.000000,0.000000,0.000000,0.000000,0.000000,0.000000,0.000000,0.000000,0.000000,0.000000,0.000000,
0.000000,0.000000,0.000000,0.000000,0.000000,0.000000,0.000000,0.000000,0.000000,0.000000,0.000000,0.000000,0.000000,0.000000,0.000000,0.000000,0.000000,0.000000,0.000000,0.000000,0.000000,0.000000,0.000000,0.000000,0.000000,0.000000,0.000000,0.000000,0.000000,0.000000,0.000000,0.000000,0.000000,0.000000,0.000000,0.000000,0.000000,0.000000,0.000000,0.000000,
0.000000,0.000000,0.000000,0.000000,0.000000,0.000000,0.000000,0.000000,0.000000,0.000000,0.000000,0.000000,0.000000,0.000000,0.000000,0.000000,0.000000,0.000000,0.000000,0.000000,0.000000,0.000000,0.000000,0.000000,0.000000,0.000000,0.000000,0.000000,0.000000,0.000000,0.000000,0.000000,0.000000,0.000000,0.000000,0.000000,0.000000,0.000000,0.000000,0.000000,
0.000000,0.000000,0.000000,0.000000,0.000000,0.000000,0.000000,0.000000,0.000000,0.000000,0.000000,0.000000,0.000000,0.000000,0.000000,0.000000,0.000000,0.000000,0.000000,0.000000,0.000000,0.000000,0.000000,0.000000,0.000000,0.000000,0.000000,0.000000,0.000000,0.000000,0.000000,0.000000,0.000000,0.000000,0.000000,0.000000,0.000000,0.000000,0.000000,0.000000,
0.000000,0.000000,0.000000,0.000000,0.000000,0.000000,0.000000,0.000000,0.000000,0.000000,0.000000,0.000000,0.000000,0.000000,0.000000,0.000000,0.000000,0.000000,0.000000,0.000000,0.000000,0.000000,0.000000,0.000000,0.000000,0.000000,0.000000,0.000000,0.000000,0.000000,0.000000,0.000000,0.000000,0.000000,0.000000,0.000000,0.000000,0.000000,0.000000,0.000000,
0.000000,0.000000,0.000000,0.000000,0.000000,0.000000,0.000000,0.000000,0.000000,0.000000,0.000000,0.000000,0.000000,0.000000,0.000000,0.000000,0.000000,0.000000,0.000000,0.000000,0.000000,0.000000,0.000000,0.000000,0.000000,0.000000,0.000000,0.000000,0.000000,0.000000,0.000000,0.000000,0.000000,0.000000,0.000000,0.000000,0.000000,0.000000,0.000000,0.000000,
