40 40
0.000000 0.000000 0.000000 0.000000 0.000000 0.000000 0.000000 0.000000 0.000000 0.000000 0.000000 0.000000 0.000000 0.000000 0.000000 0.000000 0.000000 0.000000 0.000000 0.000000 0.000000 0.000000 0.000000 2.013000 2.028000 2.022000 2.000000 0.000000 0.000000 0.000000 0.000000 0.000000 0.000000 0.000000 0.000000 0.000000 0.000000 0.000000 0.000000 0.000000 
0.000000 0.000000 0.000000 0.000000 0.000000 0.000000 0.000000 0.000000 0.000000 0.000000 0.000000 0.000000 0.000000 0.000000 0.000000 0.000000 0.000000 0.000000 0.000000 0.000000 0.000000 0.000000 0.000000 2.003000 2.006000 2.000000 1.978000 0.000000 0.000000 0.000000 0.000000 0.000000 0.000000 0.000000 0.000000 0.000000 0.000000 0.000000 0.000000 0.000000 
0.000000 0.000000 0.000000 0.000000 0.000000 0.000000 0.000000 0.000000 0.000000 0.000000 0.000000 0.000000 0.000000 0.000000 0.000000 0.000000 0.000000 0.000000 0.000000 0.000000 0.000000 0.000000 2.317000 2.000000 1.994000 1.979000 1.972000 0.000000 0.000000 0.000000 0.000000 0.000000 0.000000 0.000000 0.000000 0.000000 0.000000 0.000000 0.000000 0.000000 
0.000000 0.000000 0.000000 0.000000 0.000000 0.000000 0.000000 0.000000 0.000000 0.000000 0.000000 0.000000 0.000000 0.000000 0.000000 2.755000 2.500000 0.000000 0.000000 0.000000 0.000000 2.259000 1.961000 1.971000 1.971000 1.969000 1.958000 0.000000 0.000000 0.000000 0.000000 0.000000 0.000000 0.000000 0.000000 0.000000 0.000000 0.000000 0.000000 0.000000 
0.000000 0.000000 0.000000 0.000000 0.000000 0.000000 0.000000 0.000000 0.000000 0.000000 0.000000 0.000000 0.000000 0.000000 2.721000 2.028000 2.028000 2.020000 1.992000 1.945000 1.945000 1.945000 1.945000 1.945000 1.954000 1.966000 1.945000 0.000000 0.000000 0.000000 0.000000 0.000000 0.000000 0.000000 0.000000 0.000000 0.000000 0.000000 0.000000 0.000000 
0.000000 0.000000 0.000000 0.000000 0.000000 0.000000 0.000000 0.000000 0.000000 0.000000 0.000000 0.000000 2.028000 2.028000 2.028000 2.028000 2.028000 2.020000 1.993000 1.952000 1.952000 1.947000 1.945000 1.945000 1.952000 1.961000 1.945000 0.000000 0.000000 0.000000 0.000000 0.000000 0.000000 0.000000 0.000000 0.000000 0.000000 0.000000 0.000000 0.000000 
0.000000 0.000000 0.000000 0.000000 0.000000 0.000000 0.000000 0.000000 0.000000 0.000000 0.000000 0.000000 2.032000 2.032000 2.029000 2.028000 2.028000 2.020000 1.997000 1.976000 1.972000 1.955000 1.946000 1.945000 1.945000 1.945000 1.945000 0.000000 0.000000 0.000000 0.000000 0.000000 0.000000 0.000000 0.000000 0.000000 0.000000 0.000000 0.000000 0.000000 
0.000000 0.000000 0.000000 0.000000 0.000000 0.000000 0.000000 0.000000 0.000000 0.000000 0.000000 0.000000 2.057000 2.057000 2.038000 2.028000 2.028000 2.020000 2.000000 2.000000 1.976000 1.972000 1.956000 1.945000 1.945000 1.945000 1.945000 0.000000 0.000000 0.000000 0.000000 0.000000 0.000000 0.000000 0.000000 0.000000 0.000000 0.000000 0.000000 0.000000 
0.000000 0.000000 0.000000 0.000000 0.000000 0.000000 0.000000 0.000000 0.000000 0.000000 0.000000 0.000000 2.057000 2.057000 2.038000 2.015000 2.004000 2.003000 2.000000 2.000000 1.997000 1.978000 1.956000 1.945000 1.945000 1.940000 1.921000 0.000000 0.000000 0.000000 0.000000 0.000000 0.000000 0.000000 0.000000 0.000000 0.000000 0.000000 0.000000 0.000000 
0.000000 0.000000 0.000000 0.000000 0.000000 0.000000 0.000000 0.000000 0.000000 0.000000 0.000000 0.000000 2.057000 2.057000 2.038000 2.013000 2.000000 1.994000 1.979000 1.979000 1.979000 1.974000 1.956000 1.945000 1.945000 1.939000 1.918000 0.000000 0.000000 0.000000 0.000000 0.000000 0.000000 0.000000 0.000000 0.000000 0.000000 0.000000 0.000000 0.000000 
0.000000 0.000000 0.000000 0.000000 0.000000 0.000000 0.000000 0.000000 0.000000 0.000000 0.000000 0.000000 2.039000 2.039000 2.020000 2.005000 2.000000 1.992000 1.972000 1.972000 1.972000 1.972000 1.956000 1.945000 1.945000 1.939000 1.918000 0.000000 0.000000 0.000000 0.000000 0.000000 0.000000 0.000000 0.000000 0.000000 0.000000 0.000000 0.000000 0.000000 
0.000000 0.000000 0.000000 0.000000 0.000000 0.000000 0.000000 0.000000 0.000000 0.000000 0.000000 0.000000 2.028000 2.028000 2.009000 2.000000 2.000000 1.992000 1.972000 1.972000 1.972000 1.972000 1.956000 1.945000 1.945000 1.942000 1.931000 0.000000 0.000000 0.000000 0.000000 0.000000 0.000000 0.000000 0.000000 0.000000 0.000000 0.000000 0.000000 0.000000 
0.000000 0.000000 0.000000 0.000000 0.000000 0.000000 0.000000 0.000000 0.000000 0.000000 0.000000 0.000000 2.028000 2.028000 2.016000 2.010000 2.006000 1.995000 1.982000 1.982000 1.973000 1.972000 1.956000 1.945000 1.945000 1.945000 1.945000 0.000000 0.000000 0.000000 0.000000 0.000000 0.000000 0.000000 0.000000 0.000000 0.000000 0.000000 0.000000 0.000000 
0.000000 0.000000 0.000000 0.000000 0.000000 0.000000 0.000000 0.000000 0.000000 0.000000 0.000000 0.000000 2.028000 2.028000 2.028000 2.028000 2.019000 2.004000 2.000000 2.000000 1.981000 1.974000 1.956000 1.945000 1.945000 1.945000 1.945000 0.000000 0.000000 0.000000 0.000000 0.000000 0.000000 0.000000 0.000000 0.000000 0.000000 0.000000 0.000000 0.000000 
0.000000 0.000000 0.000000 0.000000 0.000000 0.000000 0.000000 0.000000 0.000000 0.000000 0.000000 0.000000 2.028000 2.028000 2.028000 2.028000 2.028000 2.020000 2.000000 2.000000 2.000000 1.981000 1.958000 1.946000 1.945000 1.945000 1.945000 0.000000 0.000000 0.000000 0.000000 0.000000 0.000000 0.000000 0.000000 0.000000 0.000000 0.000000 0.000000 0.000000 
0.000000 0.000000 0.000000 0.000000 0.000000 0.000000 0.000000 0.000000 0.000000 0.000000 0.000000 0.000000 2.028000 2.028000 2.028000 2.028000 2.028000 2.020000 2.000000 2.000000 2.000000 1.999000 1.981000 1.958000 1.945000 1.945000 1.945000 0.000000 0.000000 0.000000 0.000000 0.000000 0.000000 0.000000 0.000000 0.000000 0.000000 0.000000 0.000000 0.000000 
0.000000 0.000000 0.000000 0.000000 0.000000 0.000000 0.000000 0.000000 0.000000 0.000000 0.000000 0.000000 2.028000 2.028000 2.028000 2.028000 2.028000 2.020000 2.000000 2.000000 2.000000 2.000000 1.983000 1.970000 1.967000 1.962000 1.945000 0.000000 0.000000 0.000000 0.000000 0.000000 0.000000 0.000000 0.000000 0.000000 0.000000 0.000000 0.000000 0.000000 
0.000000 0.000000 0.000000 0.000000 0.000000 0.000000 0.000000 0.000000 0.000000 0.000000 0.000000 0.000000 2.048000 2.048000 2.035000 2.028000 2.028000 2.020000 2.000000 2.000000 2.000000 2.000000 1.983000 1.972000 1.972000 1.966000 1.945000 0.000000 0.000000 0.000000 0.000000 0.000000 0.000000 0.000000 0.000000 0.000000 0.000000 0.000000 0.000000 0.000000 
0.000000 0.000000 0.000000 0.000000 0.000000 0.000000 0.000000 0.000000 0.000000 0.000000 0.000000 0.000000 2.057000 2.057000 2.048000 2.035000 2.028000 2.020000 2.000000 2.000000 2.000000 2.000000 1.992000 1.980000 1.972000 1.966000 1.945000 0.000000 0.000000 0.000000 0.000000 0.000000 0.000000 0.000000 0.000000 0.000000 0.000000 0.000000 0.000000 0.000000 
0.000000 0.000000 0.000000 0.000000 0.000000 0.000000 0.000000 0.000000 0.000000 0.000000 0.000000 0.000000 2.057000 2.057000 2.057000 2.041000 2.028000 2.020000 2.000000 2.000000 2.000000 2.000000 2.000000 1.987000 1.968000 1.957000 1.945000 0.000000 0.000000 0.000000 0.000000 0.000000 0.000000 0.000000 0.000000 0.000000 0.000000 0.000000 0.000000 0.000000 
0.000000 0.000000 0.000000 0.000000 0.000000 0.000000 0.000000 0.000000 0.000000 0.000000 0.000000 0.000000 2.057000 2.057000 2.057000 2.041000 2.028000 2.023000 2.007000 2.000000 2.000000 2.000000 2.000000 1.987000 1.963000 1.945000 1.945000 0.000000 0.000000 0.000000 0.000000 0.000000 0.000000 0.000000 0.000000 0.000000 0.000000 0.000000 0.000000 0.000000 
0.000000 0.000000 0.000000 0.000000 0.000000 0.000000 0.000000 0.000000 0.000000 0.000000 0.000000 0.000000 2.057000 2.057000 2.057000 2.041000 2.028000 2.028000 2.025000 2.004000 2.001000 2.000000 1.997000 1.985000 1.963000 1.945000 1.945000 0.000000 0.000000 0.000000 0.000000 0.000000 0.000000 0.000000 0.000000 0.000000 0.000000 0.000000 0.000000 0.000000 
0.000000 0.000000 0.000000 0.000000 0.000000 0.000000 0.000000 0.000000 0.000000 0.000000 0.000000 0.000000 2.057000 2.057000 2.057000 2.041000 2.028000 2.028000 2.028000 2.028000 2.004000 2.000000 1.983000 1.972000 1.963000 1.945000 1.945000 0.000000 0.000000 0.000000 0.000000 0.000000 0.000000 0.000000 0.000000 0.000000 0.000000 0.000000 0.000000 0.000000 
0.000000 0.000000 0.000000 0.000000 0.000000 0.000000 0.000000 0.000000 0.000000 0.000000 0.000000 0.000000 2.057000 2.057000 2.057000 2.041000 2.028000 2.028000 2.028000 2.028000 2.004000 2.000000 1.983000 1.972000 1.963000 1.945000 1.945000 0.000000 0.000000 0.000000 0.000000 0.000000 0.000000 0.000000 0.000000 0.000000 0.000000 0.000000 0.000000 0.000000 
0.000000 0.000000 0.000000 0.000000 0.000000 0.000000 0.000000 0.000000 0.000000 0.000000 0.000000 0.000000 2.057000 2.057000 2.057000 2.041000 2.028000 2.028000 2.028000 2.028000 2.022000 2.005000 1.983000 1.972000 1.963000 1.945000 1.945000 0.000000 0.000000 0.000000 0.000000 0.000000 0.000000 0.000000 0.000000 0.000000 0.000000 0.000000 0.000000 0.000000 
0.000000 0.000000 0.000000 0.000000 0.000000 0.000000 0.000000 0.000000 0.000000 0.000000 0.000000 0.000000 0.000000 2.321000 2.057000 2.041000 2.028000 2.028000 2.026000 2.011000 2.011000 2.003000 1.983000 1.972000 1.963000 1.945000 1.945000 0.000000 0.000000 0.000000 0.000000 0.000000 0.000000 0.000000 0.000000 0.000000 0.000000 0.000000 0.000000 0.000000 
0.000000 0.000000 0.000000 0.000000 0.000000 0.000000 0.000000 0.000000 0.000000 0.000000 0.000000 0.000000 0.000000 2.262000 2.043000 2.035000 2.028000 2.028000 2.024000 2.000000 2.000000 2.000000 1.983000 1.972000 1.967000 1.958000 1.958000 0.000000 0.000000 0.000000 0.000000 0.000000 0.000000 0.000000 0.000000 0.000000 0.000000 0.000000 0.000000 0.000000 
0.000000 0.000000 0.000000 0.000000 0.000000 0.000000 0.000000 0.000000 0.000000 0.000000 0.000000 0.000000 2.028000 2.028000 2.028000 2.028000 2.028000 2.028000 2.026000 2.010000 2.001000 2.000000 1.983000 1.972000 1.969000 1.962000 1.962000 0.000000 0.000000 0.000000 0.000000 0.000000 0.000000 0.000000 0.000000 0.000000 0.000000 0.000000 0.000000 0.000000 
0.000000 0.000000 0.000000 0.000000 0.000000 0.000000 0.000000 0.000000 0.000000 0.000000 0.000000 0.000000 2.022000 2.022000 2.026000 2.028000 2.028000 2.028000 2.028000 2.028000 2.004000 2.000000 1.987000 1.975000 1.963000 1.945000 1.945000 0.000000 0.000000 0.000000 0.000000 0.000000 0.000000 0.000000 0.000000 0.000000 0.000000 0.000000 0.000000 0.000000 
0.000000 0.000000 0.000000 0.000000 0.000000 0.000000 0.000000 0.000000 0.000000 0.000000 0.000000 0.000000 2.000000 2.000000 2.019000 2.028000 2.028000 2.028000 2.028000 2.028000 2.004000 2.000000 1.998000 1.985000 1.963000 1.945000 1.945000 0.000000 0.000000 0.000000 0.000000 0.000000 0.000000 0.000000 0.000000 0.000000 0.000000 0.000000 0.000000 0.000000 
0.000000 0.000000 0.000000 0.000000 0.000000 0.000000 0.000000 0.000000 0.000000 0.000000 0.000000 0.000000 2.000000 2.000000 2.019000 2.028000 2.028000 2.028000 2.028000 2.028000 2.004000 2.000000 1.984000 1.973000 1.963000 1.945000 1.945000 0.000000 0.000000 0.000000 0.000000 0.000000 0.000000 0.000000 0.000000 0.000000 0.000000 0.000000 0.000000 0.000000 
0.000000 0.000000 0.000000 0.000000 0.000000 0.000000 0.000000 0.000000 0.000000 0.000000 0.000000 0.000000 2.023000 2.023000 2.026000 2.028000 2.028000 2.028000 2.028000 2.028000 2.004000 2.000000 1.983000 1.972000 1.970000 1.963000 1.945000 0.000000 0.000000 0.000000 0.000000 0.000000 0.000000 0.000000 0.000000 0.000000 0.000000 0.000000 0.000000 0.000000 
0.000000 0.000000 0.000000 0.000000 0.000000 0.000000 0.000000 0.000000 0.000000 0.000000 0.000000 0.000000 2.068000 2.036000 2.028000 2.028000 2.028000 2.028000 2.025000 2.009000 1.984000 1.981000 1.987000 1.982000 1.972000 1.970000 1.964000 0.000000 0.000000 0.000000 0.000000 0.000000 0.000000 0.000000 0.000000 0.000000 0.000000 0.000000 0.000000 0.000000 
0.000000 0.000000 0.000000 0.000000 0.000000 0.000000 0.000000 0.000000 0.000000 0.000000 0.000000 0.000000 2.070000 2.049000 2.044000 2.044000 2.038000 2.024000 2.011000 2.000000 1.976000 1.972000 1.989000 1.987000 1.972000 1.972000 1.972000 0.000000 0.000000 0.000000 0.000000 0.000000 0.000000 0.000000 0.000000 0.000000 0.000000 0.000000 0.000000 0.000000 
0.000000 0.000000 0.000000 0.000000 0.000000 0.000000 0.000000 0.000000 0.000000 0.000000 0.000000 0.000000 2.057000 2.057000 2.057000 2.057000 2.045000 2.020000 2.000000 2.000000 1.986000 1.984000 1.994000 1.992000 1.980000 1.970000 1.961000 0.000000 0.000000 0.000000 0.000000 0.000000 0.000000 0.000000 0.000000 0.000000 0.000000 0.000000 0.000000 0.000000 
0.000000 0.000000 0.000000 0.000000 0.000000 0.000000 0.000000 0.000000 0.000000 0.000000 0.000000 0.000000 2.660000 2.177000 2.057000 2.057000 2.045000 2.023000 2.007000 2.000000 2.000000 2.000000 2.000000 2.000000 1.990000 1.966000 1.945000 0.000000 0.000000 0.000000 0.000000 0.000000 0.000000 0.000000 0.000000 0.000000 0.000000 0.000000 0.000000 0.000000 
0.000000 0.000000 0.000000 0.000000 0.000000 0.000000 0.000000 0.000000 0.000000 0.000000 0.000000 0.000000 0.000000 2.478000 2.071000 2.069000 2.053000 2.033000 2.029000 2.004000 2.004000 2.004000 2.004000 2.004000 1.995000 1.971000 1.949000 0.000000 0.000000 0.000000 0.000000 0.000000 0.000000 0.000000 0.000000 0.000000 0.000000 0.000000 0.000000 0.000000 
0.000000 0.000000 0.000000 0.000000 0.000000 0.000000 0.000000 0.000000 0.000000 0.000000 0.000000 0.000000 0.000000 2.590000 2.209000 2.159000 2.091000 2.057000 2.053000 2.029000 2.029000 2.029000 2.029000 2.028000 2.018000 1.994000 1.972000 0.000000 0.000000 0.000000 0.000000 0.000000 0.000000 0.000000 0.000000 0.000000 0.000000 0.000000 0.000000 0.000000 
0.000000 0.000000 0.000000 0.000000 0.000000 0.000000 0.000000 0.000000 0.000000 0.000000 0.000000 0.000000 0.000000 0.000000 0.000000 0.000000 2.061000 2.057000 2.057000 2.054000 2.054000 2.054000 2.054000 2.042000 2.018000 1.994000 1.972000 0.000000 0.000000 0.000000 0.000000 0.000000 0.000000 0.000000 0.000000 0.000000 0.000000 0.000000 0.000000 0.000000 
0.000000 0.000000 0.000000 0.000000 0.000000 0.000000 0.000000 0.000000 0.000000 0.000000 0.000000 0.000000 0.000000 0.000000 0.000000 0.000000 0.000000 2.057000 2.057000 2.057000 2.076000 2.079000 2.079000 2.076000 2.070000 2.443000 0.000000 0.000000 0.000000 0.000000 0.000000 0.000000 0.000000 0.000000 0.000000 0.000000 0.000000 0.000000 0.000000 0.000000 
