40 40
0.000000 0.000000 0.000000 0.000000 0.000000 0.000000 0.000000 0.000000 0.000000 0.000000 0.000000 0.000000 0.000000 0.000000 0.000000 0.000000 0.000000 0.000000 0.000000 0.000000 0.000000 0.000000 0.000000 0.000000 0.000000 0.000000 0.000000 0.000000 0.000000 0.000000 0.000000 0.000000 0.000000 0.000000 0.000000 0.000000 0.000000 0.000000 0.000000 0.000000 
0.000000 0.000000 0.000000 0.000000 0.000000 0.000000 0.000000 0.000000 0.000000 0.000000 2.000000 2.095000 2.259000 2.206000 2.082000 2.072000 2.072000 2.072000 2.062000 2.022000 2.000000 2.000000 2.000000 2.000000 2.000000 2.000000 2.000000 2.000000 2.000000 2.000000 0.000000 0.000000 0.000000 0.000000 0.000000 0.000000 0.000000 0.000000 0.000000 0.000000 
0.000000 0.000000 0.000000 0.000000 0.000000 0.000000 0.000000 0.000000 0.000000 0.000000 1.876000 2.011000 2.242000 2.235000 2.151000 2.120000 2.094000 2.081000 2.065000 2.038000 2.018000 2.005000 2.000000 2.000000 2.000000 2.000000 2.000000 2.000000 2.000000 2.000000 0.000000 0.000000 0.000000 0.000000 0.000000 0.000000 0.000000 0.000000 0.000000 0.000000 
0.000000 0.000000 0.000000 0.000000 0.000000 0.000000 0.000000 0.000000 0.000000 0.000000 1.663000 1.866000 2.213000 2.286000 2.270000 2.201000 2.132000 2.098000 2.071000 2.065000 2.048000 2.014000 2.000000 2.000000 2.000000 2.000000 2.000000 2.000000 2.000000 2.000000 0.000000 0.000000 0.000000 0.000000 0.000000 0.000000 0.000000 0.000000 0.000000 0.000000 
0.000000 0.000000 0.000000 0.000000 0.000000 0.000000 0.000000 0.000000 0.000000 0.000000 1.611000 1.831000 2.206000 2.299000 2.299000 2.221000 2.141000 2.101000 2.068000 2.052000 2.032000 2.009000 2.000000 2.000000 2.000000 2.000000 2.000000 1.998000 1.983000 1.972000 0.000000 0.000000 0.000000 0.000000 0.000000 0.000000 0.000000 0.000000 0.000000 0.000000 
0.000000 0.000000 0.000000 0.000000 0.000000 0.000000 0.000000 0.000000 0.000000 0.000000 1.611000 1.831000 2.206000 2.299000 2.299000 2.221000 2.141000 2.101000 2.062000 2.025000 2.002000 2.001000 2.000000 2.000000 2.000000 2.000000 2.000000 1.996000 1.960000 1.934000 0.000000 0.000000 0.000000 0.000000 0.000000 0.000000 0.000000 0.000000 0.000000 0.000000 
0.000000 0.000000 0.000000 0.000000 0.000000 0.000000 0.000000 0.000000 0.000000 0.000000 1.524000 1.633000 1.819000 2.028000 2.243000 2.202000 2.141000 2.101000 2.062000 2.022000 1.992000 1.973000 1.965000 1.965000 1.980000 1.999000 2.000000 1.996000 1.958000 1.931000 0.000000 0.000000 0.000000 0.000000 0.000000 0.000000 0.000000 0.000000 0.000000 0.000000 
0.000000 0.000000 0.000000 0.000000 0.000000 0.000000 0.000000 0.000000 0.000000 0.000000 1.438000 1.438000 1.438000 1.760000 2.188000 2.183000 2.141000 2.101000 2.062000 2.022000 1.984000 1.946000 1.931000 1.931000 1.958000 1.994000 1.997000 1.993000 1.957000 1.931000 0.000000 0.000000 0.000000 0.000000 0.000000 0.000000 0.000000 0.000000 0.000000 0.000000 
0.000000 0.000000 0.000000 0.000000 0.000000 0.000000 0.000000 0.000000 0.000000 0.000000 1.438000 1.438000 1.438000 1.760000 2.188000 2.183000 2.141000 2.101000 2.062000 2.022000 1.984000 1.946000 1.931000 1.931000 1.943000 1.958000 1.959000 1.957000 1.942000 1.931000 0.000000 0.000000 0.000000 0.000000 0.000000 0.000000 0.000000 0.000000 0.000000 0.000000 
0.000000 0.000000 0.000000 0.000000 0.000000 0.000000 0.000000 0.000000 0.000000 0.000000 1.446000 1.446000 1.446000 1.760000 2.178000 2.177000 2.141000 2.101000 2.062000 2.022000 1.984000 1.946000 1.931000 1.931000 1.931000 1.931000 1.931000 1.931000 1.931000 1.931000 0.000000 0.000000 0.000000 0.000000 0.000000 0.000000 0.000000 0.000000 0.000000 0.000000 
0.000000 0.000000 0.000000 0.000000 0.000000 0.000000 0.000000 0.000000 0.000000 0.000000 1.477000 1.477000 1.477000 1.761000 2.139000 2.157000 2.141000 2.101000 2.062000 2.022000 1.984000 1.946000 1.931000 1.931000 1.931000 1.931000 1.931000 1.931000 1.931000 1.931000 0.000000 0.000000 0.000000 0.000000 0.000000 0.000000 0.000000 0.000000 0.000000 0.000000 
0.000000 0.000000 0.000000 0.000000 0.000000 0.000000 0.000000 0.000000 0.000000 0.000000 1.664000 1.664000 1.664000 1.855000 2.108000 2.128000 2.125000 2.095000 2.062000 2.022000 1.984000 1.946000 1.931000 1.931000 1.931000 1.931000 1.931000 1.931000 1.931000 1.931000 0.000000 0.000000 0.000000 0.000000 0.000000 0.000000 0.000000 0.000000 0.000000 0.000000 
0.000000 0.000000 0.000000 0.000000 0.000000 0.000000 0.000000 0.000000 0.000000 0.000000 2.061000 2.061000 2.061000 2.072000 2.087000 2.088000 2.087000 2.078000 2.062000 2.022000 1.984000 1.946000 1.931000 1.931000 1.931000 1.931000 1.931000 1.931000 1.931000 1.931000 0.000000 0.000000 0.000000 0.000000 0.000000 0.000000 0.000000 0.000000 0.000000 0.000000 
0.000000 0.000000 0.000000 0.000000 0.000000 0.000000 0.000000 0.000000 0.000000 0.000000 2.221000 2.221000 2.221000 2.160000 2.078000 2.060000 2.048000 2.048000 2.042000 2.015000 1.989000 1.964000 1.954000 1.954000 1.954000 1.954000 1.942000 1.930000 1.918000 1.909000 0.000000 0.000000 0.000000 0.000000 0.000000 0.000000 0.000000 0.000000 0.000000 0.000000 
0.000000 0.000000 0.000000 0.000000 0.000000 0.000000 0.000000 0.000000 0.000000 0.000000 2.221000 2.221000 2.221000 2.160000 2.078000 2.040000 2.009000 2.009000 2.008000 2.003000 1.998000 1.993000 1.991000 1.991000 1.991000 1.991000 1.960000 1.928000 1.895000 1.872000 0.000000 0.000000 0.000000 0.000000 0.000000 0.000000 0.000000 0.000000 0.000000 0.000000 
0.000000 0.000000 0.000000 0.000000 0.000000 0.000000 0.000000 0.000000 0.000000 0.000000 2.221000 2.221000 2.221000 2.160000 2.078000 2.036000 2.000000 2.000000 2.000000 2.000000 2.000000 2.000000 2.000000 2.000000 2.000000 2.000000 1.965000 1.926000 1.873000 1.835000 0.000000 0.000000 0.000000 0.000000 0.000000 0.000000 0.000000 0.000000 0.000000 0.000000 
0.000000 0.000000 0.000000 0.000000 0.000000 0.000000 0.000000 0.000000 0.000000 0.000000 2.221000 2.221000 2.221000 2.160000 2.078000 2.036000 2.000000 2.000000 2.000000 2.000000 2.000000 2.000000 2.000000 2.000000 2.000000 2.000000 1.965000 1.923000 1.852000 1.799000 0.000000 0.000000 0.000000 0.000000 0.000000 0.000000 0.000000 0.000000 0.000000 0.000000 
0.000000 0.000000 0.000000 0.000000 0.000000 0.000000 0.000000 0.000000 0.000000 0.000000 2.221000 2.221000 2.221000 2.175000 2.114000 2.054000 2.000000 2.000000 2.000000 2.000000 2.000000 2.000000 2.000000 2.000000 2.000000 2.000000 1.965000 1.923000 1.850000 1.797000 0.000000 0.000000 0.000000 0.000000 0.000000 0.000000 0.000000 0.000000 0.000000 0.000000 
0.000000 0.000000 0.000000 0.000000 0.000000 0.000000 0.000000 0.000000 0.000000 0.000000 2.221000 2.221000 2.221000 2.190000 2.148000 2.074000 2.004000 2.002000 2.000000 2.000000 2.000000 2.000000 2.000000 2.000000 1.998000 1.996000 1.963000 1.923000 1.850000 1.797000 0.000000 0.000000 0.000000 0.000000 0.000000 0.000000 0.000000 0.000000 0.000000 0.000000 
0.000000 0.000000 0.000000 0.000000 0.000000 0.000000 0.000000 0.000000 0.000000 0.000000 2.221000 2.221000 2.221000 2.190000 2.148000 2.094000 2.041000 2.018000 2.000000 2.000000 2.000000 2.000000 2.000000 2.000000 1.983000 1.960000 1.944000 1.923000 1.850000 1.797000 0.000000 0.000000 0.000000 0.000000 0.000000 0.000000 0.000000 0.000000 0.000000 0.000000 
0.000000 0.000000 0.000000 0.000000 0.000000 0.000000 0.000000 0.000000 0.000000 0.000000 2.199000 2.199000 2.199000 2.172000 2.137000 2.103000 2.068000 2.029000 2.000000 2.000000 2.000000 2.000000 1.997000 1.991000 1.965000 1.933000 1.931000 1.923000 1.850000 1.797000 0.000000 0.000000 0.000000 0.000000 0.000000 0.000000 0.000000 0.000000 0.000000 0.000000 
0.000000 0.000000 0.000000 0.000000 0.000000 0.000000 0.000000 0.000000 0.000000 0.000000 2.117000 2.117000 2.117000 2.108000 2.095000 2.083000 2.068000 2.029000 2.000000 2.000000 2.000000 2.000000 1.984000 1.958000 1.943000 1.932000 1.931000 1.923000 1.850000 1.797000 0.000000 0.000000 0.000000 0.000000 0.000000 0.000000 0.000000 0.000000 0.000000 0.000000 
0.000000 0.000000 0.000000 0.000000 0.000000 0.000000 0.000000 0.000000 0.000000 0.000000 2.055000 2.060000 2.070000 2.072000 2.072000 2.072000 2.068000 2.029000 2.000000 2.000000 2.000000 2.000000 1.977000 1.940000 1.931000 1.931000 1.931000 1.869000 1.281000 0.000000 0.000000 0.000000 0.000000 0.000000 0.000000 0.000000 0.000000 0.000000 0.000000 0.000000 
0.000000 0.000000 0.000000 0.000000 0.000000 0.000000 0.000000 0.000000 0.000000 0.000000 2.015000 2.033000 2.064000 2.072000 2.072000 2.072000 2.068000 2.029000 2.000000 2.000000 2.000000 2.000000 1.977000 1.940000 1.931000 1.931000 1.931000 1.748000 0.000000 0.000000 0.000000 0.000000 0.000000 0.000000 0.000000 0.000000 0.000000 0.000000 0.000000 0.000000 
0.000000 0.000000 0.000000 0.000000 0.000000 0.000000 0.000000 0.000000 0.000000 0.000000 2.000000 2.015000 2.042000 2.048000 2.048000 2.048000 2.046000 2.019000 2.000000 2.000000 2.000000 2.000000 1.977000 1.940000 1.931000 1.931000 1.931000 1.700000 0.000000 0.000000 0.000000 0.000000 0.000000 0.000000 0.000000 0.000000 0.000000 0.000000 0.000000 0.000000 
0.000000 0.000000 0.000000 0.000000 0.000000 0.000000 0.000000 0.000000 0.000000 0.000000 2.000000 2.003000 2.007000 2.009000 2.009000 2.009000 2.008000 2.003000 2.000000 2.000000 2.000000 2.000000 1.977000 1.940000 1.931000 1.931000 1.931000 1.700000 0.000000 0.000000 0.000000 0.000000 0.000000 0.000000 0.000000 0.000000 0.000000 0.000000 0.000000 0.000000 
0.000000 0.000000 0.000000 0.000000 0.000000 0.000000 0.000000 0.000000 0.000000 0.000000 2.000000 2.000000 2.000000 2.000000 2.000000 2.000000 2.000000 2.000000 2.000000 2.000000 1.993000 1.977000 1.958000 1.936000 1.931000 1.931000 1.931000 1.799000 0.000000 0.000000 0.000000 0.000000 0.000000 0.000000 0.000000 0.000000 0.000000 0.000000 0.000000 0.000000 
0.000000 0.000000 0.000000 0.000000 0.000000 0.000000 0.000000 0.000000 0.000000 0.000000 2.000000 2.000000 2.000000 2.000000 2.000000 2.000000 2.000000 2.000000 2.000000 2.000000 1.984000 1.948000 1.932000 1.931000 1.931000 1.931000 1.931000 1.925000 1.863000 1.819000 0.000000 0.000000 0.000000 0.000000 0.000000 0.000000 0.000000 0.000000 0.000000 0.000000 
0.000000 0.000000 0.000000 0.000000 0.000000 0.000000 0.000000 0.000000 0.000000 0.000000 2.000000 1.989000 1.969000 1.964000 1.964000 1.982000 2.000000 2.000000 1.995000 1.975000 1.956000 1.938000 1.931000 1.931000 1.931000 1.931000 1.931000 1.933000 1.953000 1.967000 0.000000 0.000000 0.000000 0.000000 0.000000 0.000000 0.000000 0.000000 0.000000 0.000000 
0.000000 0.000000 0.000000 0.000000 0.000000 0.000000 0.000000 0.000000 0.000000 0.000000 2.000000 1.978000 1.940000 1.931000 1.931000 1.966000 2.000000 2.000000 1.990000 1.953000 1.931000 1.931000 1.931000 1.931000 1.931000 1.931000 1.931000 1.920000 1.813000 1.735000 0.000000 0.000000 0.000000 0.000000 0.000000 0.000000 0.000000 0.000000 0.000000 0.000000 
0.000000 0.000000 0.000000 0.000000 0.000000 0.000000 0.000000 0.000000 0.000000 0.000000 2.000000 1.978000 1.940000 1.931000 1.931000 1.966000 2.000000 2.000000 1.990000 1.953000 1.931000 1.931000 1.931000 1.931000 1.931000 1.931000 1.931000 1.791000 0.000000 0.000000 0.000000 0.000000 0.000000 0.000000 0.000000 0.000000 0.000000 0.000000 0.000000 0.000000 
0.000000 0.000000 0.000000 0.000000 0.000000 0.000000 0.000000 0.000000 0.000000 0.000000 1.989000 1.971000 1.939000 1.935000 1.941000 1.971000 1.999000 1.994000 1.981000 1.949000 1.931000 1.931000 1.931000 1.931000 1.927000 1.921000 1.920000 1.690000 0.000000 0.000000 0.000000 0.000000 0.000000 0.000000 0.000000 0.000000 0.000000 0.000000 0.000000 0.000000 
0.000000 0.000000 0.000000 0.000000 0.000000 0.000000 0.000000 0.000000 0.000000 0.000000 1.952000 1.945000 1.934000 1.951000 1.977000 1.990000 1.998000 1.971000 1.949000 1.937000 1.931000 1.931000 1.931000 1.931000 1.911000 1.885000 1.883000 1.655000 0.000000 0.000000 0.000000 0.000000 0.000000 0.000000 0.000000 0.000000 0.000000 0.000000 0.000000 0.000000 
0.000000 0.000000 0.000000 0.000000 0.000000 0.000000 0.000000 0.000000 0.000000 0.000000 1.914000 1.914000 1.914000 1.942000 1.980000 1.991000 1.997000 1.959000 1.931000 1.931000 1.931000 1.931000 1.925000 1.916000 1.879000 1.834000 1.341000 0.000000 0.000000 0.000000 0.000000 0.000000 0.000000 0.000000 0.000000 0.000000 0.000000 0.000000 0.000000 0.000000 
0.000000 0.000000 0.000000 0.000000 0.000000 0.000000 0.000000 0.000000 0.000000 0.000000 1.877000 1.877000 1.877000 1.905000 1.942000 1.973000 1.997000 1.959000 1.931000 1.931000 1.931000 1.931000 1.913000 1.884000 1.828000 1.765000 0.000000 0.000000 0.000000 0.000000 0.000000 0.000000 0.000000 0.000000 0.000000 0.000000 0.000000 0.000000 0.000000 0.000000 
0.000000 0.000000 0.000000 0.000000 0.000000 0.000000 0.000000 0.000000 0.000000 0.000000 1.840000 1.840000 1.840000 1.878000 1.927000 1.954000 1.975000 1.963000 1.951000 1.938000 1.931000 1.931000 1.909000 1.872000 1.809000 1.739000 0.000000 0.000000 0.000000 0.000000 0.000000 0.000000 0.000000 0.000000 0.000000 0.000000 0.000000 0.000000 0.000000 0.000000 
0.000000 0.000000 0.000000 0.000000 0.000000 0.000000 0.000000 0.000000 0.000000 0.000000 1.804000 1.804000 1.804000 1.857000 1.926000 1.935000 1.941000 1.971000 1.984000 1.950000 1.931000 1.931000 1.909000 1.872000 1.809000 1.739000 0.000000 0.000000 0.000000 0.000000 0.000000 0.000000 0.000000 0.000000 0.000000 0.000000 0.000000 0.000000 0.000000 0.000000 
0.000000 0.000000 0.000000 0.000000 0.000000 0.000000 0.000000 0.000000 0.000000 0.000000 1.797000 1.797000 1.797000 1.852000 1.925000 1.931000 1.934000 1.972000 1.990000 1.953000 1.931000 1.931000 1.909000 1.872000 1.809000 1.739000 0.000000 0.000000 0.000000 0.000000 0.000000 0.000000 0.000000 0.000000 0.000000 0.000000 0.000000 0.000000 0.000000 0.000000 
0.000000 0.000000 0.000000 0.000000 0.000000 0.000000 0.000000 0.000000 0.000000 0.000000 0.000000 0.000000 0.000000 0.000000 0.000000 0.000000 0.000000 0.000000 0.000000 0.000000 0.000000 0.000000 0.000000 0.000000 0.000000 0.000000 0.000000 0.000000 0.000000 0.000000 0.000000 0.000000 0.000000 0.000000 0.000000 0.000000 0.000000 0.000000 0.000000 0.000000 
0.000000 0.000000 0.000000 0.000000 0.000000 0.000000 0.000000 0.000000 0.000000 0.000000 0.000000 0.000000 0.000000 0.000000 0.000000 0.000000 0.000000 0.000000 0.000000 0.000000 0.000000 0.000000 0.000000 0.000000 0.000000 0.000000 0.000000 0.000000 0.000000 0.000000 0.000000 0.000000 0.000000 0.000000 0.000000 0.000000 0.000000 0.000000 0.000000 0.000000 
