0.000000,0.000000,0.000000,0.000000,0.000000,0.000000,0.000000,0.000000,0.000000,0.000000,0.000000,0.000000,0.000000,0.000000,0.000000,0.000000,0.000000,0.000000,0.000000,0.000000,2.055000,1.946000,1.965000,1.958000,1.946000,1.946000,2.316000,0.000000,0.000000,0.000000,0.000000,0.000000,0.000000,0.000000,0.000000,0.000000,0.000000,0.000000,0.000000,0.000000,
0.000000,0.000000,0.000000,0.000000,0.000000,0.000000,0.000000,0.000000,0.000000,0.000000,0.000000,0.000000,0.000000,0.000000,0.000000,0.000000,0.000000,0.000000,0.000000,2.318000,1.969000,1.946000,1.965000,1.958000,1.946000,1.946000,2.020000,2.426000,0.000000,0.000000,0.000000,0.000000,0.000000,0.000000,0.000000,0.000000,0.000000,0.000000,0.000000,0.000000,
0.000000,0.000000,0.000000,0.000000,0.000000,0.000000,0.000000,0.000000,0.000000,0.000000,0.000000,0.000000,0.000000,0.000000,0.000000,0.000000,0.000000,0.000000,0.000000,1.998000,1.967000,1.965000,1.970000,1.968000,1.965000,1.965000,1.966000,2.012000,2.505000,0.000000,0.000000,0.000000,0.000000,0.000000,0.000000,0.000000,0.000000,0.000000,0.000000,0.000000,
0.000000,0.000000,0.000000,0.000000,0.000000,0.000000,0.000000,0.000000,0.000000,0.000000,0.000000,0.000000,0.000000,0.000000,0.000000,0.000000,0.000000,2.761000,2.611000,1.984000,1.974000,1.961000,1.958000,1.958000,1.958000,1.963000,1.973000,1.973000,1.973000,2.620000,0.000000,0.000000,0.000000,0.000000,0.000000,0.000000,0.000000,0.000000,0.000000,0.000000,
0.000000,0.000000,0.000000,0.000000,0.000000,0.000000,0.000000,0.000000,0.000000,0.000000,0.000000,0.000000,0.000000,0.000000,0.000000,0.000000,2.560000,1.973000,1.973000,1.973000,1.973000,1.951000,1.946000,1.946000,1.946000,1.955000,1.973000,1.973000,1.973000,1.973000,0.000000,0.000000,0.000000,0.000000,0.000000,0.000000,0.000000,0.000000,0.000000,0.000000,
0.000000,0.000000,0.000000,0.000000,0.000000,0.000000,0.000000,0.000000,0.000000,0.000000,0.000000,0.000000,0.000000,2.249000,2.000000,1.981000,1.973000,1.973000,1.973000,1.973000,1.973000,1.951000,1.946000,1.946000,1.946000,1.952000,1.966000,1.973000,1.973000,1.973000,0.000000,0.000000,0.000000,0.000000,0.000000,0.000000,0.000000,0.000000,0.000000,0.000000,
0.000000,0.000000,0.000000,0.000000,0.000000,0.000000,0.000000,2.768000,2.169000,2.585000,0.000000,0.000000,2.090000,2.000000,1.981000,1.973000,1.973000,1.973000,1.973000,1.973000,1.973000,1.951000,1.946000,1.946000,1.946000,1.946000,1.951000,1.973000,1.973000,1.973000,0.000000,0.000000,0.000000,0.000000,0.000000,0.000000,0.000000,0.000000,0.000000,0.000000,
0.000000,0.000000,0.000000,0.000000,0.000000,0.000000,2.682000,2.186000,2.146000,2.094000,2.051000,2.026000,2.002000,2.000000,1.981000,1.973000,1.973000,1.973000,1.973000,1.973000,1.973000,1.951000,1.946000,1.947000,1.948000,1.948000,1.953000,1.973000,1.973000,1.973000,0.000000,0.000000,0.000000,0.000000,0.000000,0.000000,0.000000,0.000000,0.000000,0.000000,
0.000000,0.000000,0.000000,0.000000,0.000000,2.580000,2.216000,2.159000,2.120000,2.077000,2.051000,2.026000,2.002000,2.000000,1.981000,1.973000,1.973000,1.973000,1.973000,1.973000,1.973000,1.951000,1.946000,1.960000,1.971000,1.971000,1.972000,1.973000,1.973000,1.973000,2.048000,0.000000,0.000000,0.000000,0.000000,0.000000,0.000000,0.000000,0.000000,0.000000,
0.000000,0.000000,0.000000,0.000000,2.470000,2.214000,2.134000,2.122000,2.104000,2.076000,2.051000,2.026000,2.002000,2.000000,1.981000,1.973000,1.973000,1.973000,1.973000,1.973000,1.973000,1.969000,1.968000,1.971000,1.973000,1.973000,1.973000,1.973000,1.973000,1.973000,1.973000,0.000000,0.000000,0.000000,0.000000,0.000000,0.000000,0.000000,0.000000,0.000000,
0.000000,0.000000,0.000000,0.000000,2.174000,2.150000,2.123000,2.103000,2.090000,2.076000,2.051000,2.027000,2.020000,2.004000,1.994000,1.981000,1.973000,1.973000,1.973000,1.973000,1.973000,1.973000,1.973000,1.973000,1.973000,1.973000,1.973000,1.973000,1.973000,1.973000,1.973000,2.292000,0.000000,0.000000,0.000000,0.000000,0.000000,0.000000,0.000000,0.000000,
0.000000,0.000000,0.000000,0.000000,2.174000,2.150000,2.123000,2.098000,2.085000,2.076000,2.054000,2.043000,2.029000,2.005000,2.000000,1.985000,1.973000,1.973000,1.973000,1.973000,1.973000,1.973000,1.973000,1.973000,1.973000,1.973000,1.973000,1.972000,1.959000,1.958000,1.958000,1.958000,2.788000,0.000000,0.000000,0.000000,0.000000,0.000000,0.000000,0.000000,
0.000000,0.000000,0.000000,0.000000,2.174000,2.150000,2.123000,2.098000,2.085000,2.076000,2.056000,2.055000,2.041000,2.018000,2.012000,1.997000,1.980000,1.973000,1.975000,1.984000,1.974000,1.973000,1.973000,1.973000,1.973000,1.973000,1.973000,1.971000,1.947000,1.946000,1.946000,1.946000,2.795000,0.000000,0.000000,0.000000,0.000000,0.000000,0.000000,0.000000,
0.000000,0.000000,0.000000,0.000000,2.164000,2.148000,2.123000,2.103000,2.090000,2.079000,2.063000,2.056000,2.056000,2.033000,2.028000,2.012000,1.992000,1.982000,1.985000,1.998000,1.975000,1.973000,1.973000,1.973000,1.973000,1.973000,1.973000,1.972000,1.956000,1.955000,1.949000,1.946000,2.795000,0.000000,0.000000,0.000000,0.000000,0.000000,0.000000,0.000000,
0.000000,0.000000,0.000000,0.000000,2.144000,2.144000,2.123000,2.114000,2.104000,2.089000,2.081000,2.061000,2.056000,2.038000,2.030000,2.012000,2.000000,2.000000,2.000000,1.998000,1.975000,1.973000,1.973000,1.973000,1.973000,1.973000,1.973000,1.973000,1.973000,1.973000,1.954000,1.946000,2.634000,0.000000,0.000000,0.000000,0.000000,0.000000,0.000000,0.000000,
0.000000,0.000000,0.000000,0.000000,2.142000,2.142000,2.123000,2.114000,2.114000,2.105000,2.085000,2.083000,2.060000,2.056000,2.037000,2.012000,2.000000,2.000000,2.000000,1.998000,1.976000,1.975000,1.975000,1.975000,1.975000,1.974000,1.973000,1.973000,1.973000,1.973000,1.955000,1.948000,1.959000,2.536000,0.000000,0.000000,0.000000,0.000000,0.000000,0.000000,
0.000000,0.000000,0.000000,0.000000,2.116000,2.116000,2.115000,2.114000,2.114000,2.105000,2.085000,2.085000,2.083000,2.061000,2.037000,2.012000,2.000000,2.000000,2.000000,2.000000,1.999000,1.998000,1.998000,1.998000,1.998000,1.990000,1.973000,1.973000,1.973000,1.973000,1.972000,1.971000,1.972000,2.007000,2.442000,0.000000,0.000000,0.000000,0.000000,0.000000,
0.000000,0.000000,0.000000,0.000000,2.114000,2.114000,2.114000,2.114000,2.114000,2.105000,2.085000,2.085000,2.085000,2.061000,2.037000,2.012000,2.000000,2.000000,2.000000,2.000000,2.000000,2.000000,2.000000,2.000000,2.000000,1.991000,1.973000,1.973000,1.973000,1.973000,1.973000,1.973000,1.973000,1.973000,2.357000,0.000000,0.000000,0.000000,0.000000,0.000000,
0.000000,0.000000,0.000000,0.000000,0.000000,2.322000,2.094000,2.094000,2.103000,2.105000,2.085000,2.085000,2.085000,2.061000,2.037000,2.012000,2.000000,2.000000,2.000000,2.000000,2.000000,2.000000,2.000000,2.000000,2.000000,1.991000,1.973000,1.973000,1.973000,1.973000,1.973000,1.973000,1.973000,1.973000,2.357000,0.000000,0.000000,0.000000,0.000000,0.000000,
0.000000,0.000000,0.000000,0.000000,0.000000,2.407000,2.085000,2.085000,2.098000,2.110000,2.101000,2.100000,2.086000,2.075000,2.053000,2.019000,2.000000,2.000000,2.000000,2.000000,2.000000,2.000000,2.000000,2.000000,2.000000,1.991000,1.973000,1.973000,1.973000,1.973000,1.973000,1.973000,1.973000,1.973000,2.139000,2.812000,0.000000,0.000000,0.000000,0.000000,
0.000000,0.000000,0.000000,0.000000,0.000000,2.406000,2.098000,2.098000,2.111000,2.127000,2.125000,2.112000,2.087000,2.085000,2.065000,2.031000,2.007000,2.000000,2.000000,2.000000,2.000000,2.000000,2.000000,2.000000,1.995000,1.983000,1.973000,1.973000,1.973000,1.973000,1.973000,1.973000,1.973000,1.973000,1.973000,1.973000,0.000000,0.000000,0.000000,0.000000,
0.000000,0.000000,0.000000,0.000000,0.000000,2.827000,2.280000,2.124000,2.133000,2.144000,2.138000,2.112000,2.087000,2.085000,2.065000,2.040000,2.016000,2.000000,2.000000,2.000000,2.000000,2.000000,2.000000,2.000000,1.988000,1.973000,1.973000,1.973000,1.973000,1.973000,1.973000,1.973000,1.973000,1.973000,1.973000,1.973000,0.000000,0.000000,0.000000,0.000000,
0.000000,0.000000,0.000000,0.000000,0.000000,0.000000,2.632000,2.144000,2.144000,2.142000,2.134000,2.112000,2.087000,2.085000,2.065000,2.043000,2.021000,2.005000,2.004000,2.000000,2.000000,2.000000,2.000000,2.000000,1.988000,1.973000,1.973000,1.973000,1.973000,1.973000,1.973000,1.973000,1.973000,1.973000,1.973000,1.973000,0.000000,0.000000,0.000000,0.000000,
0.000000,0.000000,0.000000,0.000000,0.000000,0.000000,2.634000,2.144000,2.144000,2.135000,2.114000,2.112000,2.087000,2.085000,2.066000,2.057000,2.045000,2.030000,2.025000,2.002000,2.002000,2.000000,2.000000,2.000000,1.988000,1.973000,1.973000,1.973000,1.973000,1.973000,1.973000,1.973000,1.973000,1.973000,1.973000,1.973000,0.000000,0.000000,0.000000,0.000000,
0.000000,0.000000,0.000000,0.000000,0.000000,0.000000,2.652000,2.144000,2.144000,2.135000,2.114000,2.112000,2.087000,2.085000,2.084000,2.068000,2.055000,2.054000,2.049000,2.026000,2.026000,2.005000,2.000000,2.000000,1.988000,1.973000,1.973000,1.973000,1.973000,1.973000,1.973000,1.973000,1.973000,1.973000,1.973000,1.973000,0.000000,0.000000,0.000000,0.000000,
0.000000,0.000000,0.000000,0.000000,0.000000,0.000000,0.000000,2.729000,2.133000,2.118000,2.114000,2.112000,2.087000,2.085000,2.085000,2.069000,2.056000,2.056000,2.055000,2.049000,2.029000,2.024000,2.007000,2.000000,1.988000,1.973000,1.973000,1.973000,1.973000,1.973000,1.973000,1.973000,1.973000,1.973000,1.973000,1.973000,0.000000,0.000000,0.000000,0.000000,
0.000000,0.000000,0.000000,0.000000,0.000000,0.000000,0.000000,0.000000,2.796000,2.114000,2.114000,2.112000,2.087000,2.085000,2.085000,2.080000,2.067000,2.056000,2.056000,2.054000,2.030000,2.028000,2.009000,2.000000,1.996000,1.986000,1.973000,1.973000,1.973000,1.973000,1.973000,1.973000,1.973000,1.973000,1.973000,1.973000,0.000000,0.000000,0.000000,0.000000,
0.000000,0.000000,0.000000,0.000000,0.000000,0.000000,0.000000,0.000000,0.000000,2.114000,2.114000,2.112000,2.087000,2.085000,2.085000,2.076000,2.063000,2.056000,2.059000,2.071000,2.046000,2.031000,2.020000,2.007000,2.000000,1.991000,1.973000,1.973000,1.973000,1.973000,1.973000,1.973000,1.973000,1.973000,1.973000,1.973000,0.000000,0.000000,0.000000,0.000000,
0.000000,0.000000,0.000000,0.000000,0.000000,0.000000,0.000000,0.000000,0.000000,2.114000,2.114000,2.112000,2.087000,2.085000,2.085000,2.069000,2.056000,2.056000,2.062000,2.083000,2.058000,2.033000,2.028000,2.019000,2.007000,1.995000,1.983000,1.973000,1.973000,1.973000,1.973000,1.973000,1.973000,1.973000,1.973000,1.973000,0.000000,0.000000,0.000000,0.000000,
0.000000,0.000000,0.000000,0.000000,0.000000,0.000000,0.000000,0.000000,0.000000,2.467000,2.112000,2.103000,2.086000,2.085000,2.085000,2.069000,2.056000,2.056000,2.060000,2.074000,2.057000,2.033000,2.028000,2.028000,2.016000,2.000000,1.996000,1.982000,1.982000,1.982000,1.976000,1.973000,1.973000,1.973000,1.973000,1.973000,0.000000,0.000000,0.000000,0.000000,
0.000000,0.000000,0.000000,0.000000,0.000000,0.000000,0.000000,0.000000,0.000000,0.000000,2.109000,2.085000,2.085000,2.085000,2.085000,2.069000,2.056000,2.056000,2.056000,2.056000,2.056000,2.038000,2.030000,2.028000,2.016000,2.000000,2.000000,2.000000,2.000000,2.000000,1.981000,1.973000,1.973000,1.973000,1.973000,1.973000,0.000000,0.000000,0.000000,0.000000,
0.000000,0.000000,0.000000,0.000000,0.000000,0.000000,0.000000,0.000000,0.000000,0.000000,2.203000,2.085000,2.085000,2.085000,2.085000,2.070000,2.057000,2.056000,2.056000,2.056000,2.056000,2.056000,2.037000,2.027000,2.014000,2.000000,2.000000,2.000000,2.000000,2.000000,1.981000,1.973000,1.973000,1.973000,1.973000,1.973000,0.000000,0.000000,0.000000,0.000000,
0.000000,0.000000,0.000000,0.000000,0.000000,0.000000,0.000000,0.000000,0.000000,0.000000,0.000000,2.085000,2.085000,2.085000,2.085000,2.084000,2.071000,2.056000,2.056000,2.056000,2.056000,2.056000,2.037000,2.013000,2.001000,2.000000,2.000000,2.000000,2.000000,2.000000,1.981000,1.973000,1.973000,1.973000,1.973000,1.973000,0.000000,0.000000,0.000000,0.000000,
0.000000,0.000000,0.000000,0.000000,0.000000,0.000000,0.000000,0.000000,0.000000,0.000000,0.000000,2.109000,2.109000,2.109000,2.109000,2.095000,2.083000,2.080000,2.075000,2.056000,2.056000,2.056000,2.037000,2.012000,2.000000,2.000000,1.996000,1.978000,1.978000,1.978000,1.974000,1.973000,1.973000,1.973000,1.973000,1.973000,0.000000,0.000000,0.000000,0.000000,
0.000000,0.000000,0.000000,0.000000,0.000000,0.000000,0.000000,0.000000,0.000000,0.000000,0.000000,2.155000,2.136000,2.118000,2.114000,2.098000,2.085000,2.085000,2.083000,2.076000,2.076000,2.060000,2.037000,2.012000,2.000000,1.994000,1.980000,1.973000,1.973000,1.973000,1.960000,1.954000,1.954000,1.954000,1.958000,1.973000,0.000000,0.000000,0.000000,0.000000,
0.000000,0.000000,0.000000,0.000000,0.000000,0.000000,0.000000,0.000000,0.000000,0.000000,0.000000,2.172000,2.146000,2.134000,2.119000,2.098000,2.085000,2.085000,2.085000,2.085000,2.085000,2.061000,2.037000,2.012000,2.000000,1.991000,1.973000,1.973000,1.973000,1.973000,1.954000,1.946000,1.946000,1.946000,1.951000,1.973000,0.000000,0.000000,0.000000,0.000000,
0.000000,0.000000,0.000000,0.000000,0.000000,0.000000,0.000000,0.000000,0.000000,0.000000,0.000000,2.186000,2.159000,2.146000,2.123000,2.098000,2.085000,2.085000,2.085000,2.085000,2.085000,2.061000,2.037000,2.012000,2.000000,1.991000,1.973000,1.973000,1.973000,1.973000,1.954000,1.946000,1.946000,2.232000,2.836000,2.848000,0.000000,0.000000,0.000000,0.000000,
0.000000,0.000000,0.000000,0.000000,0.000000,0.000000,0.000000,0.000000,0.000000,0.000000,0.000000,2.203000,2.176000,2.150000,2.123000,2.098000,2.085000,2.085000,2.085000,2.084000,2.076000,2.052000,2.027000,2.008000,2.000000,1.991000,1.973000,1.973000,1.973000,1.973000,1.954000,1.946000,2.222000,0.000000,0.000000,0.000000,0.000000,0.000000,0.000000,0.000000,
0.000000,0.000000,0.000000,0.000000,0.000000,0.000000,0.000000,0.000000,0.000000,0.000000,0.000000,2.203000,2.176000,2.150000,2.127000,2.103000,2.088000,2.085000,2.085000,2.083000,2.052000,2.027000,2.007000,2.000000,2.000000,1.991000,1.973000,1.973000,1.973000,1.973000,1.958000,1.951000,2.798000,0.000000,0.000000,0.000000,0.000000,0.000000,0.000000,0.000000,
0.000000,0.000000,0.000000,0.000000,0.000000,0.000000,0.000000,0.000000,0.000000,0.000000,0.000000,2.314000,2.183000,2.150000,2.144000,2.127000,2.101000,2.085000,2.085000,2.081000,2.031000,2.005000,2.000000,1.999000,1.998000,1.990000,1.973000,1.973000,1.973000,2.093000,2.120000,2.117000,2.888000,0.000000,0.000000,0.000000,0.000000,0.000000,0.000000,0.000000,
