0.000000,0.000000,0.000000,0.000000,0.000000,0.000000,0.000000,0.000000,0.000000,0.000000,0.000000,0.000000,0.000000,0.000000,0.000000,0.000000,0.000000,0.000000,0.000000,0.000000,0.000000,0.000000,0.000000,0.000000,0.000000,0.000000,0.000000,0.000000,0.000000,0.000000,0.000000,0.000000,0.000000,0.000000,0.000000,0.000000,0.000000,0.000000,0.000000,0.000000,
0.000000,0.000000,0.000000,0.000000,0.000000,0.000000,0.000000,0.000000,0.000000,0.000000,0.000000,0.000000,0.000000,0.000000,0.000000,0.000000,0.000000,0.000000,0.000000,0.000000,0.000000,0.000000,0.000000,0.000000,0.000000,0.000000,0.000000,0.000000,0.000000,0.000000,0.000000,0.000000,0.000000,0.000000,0.000000,0.000000,0.000000,0.000000,0.000000,0.000000,
0.000000,0.000000,0.000000,0.000000,0.000000,0.000000,0.000000,0.000000,0.000000,0.000000,0.000000,0.000000,0.000000,0.000000,0.000000,0.000000,0.000000,0.000000,0.000000,0.000000,0.000000,0.000000,0.000000,0.000000,0.000000,0.000000,0.000000,0.000000,0.000000,0.000000,0.000000,0.000000,0.000000,0.000000,0.000000,0.000000,0.000000,0.000000,0.000000,0.000000,
0.000000,0.000000,0.000000,0.000000,0.000000,0.000000,0.000000,0.000000,0.000000,0.000000,0.000000,0.000000,0.000000,0.000000,0.000000,0.000000,0.000000,0.000000,0.000000,0.000000,0.000000,0.000000,0.000000,0.000000,0.000000,0.000000,0.000000,0.000000,0.000000,0.000000,0.000000,0.000000,0.000000,0.000000,0.000000,0.000000,0.000000,0.000000,0.000000,0.000000,
0.000000,0.000000,0.000000,0.000000,0.000000,0.000000,0.000000,0.000000,0.000000,0.000000,0.000000,0.000000,0.000000,0.000000,0.000000,0.000000,0.000000,0.000000,0.000000,0.000000,0.000000,0.000000,0.000000,0.000000,0.000000,0.000000,0.000000,0.000000,0.000000,0.000000,0.000000,0.000000,0.000000,0.000000,0.000000,0.000000,0.000000,0.000000,0.000000,0.000000,
0.000000,0.000000,0.000000,0.000000,0.000000,0.000000,0.000000,0.000000,0.000000,0.000000,0.000000,0.000000,0.000000,0.000000,0.000000,0.000000,0.000000,0.000000,0.000000,0.000000,0.000000,0.000000,0.000000,0.000000,0.000000,0.000000,0.000000,0.000000,0.000000,0.000000,0.000000,0.000000,0.000000,0.000000,0.000000,0.000000,0.000000,0.000000,0.000000,0.000000,
0.000000,0.000000,0.000000,0.000000,0.000000,0.000000,0.000000,0.000000,0.000000,0.000000,0.000000,0.000000,0.000000,0.000000,0.000000,0.000000,0.000000,0.000000,0.000000,0.000000,0.000000,0.000000,0.000000,0.000000,0.000000,0.000000,0.000000,0.000000,0.000000,0.000000,0.000000,0.000000,0.000000,0.000000,0.000000,0.000000,0.000000,0.000000,0.000000,0.000000,
0.000000,0.000000,0.000000,0.000000,0.000000,0.000000,0.000000,0.000000,0.000000,0.000000,0.000000,0.000000,0.000000,0.000000,0.000000,0.000000,0.000000,0.000000,0.000000,0.000000,0.000000,0.000000,0.000000,0.000000,0.000000,0.000000,0.000000,0.000000,0.000000,0.000000,0.000000,0.000000,0.000000,0.000000,0.000000,0.000000,0.000000,0.000000,0.000000,0.000000,
0.000000,0.000000,0.000000,0.000000,0.000000,0.000000,0.000000,0.000000,0.000000,0.000000,0.000000,0.000000,0.000000,0.000000,0.000000,0.000000,0.000000,0.000000,0.000000,0.000000,0.000000,0.000000,0.000000,0.000000,0.000000,0.000000,0.000000,0.000000,0.000000,0.000000,0.000000,0.000000,0.000000,0.000000,0.000000,0.000000,0.000000,0.000000,0.000000,0.000000,
0.000000,0.000000,0.000000,0.000000,0.000000,0.000000,0.000000,0.000000,0.000000,0.000000,0.000000,0.000000,0.000000,0.000000,0.000000,0.000000,0.000000,0.000000,0.000000,0.000000,0.000000,0.000000,0.000000,0.000000,0.000000,0.000000,0.000000,0.000000,0.000000,0.000000,0.000000,0.000000,0.000000,0.000000,0.000000,0.000000,0.000000,0.000000,0.000000,0.000000,
0.000000,0.000000,0.000000,0.000000,0.000000,0.000000,0.000000,0.000000,0.000000,0.000000,0.000000,0.000000,0.000000,0.000000,0.000000,0.000000,0.000000,0.000000,0.000000,0.000000,0.000000,0.000000,0.000000,0.000000,0.000000,0.000000,0.000000,0.000000,0.000000,0.000000,0.000000,0.000000,0.000000,0.000000,0.000000,0.000000,0.000000,0.000000,0.000000,0.000000,
2.197000,2.174000,2.174000,2.174000,2.174000,2.196000,2.242000,2.244000,2.198000,2.174000,2.174000,2.174000,2.174000,2.133000,2.046000,2.000000,2.000000,2.000000,2.000000,2.317000,0.000000,0.000000,0.000000,0.000000,0.000000,0.000000,0.000000,0.000000,0.000000,0.000000,0.000000,0.000000,0.000000,0.000000,0.000000,0.000000,0.000000,0.000000,0.000000,0.000000,
2.214000,2.197000,2.197000,2.197000,2.197000,2.208000,2.231000,2.226000,2.192000,2.174000,2.174000,2.174000,2.174000,2.133000,2.046000,2.000000,2.000000,1.995000,1.985000,2.218000,2.735000,0.000000,0.000000,0.000000,0.000000,2.995000,2.995000,2.973000,2.924000,2.893000,2.883000,2.878000,2.878000,2.857000,2.810000,2.788000,2.798000,2.783000,2.738000,2.773000,
2.249000,2.243000,2.243000,2.243000,2.243000,2.232000,2.209000,2.192000,2.180000,2.174000,2.174000,2.174000,2.174000,2.133000,2.046000,2.000000,2.000000,1.986000,1.955000,2.018000,2.192000,2.286000,2.286000,2.272000,2.242000,2.225000,2.225000,2.218000,2.201000,2.179000,2.150000,2.134000,2.134000,2.127000,2.111000,2.115000,2.144000,2.154000,2.139000,2.314000,
2.272000,2.266000,2.266000,2.266000,2.266000,2.244000,2.198000,2.174000,2.174000,2.174000,2.174000,2.169000,2.158000,2.116000,2.040000,2.000000,2.000000,1.981000,1.939000,1.917000,1.917000,1.917000,1.917000,1.899000,1.858000,1.836000,1.836000,1.836000,1.836000,1.819000,1.780000,1.758000,1.758000,1.758000,1.758000,1.771000,1.800000,1.817000,1.817000,1.998000,
2.284000,2.266000,2.266000,2.266000,2.266000,2.244000,2.198000,2.174000,2.174000,2.174000,2.174000,2.158000,2.126000,2.083000,2.029000,2.000000,2.000000,1.981000,1.939000,1.917000,1.917000,1.917000,1.917000,1.899000,1.858000,1.836000,1.836000,1.836000,1.836000,1.819000,1.780000,1.758000,1.758000,1.758000,1.758000,1.762000,1.772000,1.778000,1.778000,1.828000,
2.307000,2.289000,2.289000,2.278000,2.255000,2.227000,2.192000,2.174000,2.174000,2.174000,2.174000,2.153000,2.109000,2.066000,2.023000,2.000000,2.000000,1.985000,1.954000,1.933000,1.923000,1.917000,1.917000,1.903000,1.873000,1.851000,1.841000,1.836000,1.836000,1.823000,1.794000,1.777000,1.777000,1.773000,1.763000,1.758000,1.758000,1.758000,1.758000,1.742000,
2.342000,2.336000,2.336000,2.302000,2.233000,2.192000,2.180000,2.174000,2.174000,2.174000,2.174000,2.153000,2.109000,2.066000,2.023000,2.000000,2.000000,1.995000,1.984000,1.965000,1.934000,1.917000,1.917000,1.912000,1.902000,1.883000,1.853000,1.836000,1.836000,1.832000,1.822000,1.816000,1.816000,1.803000,1.774000,1.758000,1.758000,1.758000,1.758000,1.742000,
2.008000,2.360000,2.360000,2.314000,2.222000,2.174000,2.174000,2.174000,2.174000,2.174000,2.174000,2.153000,2.109000,2.071000,2.038000,2.016000,2.006000,2.000000,2.000000,1.986000,1.954000,1.933000,1.923000,1.917000,1.917000,1.899000,1.858000,1.836000,1.836000,1.836000,1.836000,1.836000,1.836000,1.823000,1.794000,1.773000,1.763000,1.758000,1.758000,1.742000,
1.286000,2.360000,2.360000,2.314000,2.222000,2.174000,2.174000,2.174000,2.174000,2.174000,2.174000,2.153000,2.109000,2.081000,2.070000,2.049000,2.017000,2.000000,2.000000,1.995000,1.984000,1.965000,1.934000,1.917000,1.917000,1.899000,1.858000,1.836000,1.836000,1.836000,1.836000,1.836000,1.836000,1.832000,1.822000,1.803000,1.775000,1.758000,1.758000,1.742000,
0.000000,0.000000,0.000000,0.000000,0.000000,0.000000,0.000000,1.159000,1.826000,2.174000,2.174000,2.158000,2.125000,2.102000,2.092000,2.071000,2.038000,2.016000,2.006000,1.995000,1.985000,1.966000,1.934000,1.917000,1.917000,1.899000,1.858000,1.836000,1.836000,1.836000,1.836000,1.836000,1.836000,1.836000,1.836000,1.819000,1.780000,1.754000,1.745000,1.727000,
0.000000,0.000000,0.000000,0.000000,0.000000,0.000000,0.000000,0.000000,1.107000,2.174000,2.174000,2.169000,2.157000,2.136000,2.103000,2.081000,2.070000,2.049000,2.017000,1.986000,1.955000,1.934000,1.923000,1.917000,1.917000,1.899000,1.858000,1.836000,1.836000,1.836000,1.836000,1.836000,1.836000,1.836000,1.836000,1.819000,1.780000,1.746000,1.718000,1.698000,
0.000000,0.000000,0.000000,0.000000,0.000000,0.000000,0.000000,0.000000,0.000000,2.191000,2.180000,2.174000,2.174000,2.158000,2.125000,2.102000,2.092000,2.061000,2.009000,1.966000,1.934000,1.917000,1.917000,1.917000,1.917000,1.899000,1.858000,1.836000,1.836000,1.836000,1.836000,1.836000,1.836000,1.836000,1.836000,1.819000,1.780000,1.742000,1.704000,1.682000,
0.000000,0.000000,0.000000,0.000000,0.000000,0.000000,0.000000,0.000000,0.000000,2.226000,2.192000,2.174000,2.174000,2.169000,2.157000,2.136000,2.103000,2.052000,1.978000,1.934000,1.923000,1.917000,1.917000,1.917000,1.917000,1.899000,1.858000,1.836000,1.836000,1.836000,1.836000,1.836000,1.836000,1.836000,1.836000,1.819000,1.780000,1.742000,1.704000,1.682000,
0.000000,0.000000,0.000000,0.000000,0.000000,0.000000,0.000000,0.000000,0.000000,1.231000,1.864000,2.196000,2.196000,2.196000,2.196000,2.180000,2.147000,2.080000,1.974000,1.917000,1.917000,1.917000,1.917000,1.917000,1.917000,1.903000,1.872000,1.851000,1.841000,1.836000,1.836000,1.832000,1.823000,1.817000,1.817000,1.801000,1.762000,1.728000,1.699000,1.682000,
0.000000,0.000000,0.000000,0.000000,0.000000,0.000000,0.000000,0.000000,0.000000,0.000000,1.161000,2.242000,2.242000,2.242000,2.242000,2.236000,2.225000,2.149000,1.998000,1.917000,1.917000,1.917000,1.917000,1.917000,1.917000,1.912000,1.902000,1.882000,1.853000,1.836000,1.836000,1.823000,1.795000,1.779000,1.779000,1.762000,1.724000,1.698000,1.688000,1.682000,
0.000000,0.000000,0.000000,0.000000,0.000000,0.000000,0.000000,0.000000,0.000000,0.000000,0.000000,0.000000,0.000000,0.000000,0.000000,0.000000,0.000000,1.252000,1.929000,2.211000,2.033000,1.937000,1.937000,1.937000,1.937000,1.932000,1.922000,1.899000,1.859000,1.836000,1.836000,1.819000,1.780000,1.754000,1.745000,1.728000,1.699000,1.682000,1.682000,1.682000,
0.000000,0.000000,0.000000,0.000000,0.000000,0.000000,0.000000,0.000000,0.000000,0.000000,0.000000,0.000000,0.000000,0.000000,0.000000,0.000000,0.000000,0.000000,1.754000,2.835000,2.280000,1.978000,1.978000,1.978000,1.978000,1.964000,1.934000,1.899000,1.859000,1.836000,1.836000,1.819000,1.780000,1.746000,1.718000,1.698000,1.688000,1.682000,1.682000,1.682000,
0.000000,0.000000,0.000000,0.000000,0.000000,0.000000,0.000000,0.000000,0.000000,0.000000,0.000000,0.000000,0.000000,0.000000,0.000000,0.000000,0.000000,0.000000,1.661000,0.000000,2.410000,2.000000,2.000000,2.000000,2.000000,1.981000,1.940000,1.899000,1.859000,1.836000,1.836000,1.819000,1.780000,1.742000,1.704000,1.682000,1.682000,1.682000,1.682000,1.682000,
0.000000,0.000000,0.000000,0.000000,0.000000,0.000000,0.000000,0.000000,0.000000,0.000000,0.000000,0.000000,0.000000,0.000000,0.000000,0.000000,0.000000,0.000000,0.000000,0.000000,0.000000,0.000000,0.000000,0.000000,0.000000,0.000000,0.000000,0.000000,0.000000,0.000000,0.000000,0.000000,0.000000,0.000000,0.000000,0.000000,0.000000,0.000000,0.000000,0.000000,
0.000000,0.000000,0.000000,0.000000,0.000000,0.000000,0.000000,0.000000,0.000000,0.000000,0.000000,0.000000,0.000000,0.000000,0.000000,0.000000,0.000000,0.000000,0.000000,0.000000,0.000000,0.000000,0.000000,0.000000,0.000000,0.000000,0.000000,0.000000,0.000000,0.000000,0.000000,0.000000,0.000000,0.000000,0.000000,0.000000,0.000000,0.000000,0.000000,0.000000,
0.000000,0.000000,0.000000,0.000000,0.000000,0.000000,0.000000,0.000000,0.000000,0.000000,0.000000,0.000000,0.000000,0.000000,0.000000,0.000000,0.000000,0.000000,0.000000,0.000000,0.000000,0.000000,0.000000,0.000000,0.000000,0.000000,0.000000,0.000000,0.000000,0.000000,0.000000,0.000000,0.000000,0.000000,0.000000,0.000000,0.000000,0.000000,0.000000,0.000000,
0.000000,0.000000,0.000000,0.000000,0.000000,0.000000,0.000000,0.000000,0.000000,0.000000,0.000000,0.000000,0.000000,0.000000,0.000000,0.000000,0.000000,0.000000,0.000000,0.000000,0.000000,0.000000,0.000000,0.000000,0.000000,0.000000,0.000000,0.000000,0.000000,0.000000,0.000000,0.000000,0.000000,0.000000,0.000000,0.000000,0.000000,0.000000,0.000000,0.000000,
0.000000,0.000000,0.000000,0.000000,0.000000,0.000000,0.000000,0.000000,0.000000,0.000000,0.000000,0.000000,0.000000,0.000000,0.000000,0.000000,0.000000,0.000000,0.000000,0.000000,0.000000,0.000000,0.000000,0.000000,0.000000,0.000000,0.000000,0.000000,0.000000,0.000000,0.000000,0.000000,0.000000,0.000000,0.000000,0.000000,0.000000,0.000000,0.000000,0.000000,
0.000000,0.000000,0.000000,0.000000,0.000000,0.000000,0.000000,0.000000,0.000000,0.000000,0.000000,0.000000,0.000000,0.000000,0.000000,0.000000,0.000000,0.000000,0.000000,0.000000,0.000000,0.000000,0.000000,0.000000,0.000000,0.000000,0.000000,0.000000,0.000000,0.000000,0.000000,0.000000,0.000000,0.000000,0.000000,0.000000,0.000000,0.000000,0.000000,0.000000,
0.000000,0.000000,0.000000,0.000000,0.000000,0.000000,0.000000,0.000000,0.000000,0.000000,0.000000,0.000000,0.000000,0.000000,0.000000,0.000000,0.000000,0.000000,0.000000,0.000000,0.000000,0.000000,0.000000,0.000000,0.000000,0.000000,0.000000,0.000000,0.000000,0.000000,0.000000,0.000000,0.000000,0.000000,0.000000,0.000000,0.000000,0.000000,0.000000,0.000000,
0.000000,0.000000,0.000000,0.000000,0.000000,0.000000,0.000000,0.000000,0.000000,0.000000,0.000000,0.000000,0.000000,0.000000,0.000000,0.000000,0.000000,0.000000,0.000000,0.000000,0.000000,0.000000,0.000000,0.000000,0.000000,0.000000,0.000000,0.000000,0.000000,0.000000,0.000000,0.000000,0.000000,0.000000,0.000000,0.000000,0.000000,0.000000,0.000000,0.000000,
0.000000,0.000000,0.000000,0.000000,0.000000,0.000000,0.000000,0.000000,0.000000,0.000000,0.000000,0.000000,0.000000,0.000000,0.000000,0.000000,0.000000,0.000000,0.000000,0.000000,0.000000,0.000000,0.000000,0.000000,0.000000,0.000000,0.000000,0.000000,0.000000,0.000000,0.000000,0.000000,0.000000,0.000000,0.000000,0.000000,0.000000,0.000000,0.000000,0.000000,
0.000000,0.000000,0.000000,0.000000,0.000000,0.000000,0.000000,0.000000,0.000000,0.000000,0.000000,0.000000,0.000000,0.000000,0.000000,0.000000,0.000000,0.000000,0.000000,0.000000,0.000000,0.000000,0.000000,0.000000,0.000000,0.000000,0.000000,0.000000,0.000000,0.000000,0.000000,0.000000,0.000000,0.000000,0.000000,0.000000,0.000000,0.000000,0.000000,0.000000,
0.000000,0.000000,0.000000,0.000000,0.000000,0.000000,0.000000,0.000000,0.000000,0.000000,0.000000,0.000000,0.000000,0.000000,0.000000,0.000000,0.000000,0.000000,0.000000,0.000000,0.000000,0.000000,0.000000,0.000000,0.000000,0.000000,0.000000,0.000000,0.000000,0.000000,0.000000,0.000000,0.000000,0.000000,0.000000,0.000000,0.000000,0.000000,0.000000,0.000000,
