40 40
0.000000 0.000000 0.000000 0.000000 0.000000 0.000000 0.000000 0.000000 0.000000 0.000000 0.000000 0.000000 0.000000 0.000000 0.000000 0.000000 0.000000 0.000000 0.000000 0.000000 0.000000 0.000000 0.000000 0.000000 0.000000 0.000000 0.000000 0.000000 0.000000 0.000000 0.000000 0.000000 0.000000 0.000000 0.000000 0.000000 0.000000 0.000000 0.000000 0.000000 
0.000000 0.000000 0.000000 0.000000 0.000000 0.000000 0.000000 0.000000 0.000000 0.000000 0.000000 0.000000 0.000000 0.000000 0.000000 0.000000 0.000000 0.000000 0.000000 0.000000 0.000000 0.000000 0.000000 0.000000 0.000000 0.000000 0.000000 0.000000 0.000000 0.000000 0.000000 0.000000 0.000000 0.000000 0.000000 0.000000 0.000000 0.000000 0.000000 0.000000 
0.000000 0.000000 0.000000 0.000000 0.000000 0.000000 0.000000 0.000000 0.000000 0.000000 0.000000 0.000000 0.000000 0.000000 0.000000 0.000000 0.000000 0.000000 0.000000 2.039000 2.034000 2.117000 0.000000 0.000000 0.000000 0.000000 0.000000 0.000000 0.000000 0.000000 0.000000 0.000000 0.000000 0.000000 0.000000 0.000000 0.000000 0.000000 0.000000 0.000000 
0.000000 0.000000 0.000000 0.000000 0.000000 0.000000 0.000000 0.000000 0.000000 0.000000 0.000000 0.000000 0.000000 0.000000 0.000000 2.359000 2.348000 2.333000 0.000000 2.042000 2.031000 2.026000 2.026000 0.000000 0.000000 0.000000 0.000000 0.000000 0.000000 0.000000 0.000000 0.000000 0.000000 0.000000 0.000000 0.000000 0.000000 0.000000 0.000000 0.000000 
0.000000 0.000000 0.000000 0.000000 0.000000 0.000000 0.000000 0.000000 0.000000 0.000000 0.000000 0.000000 2.227000 2.042000 2.037000 2.037000 2.040000 2.034000 2.037000 2.042000 2.034000 2.028000 2.023000 2.023000 0.000000 0.000000 0.000000 0.000000 0.000000 0.000000 0.000000 0.000000 0.000000 0.000000 0.000000 0.000000 0.000000 0.000000 0.000000 0.000000 
0.000000 0.000000 0.000000 0.000000 0.000000 0.000000 0.000000 0.000000 0.000000 0.000000 0.000000 0.000000 2.043000 2.040000 2.035000 2.034000 2.033000 2.031000 2.031000 2.027000 2.029000 2.027000 2.023000 1.511000 2.532000 0.000000 0.000000 0.000000 0.000000 0.000000 0.000000 0.000000 0.000000 0.000000 0.000000 0.000000 0.000000 0.000000 0.000000 0.000000 
0.000000 0.000000 0.000000 0.000000 0.000000 0.000000 0.000000 0.000000 0.000000 0.000000 2.247000 2.055000 2.045000 2.038000 2.034000 2.034000 2.031000 2.028000 2.026000 2.026000 2.026000 2.023000 2.021000 2.018000 1.262000 0.000000 0.000000 0.000000 0.000000 0.000000 0.000000 0.000000 0.000000 0.000000 0.000000 0.000000 0.000000 0.000000 0.000000 0.000000 
0.000000 0.000000 0.000000 0.000000 0.000000 0.000000 0.000000 0.000000 0.000000 2.247000 2.241000 2.134000 2.044000 2.034000 2.031000 2.031000 2.030000 2.026000 2.026000 2.023000 2.023000 2.023000 2.022000 2.013000 1.217000 1.909000 0.000000 0.000000 0.000000 0.000000 0.000000 0.000000 0.000000 0.000000 0.000000 0.000000 0.000000 0.000000 0.000000 0.000000 
0.000000 0.000000 0.000000 0.000000 0.000000 0.000000 0.000000 0.000000 0.000000 2.234000 2.237000 2.135000 2.041000 2.032000 2.031000 2.030000 2.028000 2.026000 2.024000 2.023000 2.023000 2.020000 2.020000 2.015000 1.727000 2.696000 0.000000 0.000000 0.000000 0.000000 0.000000 0.000000 0.000000 0.000000 0.000000 0.000000 0.000000 0.000000 0.000000 0.000000 
0.000000 0.000000 0.000000 0.000000 0.000000 0.000000 0.000000 0.000000 0.000000 2.237000 2.213000 2.111000 2.055000 2.031000 2.031000 2.028000 2.026000 2.023000 2.022000 2.020000 2.023000 2.018000 2.017000 2.014000 2.010000 1.716000 0.000000 0.000000 0.000000 0.000000 0.000000 0.000000 0.000000 0.000000 0.000000 0.000000 0.000000 0.000000 0.000000 0.000000 
0.000000 0.000000 0.000000 0.000000 0.000000 0.000000 0.000000 0.000000 0.000000 2.275000 2.233000 2.150000 2.074000 2.032000 2.026000 2.027000 2.025000 2.022000 2.020000 2.019000 2.019000 2.015000 2.013000 2.013000 1.372000 1.080000 0.000000 0.000000 0.000000 0.000000 0.000000 0.000000 0.000000 0.000000 0.000000 0.000000 0.000000 0.000000 0.000000 0.000000 
0.000000 0.000000 0.000000 0.000000 0.000000 0.000000 0.000000 0.000000 0.000000 2.241000 2.226000 2.150000 2.086000 2.032000 2.026000 2.025000 2.023000 2.019000 2.018000 2.017000 2.015000 2.013000 2.013000 2.011000 2.008000 1.080000 2.584000 0.000000 0.000000 0.000000 0.000000 0.000000 0.000000 0.000000 0.000000 0.000000 0.000000 0.000000 0.000000 0.000000 
0.000000 0.000000 0.000000 0.000000 0.000000 0.000000 0.000000 0.000000 0.000000 2.367000 2.231000 2.160000 2.140000 2.031000 2.021000 2.020000 2.019000 2.018000 2.017000 2.013000 2.015000 2.013000 2.013000 2.011000 2.006000 1.080000 2.593000 0.000000 0.000000 0.000000 0.000000 0.000000 0.000000 0.000000 0.000000 0.000000 0.000000 0.000000 0.000000 0.000000 
0.000000 0.000000 0.000000 0.000000 0.000000 0.000000 0.000000 0.000000 0.000000 1.260000 2.229000 2.204000 2.130000 2.052000 2.021000 2.018000 2.019000 2.015000 2.013000 2.013000 2.013000 2.010000 2.010000 2.010000 2.006000 1.463000 2.581000 0.000000 0.000000 0.000000 0.000000 0.000000 0.000000 0.000000 0.000000 0.000000 0.000000 0.000000 0.000000 0.000000 
0.000000 0.000000 0.000000 0.000000 0.000000 0.000000 0.000000 0.000000 0.000000 0.000000 2.215000 2.204000 2.191000 2.061000 2.025000 2.017000 2.016000 2.013000 2.010000 2.010000 2.010000 2.008000 2.008000 2.005000 2.005000 1.971000 1.500000 0.000000 0.000000 0.000000 0.000000 0.000000 0.000000 0.000000 0.000000 0.000000 0.000000 0.000000 0.000000 0.000000 
0.000000 0.000000 0.000000 0.000000 0.000000 0.000000 0.000000 0.000000 0.000000 0.000000 2.074000 2.202000 2.181000 2.060000 2.027000 2.013000 2.013000 2.012000 2.010000 2.008000 2.010000 2.006000 2.005000 2.003000 2.003000 2.004000 1.462000 2.315000 0.000000 0.000000 0.000000 0.000000 0.000000 0.000000 0.000000 0.000000 0.000000 0.000000 0.000000 0.000000 
0.000000 0.000000 0.000000 0.000000 0.000000 0.000000 0.000000 0.000000 0.000000 0.000000 0.000000 2.204000 2.174000 2.111000 2.031000 2.013000 2.012000 2.010000 2.008000 2.008000 2.005000 2.005000 2.005000 2.003000 2.000000 2.002000 1.525000 1.456000 0.000000 0.000000 0.000000 0.000000 0.000000 0.000000 0.000000 0.000000 0.000000 0.000000 0.000000 0.000000 
0.000000 0.000000 0.000000 0.000000 0.000000 0.000000 0.000000 0.000000 0.000000 0.000000 0.000000 2.195000 2.188000 2.195000 2.030000 2.012000 2.011000 2.009000 2.005000 2.004000 2.005000 2.005000 2.003000 2.001000 2.000000 1.999000 1.990000 1.080000 0.000000 0.000000 0.000000 0.000000 0.000000 0.000000 0.000000 0.000000 0.000000 0.000000 0.000000 0.000000 
0.000000 0.000000 0.000000 0.000000 0.000000 0.000000 0.000000 0.000000 0.000000 0.000000 0.000000 2.603000 2.176000 2.165000 2.066000 2.012000 2.008000 2.010000 2.004000 2.003000 2.004000 2.003000 2.003000 1.999000 1.996000 1.996000 1.992000 1.391000 1.080000 0.000000 0.000000 0.000000 0.000000 0.000000 0.000000 0.000000 0.000000 0.000000 0.000000 0.000000 
0.000000 0.000000 0.000000 0.000000 0.000000 0.000000 0.000000 0.000000 0.000000 0.000000 0.000000 2.205000 2.188000 2.176000 1.585000 2.012000 2.005000 2.003000 2.002000 2.000000 2.003000 2.002000 2.003000 1.998000 1.995000 1.994000 1.991000 1.597000 1.080000 0.000000 0.000000 0.000000 0.000000 0.000000 0.000000 0.000000 0.000000 0.000000 0.000000 0.000000 
0.000000 0.000000 0.000000 0.000000 0.000000 0.000000 0.000000 0.000000 0.000000 0.000000 0.000000 0.000000 2.194000 2.173000 1.589000 2.012000 2.004000 2.003000 2.002000 1.999000 2.000000 1.999000 1.998000 1.995000 1.994000 1.993000 1.990000 1.985000 1.080000 0.000000 0.000000 0.000000 0.000000 0.000000 0.000000 0.000000 0.000000 0.000000 0.000000 0.000000 
0.000000 0.000000 0.000000 0.000000 0.000000 0.000000 0.000000 0.000000 0.000000 0.000000 0.000000 0.000000 2.199000 2.170000 2.144000 2.011000 2.004000 2.003000 2.002000 1.998000 1.998000 1.998000 1.995000 1.995000 1.995000 1.993000 1.989000 1.983000 1.080000 0.000000 0.000000 0.000000 0.000000 0.000000 0.000000 0.000000 0.000000 0.000000 0.000000 0.000000 
0.000000 0.000000 0.000000 0.000000 0.000000 0.000000 0.000000 0.000000 0.000000 0.000000 0.000000 0.000000 2.276000 2.178000 2.114000 2.034000 2.003000 2.002000 2.002000 1.998000 1.997000 1.995000 1.995000 1.993000 1.993000 1.990000 1.989000 1.983000 1.080000 2.963000 0.000000 0.000000 0.000000 0.000000 0.000000 0.000000 0.000000 0.000000 0.000000 0.000000 
0.000000 0.000000 0.000000 0.000000 0.000000 0.000000 0.000000 0.000000 0.000000 0.000000 0.000000 0.000000 0.000000 2.180000 2.115000 2.053000 2.004000 1.998000 1.998000 1.998000 1.995000 1.995000 1.993000 1.993000 1.990000 1.987000 1.986000 1.983000 1.670000 2.953000 0.000000 0.000000 0.000000 0.000000 0.000000 0.000000 0.000000 0.000000 0.000000 0.000000 
0.000000 0.000000 0.000000 0.000000 0.000000 0.000000 0.000000 0.000000 0.000000 0.000000 0.000000 0.000000 0.000000 2.188000 2.140000 2.081000 2.003000 1.999000 1.995000 1.995000 1.993000 1.993000 1.993000 1.990000 1.989000 1.987000 1.983000 1.983000 1.981000 2.923000 0.000000 0.000000 0.000000 0.000000 0.000000 0.000000 0.000000 0.000000 0.000000 0.000000 
0.000000 0.000000 0.000000 0.000000 0.000000 0.000000 0.000000 0.000000 0.000000 0.000000 0.000000 0.000000 1.704000 2.188000 2.134000 2.078000 2.000000 1.997000 1.993000 1.993000 1.993000 1.993000 1.990000 1.988000 1.987000 1.986000 1.983000 1.982000 1.976000 2.909000 0.000000 0.000000 0.000000 0.000000 0.000000 0.000000 0.000000 0.000000 0.000000 0.000000 
0.000000 0.000000 0.000000 0.000000 0.000000 0.000000 0.000000 0.000000 0.000000 0.000000 0.000000 0.000000 1.080000 1.801000 2.159000 2.127000 2.023000 1.997000 1.993000 1.991000 1.993000 1.990000 1.990000 1.986000 1.986000 1.983000 1.981000 1.980000 1.974000 1.905000 0.000000 0.000000 0.000000 0.000000 0.000000 0.000000 0.000000 0.000000 0.000000 0.000000 
0.000000 0.000000 0.000000 0.000000 0.000000 0.000000 0.000000 0.000000 0.000000 0.000000 0.000000 0.000000 2.308000 1.080000 2.168000 2.153000 2.039000 1.995000 1.990000 1.989000 1.990000 1.986000 1.986000 1.983000 1.983000 1.981000 1.978000 1.976000 1.976000 1.976000 0.000000 0.000000 0.000000 0.000000 0.000000 0.000000 0.000000 0.000000 0.000000 0.000000 
0.000000 0.000000 0.000000 0.000000 0.000000 0.000000 0.000000 0.000000 0.000000 0.000000 0.000000 0.000000 0.000000 1.080000 2.167000 2.143000 2.044000 1.993000 1.990000 1.988000 1.988000 1.986000 1.986000 1.983000 1.983000 1.979000 1.975000 1.974000 1.974000 1.974000 0.000000 0.000000 0.000000 0.000000 0.000000 0.000000 0.000000 0.000000 0.000000 0.000000 
0.000000 0.000000 0.000000 0.000000 0.000000 0.000000 0.000000 0.000000 0.000000 0.000000 0.000000 0.000000 0.000000 1.080000 1.832000 2.142000 2.043000 2.025000 1.991000 1.988000 1.988000 1.986000 1.984000 1.983000 1.981000 1.977000 1.974000 1.971000 1.971000 1.967000 0.000000 0.000000 0.000000 0.000000 0.000000 0.000000 0.000000 0.000000 0.000000 0.000000 
0.000000 0.000000 0.000000 0.000000 0.000000 0.000000 0.000000 0.000000 0.000000 0.000000 0.000000 0.000000 0.000000 1.080000 1.423000 2.160000 2.097000 2.016000 1.992000 1.986000 1.988000 1.984000 1.982000 1.981000 1.977000 1.976000 1.975000 1.970000 1.969000 1.967000 0.000000 0.000000 0.000000 0.000000 0.000000 0.000000 0.000000 0.000000 0.000000 0.000000 
0.000000 0.000000 0.000000 0.000000 0.000000 0.000000 0.000000 0.000000 0.000000 0.000000 0.000000 0.000000 0.000000 1.080000 1.080000 2.158000 2.101000 2.022000 1.989000 1.983000 1.987000 1.983000 1.981000 1.979000 1.976000 1.974000 1.972000 1.967000 1.967000 1.965000 0.000000 0.000000 0.000000 0.000000 0.000000 0.000000 0.000000 0.000000 0.000000 0.000000 
0.000000 0.000000 0.000000 0.000000 0.000000 0.000000 0.000000 0.000000 0.000000 0.000000 0.000000 0.000000 0.000000 0.000000 1.909000 2.093000 2.106000 2.032000 1.988000 1.983000 1.985000 1.983000 1.983000 1.976000 1.975000 1.974000 1.971000 1.967000 1.965000 1.962000 0.000000 0.000000 0.000000 0.000000 0.000000 0.000000 0.000000 0.000000 0.000000 0.000000 
0.000000 0.000000 0.000000 0.000000 0.000000 0.000000 0.000000 0.000000 0.000000 0.000000 0.000000 0.000000 0.000000 0.000000 2.510000 1.080000 2.109000 2.083000 1.990000 1.983000 1.981000 1.982000 1.978000 1.976000 1.974000 1.970000 1.967000 1.965000 1.961000 1.958000 0.000000 0.000000 0.000000 0.000000 0.000000 0.000000 0.000000 0.000000 0.000000 0.000000 
0.000000 0.000000 0.000000 0.000000 0.000000 0.000000 0.000000 0.000000 0.000000 0.000000 0.000000 0.000000 0.000000 0.000000 1.080000 1.080000 1.080000 1.519000 2.000000 1.983000 1.980000 1.978000 1.976000 1.974000 1.971000 1.969000 1.967000 1.964000 1.956000 1.955000 0.000000 0.000000 0.000000 0.000000 0.000000 0.000000 0.000000 0.000000 0.000000 0.000000 
0.000000 0.000000 0.000000 0.000000 0.000000 0.000000 0.000000 0.000000 0.000000 0.000000 0.000000 0.000000 0.000000 0.000000 0.000000 1.080000 1.080000 2.051000 2.022000 1.983000 1.978000 1.976000 1.976000 1.972000 1.969000 1.967000 1.965000 1.961000 1.955000 1.953000 0.000000 0.000000 0.000000 0.000000 0.000000 0.000000 0.000000 0.000000 0.000000 0.000000 
0.000000 0.000000 0.000000 0.000000 0.000000 0.000000 0.000000 0.000000 0.000000 0.000000 0.000000 0.000000 0.000000 0.000000 0.000000 1.345000 1.080000 1.329000 2.032000 1.983000 1.976000 1.976000 1.974000 1.969000 1.967000 1.967000 1.963000 1.960000 1.954000 1.951000 0.000000 0.000000 0.000000 0.000000 0.000000 0.000000 0.000000 0.000000 0.000000 0.000000 
0.000000 0.000000 0.000000 0.000000 0.000000 0.000000 0.000000 0.000000 0.000000 0.000000 0.000000 0.000000 0.000000 0.000000 0.000000 0.000000 1.080000 1.080000 1.080000 1.985000 1.976000 1.971000 1.971000 1.967000 1.966000 1.960000 1.958000 1.955000 1.951000 1.949000 0.000000 0.000000 0.000000 0.000000 0.000000 0.000000 0.000000 0.000000 0.000000 0.000000 
0.000000 0.000000 0.000000 0.000000 0.000000 0.000000 0.000000 0.000000 0.000000 0.000000 0.000000 0.000000 0.000000 0.000000 0.000000 0.000000 0.000000 0.000000 0.000000 0.000000 0.000000 0.000000 0.000000 0.000000 0.000000 0.000000 0.000000 0.000000 0.000000 0.000000 0.000000 0.000000 0.000000 0.000000 0.000000 0.000000 0.000000 0.000000 0.000000 0.000000 
0.000000 0.000000 0.000000 0.000000 0.000000 0.000000 0.000000 0.000000 0.000000 0.000000 0.000000 0.000000 0.000000 0.000000 0.000000 0.000000 0.000000 0.000000 0.000000 0.000000 0.000000 0.000000 0.000000 0.000000 0.000000 0.000000 0.000000 0.000000 0.000000 0.000000 0.000000 0.000000 0.000000 0.000000 0.000000 0.000000 0.000000 0.000000 0.000000 0.000000 
