40 40
0.000000 0.000000 0.000000 0.000000 0.000000 0.000000 0.000000 0.000000 0.000000 0.000000 0.000000 0.000000 0.000000 0.000000 0.000000 0.000000 0.000000 0.000000 0.000000 0.000000 0.000000 0.000000 0.000000 0.000000 0.000000 0.000000 0.000000 0.000000 0.000000 0.000000 0.000000 0.000000 0.000000 0.000000 0.000000 0.000000 0.000000 0.000000 0.000000 0.000000 
0.000000 0.000000 0.000000 0.000000 0.000000 0.000000 0.000000 0.000000 0.000000 0.000000 0.000000 0.000000 0.000000 1.331000 1.331000 1.322000 1.305000 1.305000 1.305000 1.505000 2.039000 2.010000 1.981000 1.961000 1.961000 1.910000 1.886000 0.000000 0.000000 0.000000 0.000000 0.000000 0.000000 0.000000 0.000000 0.000000 0.000000 0.000000 0.000000 0.000000 
0.000000 0.000000 0.000000 0.000000 0.000000 0.000000 0.000000 0.000000 0.000000 0.000000 0.000000 0.000000 0.000000 1.331000 1.331000 1.322000 1.305000 1.305000 1.305000 1.505000 2.039000 2.010000 1.981000 1.961000 1.961000 1.941000 1.931000 0.000000 0.000000 0.000000 0.000000 0.000000 0.000000 0.000000 0.000000 0.000000 0.000000 0.000000 0.000000 0.000000 
0.000000 0.000000 0.000000 0.000000 0.000000 0.000000 0.000000 0.000000 0.000000 0.000000 0.000000 0.000000 0.000000 1.331000 1.331000 1.322000 1.305000 1.305000 1.305000 1.505000 2.039000 2.010000 1.981000 1.961000 1.961000 1.961000 1.961000 0.000000 0.000000 0.000000 0.000000 0.000000 0.000000 0.000000 0.000000 0.000000 0.000000 0.000000 0.000000 0.000000 
0.000000 0.000000 0.000000 0.000000 0.000000 0.000000 0.000000 0.000000 0.000000 0.000000 0.000000 0.000000 0.000000 1.331000 1.331000 1.323000 1.307000 1.307000 1.333000 1.542000 2.039000 2.010000 1.981000 1.961000 1.961000 1.959000 1.958000 0.000000 0.000000 0.000000 0.000000 0.000000 0.000000 0.000000 0.000000 0.000000 0.000000 0.000000 0.000000 0.000000 
0.000000 0.000000 0.000000 0.000000 0.000000 0.000000 0.000000 0.000000 0.000000 0.000000 0.000000 0.000000 0.000000 1.331000 1.331000 1.329000 1.326000 1.326000 1.632000 1.934000 2.039000 2.010000 1.981000 1.961000 1.961000 1.940000 1.930000 0.000000 0.000000 0.000000 0.000000 0.000000 0.000000 0.000000 0.000000 0.000000 0.000000 0.000000 0.000000 0.000000 
0.000000 0.000000 0.000000 0.000000 0.000000 0.000000 0.000000 0.000000 0.000000 0.000000 0.000000 0.000000 0.000000 1.331000 1.331000 1.331000 1.358000 1.637000 1.888000 2.033000 2.018000 2.005000 1.981000 1.961000 1.961000 1.935000 1.923000 0.000000 0.000000 0.000000 0.000000 0.000000 0.000000 0.000000 0.000000 0.000000 0.000000 0.000000 0.000000 0.000000 
0.000000 0.000000 0.000000 0.000000 0.000000 0.000000 0.000000 0.000000 0.000000 0.000000 0.000000 0.000000 0.000000 1.331000 1.331000 1.331000 1.381000 1.909000 2.044000 2.028000 2.000000 2.000000 1.981000 1.961000 1.961000 1.942000 1.933000 0.000000 0.000000 0.000000 0.000000 0.000000 0.000000 0.000000 0.000000 0.000000 0.000000 0.000000 0.000000 0.000000 
0.000000 0.000000 0.000000 0.000000 0.000000 0.000000 0.000000 0.000000 0.000000 0.000000 0.000000 0.000000 0.000000 1.331000 1.331000 1.331000 1.383000 1.932000 2.057000 2.028000 2.000000 2.000000 1.981000 1.961000 1.961000 1.961000 1.961000 0.000000 0.000000 0.000000 0.000000 0.000000 0.000000 0.000000 0.000000 0.000000 0.000000 0.000000 0.000000 0.000000 
0.000000 0.000000 0.000000 0.000000 0.000000 0.000000 0.000000 0.000000 0.000000 0.000000 0.000000 0.000000 0.000000 1.331000 1.331000 1.331000 1.383000 1.932000 2.057000 2.028000 2.000000 2.000000 1.981000 1.961000 1.961000 1.961000 1.961000 0.000000 0.000000 0.000000 0.000000 0.000000 0.000000 0.000000 0.000000 0.000000 0.000000 0.000000 0.000000 0.000000 
0.000000 0.000000 0.000000 0.000000 0.000000 0.000000 0.000000 0.000000 0.000000 0.000000 0.000000 0.000000 0.000000 1.356000 1.356000 1.360000 1.417000 1.924000 2.049000 2.033000 2.018000 2.005000 1.990000 1.976000 1.962000 1.949000 1.943000 0.000000 0.000000 0.000000 0.000000 0.000000 0.000000 0.000000 0.000000 0.000000 0.000000 0.000000 0.000000 0.000000 
0.000000 0.000000 0.000000 0.000000 0.000000 0.000000 0.000000 0.000000 0.000000 0.000000 0.000000 0.000000 0.000000 1.384000 1.387000 1.397000 1.454000 1.909000 2.031000 2.031000 2.031000 2.008000 1.996000 1.984000 1.955000 1.927000 1.915000 0.000000 0.000000 0.000000 0.000000 0.000000 0.000000 0.000000 0.000000 0.000000 0.000000 0.000000 0.000000 0.000000 
0.000000 0.000000 0.000000 0.000000 0.000000 0.000000 0.000000 0.000000 0.000000 0.000000 0.000000 0.000000 0.000000 1.384000 1.399000 1.410000 1.452000 1.886000 2.002000 2.002000 2.002000 2.001000 1.983000 1.955000 1.927000 1.900000 1.888000 0.000000 0.000000 0.000000 0.000000 0.000000 0.000000 0.000000 0.000000 0.000000 0.000000 0.000000 0.000000 0.000000 
0.000000 0.000000 0.000000 0.000000 0.000000 0.000000 0.000000 0.000000 0.000000 0.000000 0.000000 0.000000 0.000000 1.384000 1.400000 1.536000 1.797000 1.936000 1.988000 2.000000 2.000000 2.000000 1.981000 1.953000 1.925000 1.898000 1.886000 0.000000 0.000000 0.000000 0.000000 0.000000 0.000000 0.000000 0.000000 0.000000 0.000000 0.000000 0.000000 0.000000 
0.000000 0.000000 0.000000 0.000000 0.000000 0.000000 0.000000 0.000000 0.000000 0.000000 0.000000 0.000000 0.000000 1.384000 1.400000 1.596000 1.961000 1.961000 1.982000 2.000000 2.000000 2.000000 1.981000 1.950000 1.911000 1.883000 1.871000 0.000000 0.000000 0.000000 0.000000 0.000000 0.000000 0.000000 0.000000 0.000000 0.000000 0.000000 0.000000 0.000000 
0.000000 0.000000 0.000000 0.000000 0.000000 0.000000 0.000000 0.000000 0.000000 0.000000 0.000000 0.000000 0.000000 1.384000 1.400000 1.596000 1.961000 1.961000 1.982000 2.000000 2.000000 2.000000 1.981000 1.945000 1.890000 1.862000 1.850000 0.000000 0.000000 0.000000 0.000000 0.000000 0.000000 0.000000 0.000000 0.000000 0.000000 0.000000 0.000000 0.000000 
0.000000 0.000000 0.000000 0.000000 0.000000 0.000000 0.000000 0.000000 0.000000 0.000000 0.000000 0.000000 0.000000 1.384000 1.400000 1.596000 1.961000 1.961000 1.982000 2.000000 2.000000 2.000000 1.981000 1.945000 1.890000 1.862000 1.850000 0.000000 0.000000 0.000000 0.000000 0.000000 0.000000 0.000000 0.000000 0.000000 0.000000 0.000000 0.000000 0.000000 
0.000000 0.000000 0.000000 0.000000 0.000000 0.000000 0.000000 0.000000 0.000000 0.000000 0.000000 0.000000 0.000000 1.384000 1.400000 1.604000 1.985000 1.985000 1.993000 2.000000 2.000000 2.000000 1.981000 1.950000 1.912000 1.869000 1.850000 0.000000 0.000000 0.000000 0.000000 0.000000 0.000000 0.000000 0.000000 0.000000 0.000000 0.000000 0.000000 0.000000 
0.000000 0.000000 0.000000 0.000000 0.000000 0.000000 0.000000 0.000000 0.000000 0.000000 0.000000 0.000000 0.000000 1.393000 1.404000 1.618000 2.028000 2.028000 2.020000 2.010000 2.000000 2.000000 1.981000 1.953000 1.925000 1.882000 1.863000 0.000000 0.000000 0.000000 0.000000 0.000000 0.000000 0.000000 0.000000 0.000000 0.000000 0.000000 0.000000 0.000000 
0.000000 0.000000 0.000000 0.000000 0.000000 0.000000 0.000000 0.000000 0.000000 0.000000 0.000000 0.000000 0.000000 1.409000 1.409000 1.634000 2.079000 2.079000 2.059000 2.032000 2.003000 2.001000 1.981000 1.953000 1.925000 1.898000 1.886000 0.000000 0.000000 0.000000 0.000000 0.000000 0.000000 0.000000 0.000000 0.000000 0.000000 0.000000 0.000000 0.000000 
0.000000 0.000000 0.000000 0.000000 0.000000 0.000000 0.000000 0.000000 0.000000 0.000000 0.000000 0.000000 0.000000 1.389000 1.389000 1.620000 2.079000 2.079000 2.075000 2.061000 2.032000 2.008000 1.981000 1.953000 1.925000 1.898000 1.886000 0.000000 0.000000 0.000000 0.000000 0.000000 0.000000 0.000000 0.000000 0.000000 0.000000 0.000000 0.000000 0.000000 
0.000000 0.000000 0.000000 0.000000 0.000000 0.000000 0.000000 0.000000 0.000000 0.000000 0.000000 0.000000 0.000000 1.384000 1.384000 1.617000 2.079000 2.079000 2.079000 2.068000 2.039000 2.026000 1.993000 1.953000 1.925000 1.898000 1.886000 0.000000 0.000000 0.000000 0.000000 0.000000 0.000000 0.000000 0.000000 0.000000 0.000000 0.000000 0.000000 0.000000 
0.000000 0.000000 0.000000 0.000000 0.000000 0.000000 0.000000 0.000000 0.000000 0.000000 0.000000 0.000000 0.000000 1.384000 1.384000 1.617000 2.079000 2.079000 2.079000 2.068000 2.039000 2.039000 2.002000 1.953000 1.925000 1.891000 1.876000 0.000000 0.000000 0.000000 0.000000 0.000000 0.000000 0.000000 0.000000 0.000000 0.000000 0.000000 0.000000 0.000000 
0.000000 0.000000 0.000000 0.000000 0.000000 0.000000 0.000000 0.000000 0.000000 0.000000 0.000000 0.000000 0.000000 1.383000 1.392000 1.626000 2.079000 2.079000 2.079000 2.068000 2.039000 2.038000 2.002000 1.954000 1.925000 1.874000 1.850000 0.000000 0.000000 0.000000 0.000000 0.000000 0.000000 0.000000 0.000000 0.000000 0.000000 0.000000 0.000000 0.000000 
0.000000 0.000000 0.000000 0.000000 0.000000 0.000000 0.000000 0.000000 0.000000 0.000000 0.000000 0.000000 0.000000 1.364000 1.691000 1.965000 2.079000 2.079000 2.079000 2.068000 2.039000 2.017000 2.000000 1.976000 1.927000 1.874000 1.850000 0.000000 0.000000 0.000000 0.000000 0.000000 0.000000 0.000000 0.000000 0.000000 0.000000 0.000000 0.000000 0.000000 
0.000000 0.000000 0.000000 0.000000 0.000000 0.000000 0.000000 0.000000 0.000000 0.000000 0.000000 0.000000 0.000000 1.357000 1.791000 2.079000 2.079000 2.079000 2.079000 2.068000 2.039000 2.010000 1.991000 1.969000 1.926000 1.874000 1.850000 0.000000 0.000000 0.000000 0.000000 0.000000 0.000000 0.000000 0.000000 0.000000 0.000000 0.000000 0.000000 0.000000 
0.000000 0.000000 0.000000 0.000000 0.000000 0.000000 0.000000 0.000000 0.000000 0.000000 0.000000 0.000000 0.000000 1.527000 1.864000 2.085000 2.079000 2.079000 2.079000 2.066000 2.030000 2.008000 1.981000 1.950000 1.910000 1.868000 1.850000 0.000000 0.000000 0.000000 0.000000 0.000000 0.000000 0.000000 0.000000 0.000000 0.000000 0.000000 0.000000 0.000000 
0.000000 0.000000 0.000000 0.000000 0.000000 0.000000 0.000000 0.000000 0.000000 0.000000 0.000000 0.000000 0.000000 2.087000 2.107000 2.106000 2.079000 2.079000 2.079000 2.058000 2.002000 2.000000 1.981000 1.938000 1.859000 1.851000 1.850000 0.000000 0.000000 0.000000 0.000000 0.000000 0.000000 0.000000 0.000000 0.000000 0.000000 0.000000 0.000000 0.000000 
0.000000 0.000000 0.000000 0.000000 0.000000 0.000000 0.000000 0.000000 0.000000 0.000000 0.000000 0.000000 0.000000 2.121000 2.121000 2.107000 2.079000 2.079000 2.079000 2.057000 2.000000 2.000000 1.981000 1.938000 1.856000 1.850000 1.850000 0.000000 0.000000 0.000000 0.000000 0.000000 0.000000 0.000000 0.000000 0.000000 0.000000 0.000000 0.000000 0.000000 
0.000000 0.000000 0.000000 0.000000 0.000000 0.000000 0.000000 0.000000 0.000000 0.000000 0.000000 0.000000 0.000000 2.121000 2.121000 2.107000 2.079000 2.079000 2.079000 2.062000 2.016000 2.004000 1.989000 1.951000 1.857000 1.850000 1.850000 0.000000 0.000000 0.000000 0.000000 0.000000 0.000000 0.000000 0.000000 0.000000 0.000000 0.000000 0.000000 0.000000 
0.000000 0.000000 0.000000 0.000000 0.000000 0.000000 0.000000 0.000000 0.000000 0.000000 0.000000 0.000000 0.000000 2.121000 2.117000 2.102000 2.079000 2.079000 2.079000 2.070000 2.045000 2.012000 2.000000 1.970000 1.864000 1.852000 1.850000 0.000000 0.000000 0.000000 0.000000 0.000000 0.000000 0.000000 0.000000 0.000000 0.000000 0.000000 0.000000 0.000000 
0.000000 0.000000 0.000000 0.000000 0.000000 0.000000 0.000000 0.000000 0.000000 0.000000 0.000000 0.000000 0.000000 2.121000 2.098000 2.082000 2.079000 2.079000 2.079000 2.078000 2.074000 2.019000 2.000000 1.975000 1.889000 1.860000 1.850000 0.000000 0.000000 0.000000 0.000000 0.000000 0.000000 0.000000 0.000000 0.000000 0.000000 0.000000 0.000000 0.000000 
0.000000 0.000000 0.000000 0.000000 0.000000 0.000000 0.000000 0.000000 0.000000 0.000000 0.000000 0.000000 0.000000 2.121000 2.096000 2.079000 2.079000 2.079000 2.079000 2.079000 2.078000 2.020000 2.000000 1.981000 1.914000 1.869000 1.850000 0.000000 0.000000 0.000000 0.000000 0.000000 0.000000 0.000000 0.000000 0.000000 0.000000 0.000000 0.000000 0.000000 
0.000000 0.000000 0.000000 0.000000 0.000000 0.000000 0.000000 0.000000 0.000000 0.000000 0.000000 0.000000 0.000000 2.106000 2.081000 2.065000 2.066000 2.076000 2.079000 2.079000 2.078000 2.020000 1.993000 1.973000 1.927000 1.874000 1.850000 0.000000 0.000000 0.000000 0.000000 0.000000 0.000000 0.000000 0.000000 0.000000 0.000000 0.000000 0.000000 0.000000 
0.000000 0.000000 0.000000 0.000000 0.000000 0.000000 0.000000 0.000000 0.000000 0.000000 0.000000 0.000000 0.000000 2.079000 2.053000 2.035000 2.038000 2.067000 2.073000 2.071000 2.071000 2.019000 1.981000 1.954000 1.929000 1.875000 1.850000 0.000000 0.000000 0.000000 0.000000 0.000000 0.000000 0.000000 0.000000 0.000000 0.000000 0.000000 0.000000 0.000000 
0.000000 0.000000 0.000000 0.000000 0.000000 0.000000 0.000000 0.000000 0.000000 0.000000 0.000000 0.000000 0.000000 2.079000 2.035000 2.007000 2.009000 2.038000 2.028000 2.013000 2.013000 2.003000 1.981000 1.960000 1.955000 1.884000 1.850000 0.000000 0.000000 0.000000 0.000000 0.000000 0.000000 0.000000 0.000000 0.000000 0.000000 0.000000 0.000000 0.000000 
0.000000 0.000000 0.000000 0.000000 0.000000 0.000000 0.000000 0.000000 0.000000 0.000000 0.000000 0.000000 0.000000 1.970000 1.949000 1.936000 1.937000 1.949000 1.955000 1.957000 1.957000 1.972000 1.931000 1.879000 1.879000 1.846000 1.830000 0.000000 0.000000 0.000000 0.000000 0.000000 0.000000 0.000000 0.000000 0.000000 0.000000 0.000000 0.000000 0.000000 
0.000000 0.000000 0.000000 0.000000 0.000000 0.000000 0.000000 0.000000 0.000000 0.000000 0.000000 0.000000 0.000000 1.886000 1.886000 1.886000 1.886000 1.886000 1.906000 1.923000 1.923000 1.951000 1.892000 1.815000 1.815000 1.815000 1.815000 0.000000 0.000000 0.000000 0.000000 0.000000 0.000000 0.000000 0.000000 0.000000 0.000000 0.000000 0.000000 0.000000 
0.000000 0.000000 0.000000 0.000000 0.000000 0.000000 0.000000 0.000000 0.000000 0.000000 0.000000 0.000000 0.000000 0.000000 0.000000 0.000000 0.000000 0.000000 0.000000 0.000000 0.000000 0.000000 0.000000 0.000000 0.000000 0.000000 0.000000 0.000000 0.000000 0.000000 0.000000 0.000000 0.000000 0.000000 0.000000 0.000000 0.000000 0.000000 0.000000 0.000000 
0.000000 0.000000 0.000000 0.000000 0.000000 0.000000 0.000000 0.000000 0.000000 0.000000 0.000000 0.000000 0.000000 0.000000 0.000000 0.000000 0.000000 0.000000 0.000000 0.000000 0.000000 0.000000 0.000000 0.000000 0.000000 0.000000 0.000000 0.000000 0.000000 0.000000 0.000000 0.000000 0.000000 0.000000 0.000000 0.000000 0.000000 0.000000 0.000000 0.000000 
