0.000000,0.000000,0.000000,0.000000,0.000000,0.000000,0.000000,0.000000,0.000000,0.000000,0.000000,0.000000,0.000000,0.000000,0.000000,0.000000,0.000000,0.000000,0.000000,0.000000,0.000000,0.000000,0.000000,0.000000,0.000000,0.000000,0.000000,0.000000,0.000000,0.000000,0.000000,0.000000,0.000000,0.000000,0.000000,0.000000,0.000000,0.000000,0.000000,0.000000,
0.000000,0.000000,0.000000,0.000000,0.000000,0.000000,0.000000,0.000000,0.000000,0.000000,0.000000,0.000000,0.000000,0.000000,0.000000,0.000000,0.000000,0.000000,0.000000,0.000000,0.000000,0.000000,0.000000,0.000000,0.000000,0.000000,0.000000,0.000000,0.000000,0.000000,0.000000,0.000000,0.000000,0.000000,0.000000,0.000000,0.000000,0.000000,0.000000,0.000000,
0.000000,0.000000,0.000000,0.000000,0.000000,0.000000,0.000000,0.000000,0.000000,0.000000,0.000000,0.000000,0.000000,0.000000,0.000000,0.000000,0.000000,0.000000,0.000000,0.000000,0.000000,0.000000,0.000000,0.000000,0.000000,0.000000,0.000000,0.000000,0.000000,0.000000,0.000000,0.000000,0.000000,0.000000,0.000000,0.000000,0.000000,0.000000,0.000000,0.000000,
0.000000,0.000000,0.000000,0.000000,0.000000,0.000000,0.000000,0.000000,0.000000,0.000000,0.000000,0.000000,0.000000,0.000000,0.000000,0.000000,0.000000,0.000000,0.000000,0.000000,0.000000,0.000000,0.000000,0.000000,0.000000,0.000000,0.000000,0.000000,0.000000,0.000000,0.000000,0.000000,0.000000,0.000000,0.000000,0.000000,0.000000,0.000000,0.000000,0.000000,
0.000000,0.000000,0.000000,0.000000,0.000000,0.000000,0.000000,0.000000,0.000000,0.000000,0.000000,0.000000,0.000000,0.000000,0.000000,0.000000,0.000000,0.000000,0.000000,0.000000,0.000000,0.000000,0.000000,0.000000,0.000000,0.000000,0.000000,0.000000,0.000000,0.000000,0.000000,0.000000,0.000000,0.000000,0.000000,0.000000,0.000000,0.000000,0.000000,0.000000,
0.000000,0.000000,0.000000,0.000000,0.000000,0.000000,0.000000,0.000000,0.000000,0.000000,0.000000,0.000000,0.000000,0.000000,0.000000,0.000000,0.000000,0.000000,0.000000,0.000000,0.000000,0.000000,0.000000,0.000000,0.000000,0.000000,0.000000,0.000000,0.000000,0.000000,0.000000,0.000000,0.000000,0.000000,0.000000,0.000000,0.000000,0.000000,0.000000,0.000000,
0.000000,0.000000,0.000000,0.000000,0.000000,0.000000,0.000000,0.000000,0.000000,0.000000,0.000000,0.000000,0.000000,0.000000,0.000000,0.000000,0.000000,0.000000,0.000000,0.000000,0.000000,0.000000,0.000000,0.000000,0.000000,0.000000,0.000000,0.000000,0.000000,0.000000,0.000000,0.000000,0.000000,0.000000,0.000000,0.000000,0.000000,0.000000,0.000000,0.000000,
0.000000,0.000000,0.000000,0.000000,0.000000,0.000000,0.000000,0.000000,0.000000,0.000000,0.000000,0.000000,0.000000,0.000000,0.000000,0.000000,0.000000,0.000000,0.000000,0.000000,0.000000,0.000000,0.000000,0.000000,0.000000,0.000000,0.000000,0.000000,0.000000,0.000000,0.000000,0.000000,0.000000,0.000000,0.000000,0.000000,0.000000,0.000000,0.000000,0.000000,
0.000000,0.000000,0.000000,0.000000,0.000000,0.000000,0.000000,0.000000,0.000000,0.000000,0.000000,0.000000,0.000000,0.000000,0.000000,0.000000,0.000000,0.000000,0.000000,0.000000,0.000000,0.000000,0.000000,0.000000,0.000000,0.000000,0.000000,0.000000,0.000000,0.000000,0.000000,0.000000,0.000000,0.000000,0.000000,0.000000,0.000000,0.000000,0.000000,0.000000,
0.000000,0.000000,0.000000,0.000000,0.000000,0.000000,0.000000,0.000000,0.000000,0.000000,0.000000,0.000000,0.000000,0.000000,0.000000,0.000000,0.000000,0.000000,0.000000,0.000000,0.000000,0.000000,0.000000,0.000000,0.000000,0.000000,0.000000,0.000000,0.000000,0.000000,0.000000,0.000000,0.000000,0.000000,0.000000,0.000000,0.000000,0.000000,0.000000,0.000000,
0.000000,0.000000,0.000000,0.000000,0.000000,0.000000,0.000000,0.000000,0.000000,0.000000,0.000000,0.000000,0.000000,0.000000,0.000000,0.000000,0.000000,0.000000,0.000000,0.000000,0.000000,0.000000,0.000000,0.000000,0.000000,0.000000,0.000000,0.000000,0.000000,0.000000,0.000000,0.000000,0.000000,0.000000,0.000000,0.000000,0.000000,0.000000,0.000000,0.000000,
0.000000,0.000000,0.000000,0.000000,0.000000,0.000000,0.000000,0.000000,0.000000,0.000000,0.000000,0.000000,0.000000,0.000000,0.000000,0.000000,0.000000,0.000000,0.000000,0.000000,0.000000,0.000000,0.000000,0.000000,0.000000,0.000000,0.000000,0.000000,0.000000,0.000000,0.000000,0.000000,0.000000,0.000000,0.000000,0.000000,0.000000,0.000000,0.000000,0.000000,
0.000000,0.000000,2.982000,2.982000,2.982000,0.000000,0.000000,0.000000,2.890000,2.857000,2.857000,2.857000,2.857000,2.857000,2.857000,2.857000,2.857000,2.714000,2.263000,1.899000,1.857000,1.820000,1.820000,1.820000,1.820000,1.820000,1.820000,1.820000,1.854000,1.895000,1.908000,1.908000,1.908000,1.908000,1.887000,1.846000,1.804000,1.763000,1.734000,1.734000,
2.969000,2.869000,2.773000,2.773000,2.773000,2.818000,2.867000,2.796000,2.700000,2.674000,2.674000,2.674000,2.674000,2.674000,2.674000,2.670000,2.661000,2.542000,2.187000,1.899000,1.857000,1.820000,1.820000,1.820000,1.820000,1.820000,1.820000,1.820000,1.854000,1.895000,1.902000,1.893000,1.889000,1.889000,1.873000,1.840000,1.804000,1.763000,1.734000,1.734000,
2.383000,2.344000,2.306000,2.306000,2.306000,2.324000,2.343000,2.315000,2.277000,2.267000,2.267000,2.267000,2.267000,2.267000,2.267000,2.254000,2.224000,2.159000,2.018000,1.899000,1.857000,1.820000,1.820000,1.820000,1.820000,1.820000,1.820000,1.820000,1.854000,1.895000,1.888000,1.859000,1.847000,1.847000,1.841000,1.828000,1.804000,1.763000,1.734000,1.734000,
2.000000,2.000000,2.000000,2.000000,2.000000,2.000000,2.000000,1.994000,1.987000,1.985000,1.985000,1.985000,1.985000,1.985000,1.985000,1.970000,1.933000,1.908000,1.908000,1.901000,1.866000,1.834000,1.834000,1.834000,1.834000,1.834000,1.834000,1.834000,1.863000,1.897000,1.879000,1.837000,1.820000,1.820000,1.820000,1.820000,1.804000,1.763000,1.734000,1.734000,
2.000000,2.000000,2.000000,2.000000,2.000000,2.000000,2.000000,1.977000,1.949000,1.941000,1.941000,1.941000,1.941000,1.941000,1.941000,1.935000,1.919000,1.908000,1.908000,1.905000,1.890000,1.876000,1.876000,1.876000,1.876000,1.876000,1.876000,1.876000,1.888000,1.903000,1.879000,1.837000,1.820000,1.820000,1.820000,1.820000,1.804000,1.763000,1.734000,1.734000,
2.000000,2.000000,2.000000,2.000000,2.000000,2.000000,2.000000,1.964000,1.920000,1.908000,1.908000,1.908000,1.908000,1.908000,1.908000,1.908000,1.908000,1.908000,1.908000,1.909000,1.914000,1.919000,1.919000,1.919000,1.919000,1.919000,1.914000,1.909000,1.908000,1.908000,1.879000,1.837000,1.820000,1.820000,1.820000,1.820000,1.806000,1.770000,1.744000,1.744000,
2.000000,2.000000,2.000000,2.000000,2.000000,2.000000,2.000000,1.964000,1.920000,1.908000,1.908000,1.908000,1.908000,1.908000,1.908000,1.908000,1.908000,1.908000,1.908000,1.914000,1.939000,1.962000,1.962000,1.962000,1.962000,1.962000,1.939000,1.913000,1.908000,1.908000,1.879000,1.837000,1.820000,1.820000,1.820000,1.820000,1.813000,1.797000,1.785000,1.785000,
2.000000,2.000000,2.000000,2.000000,2.000000,2.000000,2.000000,1.966000,1.925000,1.912000,1.909000,1.908000,1.908000,1.908000,1.908000,1.908000,1.908000,1.908000,1.908000,1.917000,1.958000,1.994000,1.994000,1.994000,1.994000,1.994000,1.957000,1.916000,1.908000,1.908000,1.881000,1.842000,1.826000,1.826000,1.826000,1.826000,1.825000,1.822000,1.820000,1.820000,
2.000000,2.000000,2.000000,2.000000,2.000000,2.000000,2.000000,1.983000,1.963000,1.941000,1.917000,1.908000,1.908000,1.908000,1.908000,1.908000,1.908000,1.908000,1.908000,1.912000,1.932000,1.950000,1.950000,1.950000,1.950000,1.950000,1.932000,1.912000,1.908000,1.908000,1.895000,1.875000,1.868000,1.868000,1.868000,1.868000,1.859000,1.836000,1.820000,1.820000,
2.000000,2.000000,2.000000,2.000000,2.000000,2.000000,2.000000,2.000000,2.000000,1.968000,1.924000,1.908000,1.908000,1.908000,1.908000,1.908000,1.908000,1.908000,1.908000,1.908000,1.908000,1.908000,1.908000,1.908000,1.908000,1.908000,1.908000,1.908000,1.908000,1.908000,1.908000,1.908000,1.908000,1.908000,1.908000,1.908000,1.892000,1.850000,1.820000,1.818000,
2.000000,2.000000,2.000000,2.000000,2.000000,2.000000,2.000000,2.000000,2.000000,1.968000,1.924000,1.908000,1.908000,1.908000,1.908000,1.908000,1.908000,1.908000,1.908000,1.908000,1.908000,1.908000,1.908000,1.908000,1.908000,1.908000,1.908000,1.908000,1.908000,1.908000,1.908000,1.908000,1.908000,1.908000,1.908000,1.908000,1.892000,1.850000,1.809000,1.769000,
2.000000,2.000000,2.000000,2.000000,2.000000,2.000000,2.000000,2.000000,2.000000,1.968000,1.924000,1.908000,1.908000,1.908000,1.908000,1.908000,1.908000,1.908000,1.908000,1.908000,1.908000,1.908000,1.908000,1.908000,1.908000,1.908000,1.908000,1.908000,1.908000,1.908000,1.908000,1.908000,1.908000,1.908000,1.908000,1.908000,1.892000,1.850000,1.798000,1.720000,
2.000000,2.000000,2.000000,2.000000,2.000000,2.000000,2.000000,2.000000,2.000000,1.968000,1.924000,1.908000,1.908000,1.908000,1.908000,1.908000,1.908000,1.908000,1.908000,1.908000,1.908000,1.908000,1.908000,1.908000,1.889000,1.871000,1.869000,1.869000,1.869000,1.869000,1.882000,1.900000,1.908000,1.908000,1.908000,1.908000,1.892000,1.850000,1.797000,1.717000,
2.000000,2.000000,2.000000,2.000000,2.000000,2.000000,2.000000,2.000000,2.000000,1.968000,1.924000,1.908000,1.908000,1.908000,1.908000,1.908000,1.908000,1.908000,1.908000,1.908000,1.908000,1.908000,1.908000,1.908000,1.869000,1.831000,1.827000,1.827000,1.827000,1.827000,1.854000,1.892000,1.908000,1.908000,1.908000,1.908000,1.892000,1.850000,1.797000,1.717000,
2.000000,2.000000,2.000000,2.000000,2.000000,2.000000,2.000000,2.000000,2.000000,1.968000,1.924000,1.908000,1.908000,1.908000,1.908000,1.908000,1.908000,1.908000,1.908000,1.908000,1.908000,1.908000,1.908000,1.908000,1.866000,1.824000,1.820000,1.820000,1.820000,1.820000,1.849000,1.891000,1.908000,1.908000,1.908000,1.908000,1.892000,1.850000,1.797000,1.717000,
0.000000,0.000000,0.000000,0.000000,0.000000,0.000000,0.000000,0.000000,0.000000,0.000000,0.000000,0.000000,0.000000,0.000000,0.000000,0.000000,0.000000,0.000000,0.000000,0.000000,0.000000,0.000000,0.000000,0.000000,0.000000,0.000000,0.000000,0.000000,0.000000,0.000000,0.000000,0.000000,0.000000,0.000000,0.000000,0.000000,0.000000,0.000000,0.000000,0.000000,
0.000000,0.000000,0.000000,0.000000,0.000000,0.000000,0.000000,0.000000,0.000000,0.000000,0.000000,0.000000,0.000000,0.000000,0.000000,0.000000,0.000000,0.000000,0.000000,0.000000,0.000000,0.000000,0.000000,0.000000,0.000000,0.000000,0.000000,0.000000,0.000000,0.000000,0.000000,0.000000,0.000000,0.000000,0.000000,0.000000,0.000000,0.000000,0.000000,0.000000,
0.000000,0.000000,0.000000,0.000000,0.000000,0.000000,0.000000,0.000000,0.000000,0.000000,0.000000,0.000000,0.000000,0.000000,0.000000,0.000000,0.000000,0.000000,0.000000,0.000000,0.000000,0.000000,0.000000,0.000000,0.000000,0.000000,0.000000,0.000000,0.000000,0.000000,0.000000,0.000000,0.000000,0.000000,0.000000,0.000000,0.000000,0.000000,0.000000,0.000000,
0.000000,0.000000,0.000000,0.000000,0.000000,0.000000,0.000000,0.000000,0.000000,0.000000,0.000000,0.000000,0.000000,0.000000,0.000000,0.000000,0.000000,0.000000,0.000000,0.000000,0.000000,0.000000,0.000000,0.000000,0.000000,0.000000,0.000000,0.000000,0.000000,0.000000,0.000000,0.000000,0.000000,0.000000,0.000000,0.000000,0.000000,0.000000,0.000000,0.000000,
0.000000,0.000000,0.000000,0.000000,0.000000,0.000000,0.000000,0.000000,0.000000,0.000000,0.000000,0.000000,0.000000,0.000000,0.000000,0.000000,0.000000,0.000000,0.000000,0.000000,0.000000,0.000000,0.000000,0.000000,0.000000,0.000000,0.000000,0.000000,0.000000,0.000000,0.000000,0.000000,0.000000,0.000000,0.000000,0.000000,0.000000,0.000000,0.000000,0.000000,
0.000000,0.000000,0.000000,0.000000,0.000000,0.000000,0.000000,0.000000,0.000000,0.000000,0.000000,0.000000,0.000000,0.000000,0.000000,0.000000,0.000000,0.000000,0.000000,0.000000,0.000000,0.000000,0.000000,0.000000,0.000000,0.000000,0.000000,0.000000,0.000000,0.000000,0.000000,0.000000,0.000000,0.000000,0.000000,0.000000,0.000000,0.000000,0.000000,0.000000,
0.000000,0.000000,0.000000,0.000000,0.000000,0.000000,0.000000,0.000000,0.000000,0.000000,0.000000,0.000000,0.000000,0.000000,0.000000,0.000000,0.000000,0.000000,0.000000,0.000000,0.000000,0.000000,0.000000,0.000000,0.000000,0.000000,0.000000,0.000000,0.000000,0.000000,0.000000,0.000000,0.000000,0.000000,0.000000,0.000000,0.000000,0.000000,0.000000,0.000000,
0.000000,0.000000,0.000000,0.000000,0.000000,0.000000,0.000000,0.000000,0.000000,0.000000,0.000000,0.000000,0.000000,0.000000,0.000000,0.000000,0.000000,0.000000,0.000000,0.000000,0.000000,0.000000,0.000000,0.000000,0.000000,0.000000,0.000000,0.000000,0.000000,0.000000,0.000000,0.000000,0.000000,0.000000,0.000000,0.000000,0.000000,0.000000,0.000000,0.000000,
0.000000,0.000000,0.000000,0.000000,0.000000,0.000000,0.000000,0.000000,0.000000,0.000000,0.000000,0.000000,0.000000,0.000000,0.000000,0.000000,0.000000,0.000000,0.000000,0.000000,0.000000,0.000000,0.000000,0.000000,0.000000,0.000000,0.000000,0.000000,0.000000,0.000000,0.000000,0.000000,0.000000,0.000000,0.000000,0.000000,0.000000,0.000000,0.000000,0.000000,
0.000000,0.000000,0.000000,0.000000,0.000000,0.000000,0.000000,0.000000,0.000000,0.000000,0.000000,0.000000,0.000000,0.000000,0.000000,0.000000,0.000000,0.000000,0.000000,0.000000,0.000000,0.000000,0.000000,0.000000,0.000000,0.000000,0.000000,0.000000,0.000000,0.000000,0.000000,0.000000,0.000000,0.000000,0.000000,0.000000,0.000000,0.000000,0.000000,0.000000,
0.000000,0.000000,0.000000,0.000000,0.000000,0.000000,0.000000,0.000000,0.000000,0.000000,0.000000,0.000000,0.000000,0.000000,0.000000,0.000000,0.000000,0.000000,0.000000,0.000000,0.000000,0.000000,0.000000,0.000000,0.000000,0.000000,0.000000,0.000000,0.000000,0.000000,0.000000,0.000000,0.000000,0.000000,0.000000,0.000000,0.000000,0.000000,0.000000,0.000000,
0.000000,0.000000,0.000000,0.000000,0.000000,0.000000,0.000000,0.000000,0.000000,0.000000,0.000000,0.000000,0.000000,0.000000,0.000000,0.000000,0.000000,0.000000,0.000000,0.000000,0.000000,0.000000,0.000000,0.000000,0.000000,0.000000,0.000000,0.000000,0.000000,0.000000,0.000000,0.000000,0.000000,0.000000,0.000000,0.000000,0.000000,0.000000,0.000000,0.000000,
0.000000,0.000000,0.000000,0.000000,0.000000,0.000000,0.000000,0.000000,0.000000,0.000000,0.000000,0.000000,0.000000,0.000000,0.000000,0.000000,0.000000,0.000000,0.000000,0.000000,0.000000,0.000000,0.000000,0.000000,0.000000,0.000000,0.000000,0.000000,0.000000,0.000000,0.000000,0.000000,0.000000,0.000000,0.000000,0.000000,0.000000,0.000000,0.000000,0.000000,
