0.000000,0.000000,0.000000,0.000000,0.000000,0.000000,0.000000,0.000000,0.000000,0.000000,0.000000,0.000000,0.000000,0.000000,0.000000,0.000000,0.000000,0.000000,0.000000,0.000000,0.000000,0.000000,0.000000,0.000000,0.000000,0.000000,0.000000,0.000000,0.000000,0.000000,0.000000,0.000000,0.000000,0.000000,0.000000,0.000000,0.000000,0.000000,0.000000,0.000000,
0.000000,0.000000,0.000000,0.000000,0.000000,0.000000,0.000000,0.000000,0.000000,0.000000,0.000000,0.000000,0.000000,0.000000,0.000000,0.000000,0.000000,0.000000,0.000000,0.000000,0.000000,0.000000,0.000000,0.000000,0.000000,0.000000,0.000000,0.000000,0.000000,0.000000,0.000000,0.000000,0.000000,0.000000,0.000000,0.000000,0.000000,0.000000,0.000000,0.000000,
0.000000,0.000000,0.000000,0.000000,0.000000,0.000000,0.000000,0.000000,0.000000,0.000000,0.000000,0.000000,0.000000,0.000000,0.000000,0.000000,0.000000,0.000000,0.000000,0.000000,0.000000,0.000000,0.000000,0.000000,0.000000,0.000000,0.000000,0.000000,0.000000,0.000000,0.000000,0.000000,0.000000,0.000000,0.000000,0.000000,0.000000,0.000000,0.000000,0.000000,
0.000000,0.000000,0.000000,0.000000,0.000000,0.000000,0.000000,0.000000,0.000000,0.000000,0.000000,0.000000,0.000000,0.000000,0.000000,0.000000,0.000000,0.000000,0.000000,0.000000,0.000000,0.000000,0.000000,0.000000,0.000000,0.000000,0.000000,0.000000,0.000000,0.000000,0.000000,0.000000,0.000000,0.000000,0.000000,0.000000,0.000000,0.000000,0.000000,0.000000,
0.000000,0.000000,0.000000,0.000000,0.000000,0.000000,0.000000,0.000000,0.000000,0.000000,0.000000,0.000000,0.000000,0.000000,0.000000,0.000000,0.000000,0.000000,0.000000,0.000000,0.000000,0.000000,0.000000,0.000000,0.000000,0.000000,0.000000,0.000000,0.000000,0.000000,0.000000,0.000000,0.000000,0.000000,0.000000,0.000000,0.000000,0.000000,0.000000,0.000000,
0.000000,0.000000,0.000000,0.000000,0.000000,1.787000,1.787000,1.787000,1.787000,1.787000,1.787000,1.787000,1.787000,1.817000,1.884000,1.950000,2.000000,2.000000,2.000000,1.928000,0.000000,0.000000,0.000000,0.000000,0.000000,0.000000,1.209000,1.209000,1.209000,1.188000,1.134000,1.080000,1.034000,1.034000,0.000000,0.000000,0.000000,0.000000,0.000000,0.000000,
0.000000,0.000000,0.000000,0.000000,0.000000,1.787000,1.787000,1.787000,1.787000,1.787000,1.787000,1.787000,1.787000,1.817000,1.884000,1.950000,2.000000,2.000000,2.000000,1.928000,0.000000,0.000000,0.000000,0.000000,0.000000,0.000000,1.209000,1.209000,1.209000,1.188000,1.134000,1.080000,1.034000,1.034000,0.000000,0.000000,0.000000,0.000000,0.000000,0.000000,
0.000000,0.000000,0.000000,0.000000,0.000000,1.787000,1.787000,1.787000,1.787000,1.787000,1.787000,1.787000,1.787000,1.817000,1.884000,1.950000,2.000000,2.000000,2.000000,1.948000,0.000000,0.000000,0.000000,0.000000,0.000000,0.000000,1.260000,1.260000,1.260000,1.239000,1.184000,1.129000,1.083000,1.083000,0.000000,0.000000,0.000000,0.000000,0.000000,0.000000,
0.000000,0.000000,0.000000,0.000000,0.000000,1.787000,1.787000,1.787000,1.787000,1.787000,1.787000,1.787000,1.787000,1.817000,1.884000,1.950000,2.000000,2.000000,2.000000,1.970000,0.000000,0.000000,0.000000,0.000000,0.000000,0.000000,1.317000,1.317000,1.317000,1.296000,1.240000,1.184000,1.137000,1.137000,0.000000,0.000000,0.000000,0.000000,0.000000,0.000000,
0.000000,0.000000,0.000000,0.000000,0.000000,1.787000,1.787000,1.787000,1.787000,1.787000,1.787000,1.787000,1.787000,1.817000,1.884000,1.950000,2.000000,2.000000,2.000000,1.993000,1.722000,1.452000,1.181000,1.192000,1.268000,1.344000,1.374000,1.374000,1.374000,1.353000,1.296000,1.239000,1.191000,1.191000,0.000000,0.000000,0.000000,0.000000,0.000000,0.000000,
0.000000,0.000000,0.000000,0.000000,0.000000,1.832000,1.832000,1.832000,1.832000,1.832000,1.822000,1.808000,1.795000,1.811000,1.863000,1.916000,1.955000,1.955000,1.955000,1.956000,1.970000,1.983000,1.997000,1.879000,1.730000,1.581000,1.521000,1.521000,1.521000,1.498000,1.439000,1.380000,1.330000,1.330000,0.000000,0.000000,0.000000,0.000000,0.000000,0.000000,
0.000000,0.000000,0.000000,0.000000,0.000000,1.898000,1.898000,1.898000,1.898000,1.898000,1.875000,1.840000,1.806000,1.802000,1.833000,1.865000,1.889000,1.889000,1.889000,1.890000,1.924000,1.959000,1.993000,1.927000,1.836000,1.746000,1.709000,1.709000,1.709000,1.686000,1.624000,1.562000,1.510000,1.510000,0.000000,0.000000,0.000000,0.000000,0.000000,0.000000,
0.000000,0.000000,0.000000,0.000000,0.000000,1.964000,1.964000,1.964000,1.964000,1.964000,1.927000,1.872000,1.817000,1.792000,1.803000,1.814000,1.823000,1.823000,1.823000,1.824000,1.879000,1.934000,1.990000,1.974000,1.943000,1.911000,1.898000,1.898000,1.898000,1.874000,1.809000,1.744000,1.690000,1.690000,0.000000,0.000000,0.000000,0.000000,0.000000,0.000000,
0.000000,0.000000,0.000000,0.000000,0.000000,1.970000,1.970000,1.970000,1.970000,1.970000,1.931000,1.874000,1.818000,1.787000,1.787000,1.787000,1.789000,1.799000,1.808000,1.819000,1.876000,1.932000,1.989000,2.000000,2.000000,2.000000,1.994000,1.985000,1.975000,1.948000,1.891000,1.835000,1.787000,1.787000,0.000000,0.000000,0.000000,0.000000,0.000000,0.000000,
0.000000,0.000000,0.000000,0.000000,0.000000,1.903000,1.903000,1.903000,1.903000,1.903000,1.879000,1.843000,1.807000,1.787000,1.787000,1.787000,1.794000,1.824000,1.854000,1.885000,1.921000,1.957000,1.993000,2.000000,2.000000,2.000000,1.982000,1.952000,1.922000,1.890000,1.853000,1.817000,1.787000,1.787000,0.000000,0.000000,0.000000,0.000000,0.000000,0.000000,
0.000000,0.000000,0.000000,0.000000,0.000000,1.837000,1.837000,1.837000,1.837000,1.837000,1.827000,1.811000,1.795000,1.787000,1.787000,1.787000,1.799000,1.850000,1.901000,1.950000,1.966000,1.981000,1.997000,2.000000,2.000000,2.000000,1.970000,1.919000,1.869000,1.831000,1.816000,1.800000,1.787000,1.787000,0.000000,0.000000,0.000000,0.000000,0.000000,0.000000,
0.000000,0.000000,0.000000,0.000000,0.000000,1.772000,1.772000,1.776000,1.781000,1.785000,1.787000,1.787000,1.787000,1.787000,1.787000,1.787000,1.803000,1.869000,1.936000,2.000000,2.000000,2.000000,2.000000,2.000000,2.000000,2.000000,1.961000,1.894000,1.828000,1.785000,1.780000,1.776000,1.772000,1.772000,0.000000,0.000000,0.000000,0.000000,0.000000,0.000000,
0.000000,0.000000,0.000000,0.000000,0.000000,1.709000,1.709000,1.731000,1.755000,1.779000,1.787000,1.787000,1.787000,1.787000,1.787000,1.787000,1.803000,1.869000,1.936000,2.000000,2.000000,2.000000,2.000000,2.000000,2.000000,2.000000,1.961000,1.894000,1.828000,1.778000,1.754000,1.730000,1.709000,1.709000,0.000000,0.000000,0.000000,0.000000,0.000000,0.000000,
0.000000,0.000000,0.000000,0.000000,0.000000,1.647000,1.647000,1.686000,1.729000,1.773000,1.787000,1.787000,1.787000,1.787000,1.787000,1.787000,1.803000,1.869000,1.936000,2.000000,2.000000,2.000000,2.000000,2.000000,2.000000,2.000000,1.961000,1.894000,1.828000,1.771000,1.727000,1.683000,1.647000,1.647000,0.000000,0.000000,0.000000,0.000000,0.000000,0.000000,
0.000000,0.000000,0.000000,0.000000,0.000000,1.584000,1.584000,1.640000,1.703000,1.765000,1.785000,1.785000,1.785000,1.786000,1.786000,1.787000,1.803000,1.869000,1.934000,1.998000,1.998000,1.998000,1.998000,1.998000,1.998000,1.998000,1.959000,1.894000,1.828000,1.763000,1.701000,1.638000,1.586000,1.586000,0.000000,0.000000,0.000000,0.000000,0.000000,0.000000,
0.000000,0.000000,0.000000,0.000000,0.000000,1.524000,1.524000,1.579000,1.641000,1.703000,1.723000,1.723000,1.723000,1.732000,1.752000,1.772000,1.798000,1.843000,1.888000,1.932000,1.932000,1.932000,1.932000,1.932000,1.932000,1.932000,1.905000,1.860000,1.815000,1.763000,1.701000,1.638000,1.586000,1.586000,0.000000,0.000000,0.000000,0.000000,0.000000,0.000000,
0.000000,0.000000,0.000000,0.000000,0.000000,1.464000,1.464000,1.519000,1.580000,1.641000,1.660000,1.660000,1.660000,1.678000,1.718000,1.757000,1.793000,1.817000,1.842000,1.866000,1.866000,1.866000,1.866000,1.866000,1.866000,1.866000,1.851000,1.827000,1.802000,1.763000,1.701000,1.638000,1.586000,1.586000,0.000000,0.000000,0.000000,0.000000,0.000000,0.000000,
0.000000,0.000000,0.000000,0.000000,0.000000,1.404000,1.404000,1.458000,1.518000,1.578000,1.598000,1.598000,1.598000,1.625000,1.684000,1.742000,1.788000,1.792000,1.796000,1.800000,1.800000,1.800000,1.800000,1.800000,1.800000,1.800000,1.797000,1.793000,1.789000,1.763000,1.701000,1.638000,1.586000,1.586000,0.000000,0.000000,0.000000,0.000000,0.000000,0.000000,
0.000000,0.000000,0.000000,0.000000,0.000000,1.393000,1.393000,1.433000,1.478000,1.523000,1.537000,1.537000,1.537000,1.573000,1.651000,1.728000,1.787000,1.787000,1.787000,1.787000,1.787000,1.787000,1.787000,1.787000,1.787000,1.787000,1.787000,1.787000,1.787000,1.763000,1.701000,1.638000,1.586000,1.586000,0.000000,0.000000,0.000000,0.000000,0.000000,0.000000,
0.000000,0.000000,0.000000,0.000000,0.000000,1.393000,1.393000,1.416000,1.443000,1.469000,1.477000,1.477000,1.477000,1.522000,1.618000,1.714000,1.787000,1.787000,1.787000,1.787000,1.787000,1.787000,1.787000,1.787000,1.787000,1.787000,1.787000,1.787000,1.787000,1.763000,1.701000,1.638000,1.586000,1.586000,0.000000,0.000000,0.000000,0.000000,0.000000,0.000000,
0.000000,0.000000,0.000000,0.000000,0.000000,1.393000,1.393000,1.400000,1.407000,1.415000,1.417000,1.417000,1.417000,1.470000,1.585000,1.700000,1.787000,1.787000,1.787000,1.787000,1.787000,1.787000,1.787000,1.787000,1.787000,1.787000,1.787000,1.787000,1.787000,1.763000,1.701000,1.638000,1.586000,1.586000,0.000000,0.000000,0.000000,0.000000,0.000000,0.000000,
0.000000,0.000000,0.000000,0.000000,0.000000,1.359000,1.359000,1.359000,1.359000,1.359000,1.366000,1.377000,1.387000,1.449000,1.572000,1.694000,1.787000,1.787000,1.787000,1.787000,1.787000,1.787000,1.787000,1.787000,1.787000,1.787000,1.787000,1.787000,1.787000,1.768000,1.717000,1.666000,1.623000,1.623000,0.000000,0.000000,0.000000,0.000000,0.000000,0.000000,
0.000000,0.000000,0.000000,0.000000,0.000000,1.302000,1.302000,1.302000,1.302000,1.302000,1.321000,1.349000,1.378000,1.449000,1.572000,1.694000,1.787000,1.787000,1.787000,1.787000,1.787000,1.787000,1.787000,1.787000,1.787000,1.787000,1.787000,1.787000,1.787000,1.775000,1.744000,1.712000,1.686000,1.686000,0.000000,0.000000,0.000000,0.000000,0.000000,0.000000,
0.000000,0.000000,0.000000,0.000000,0.000000,1.245000,1.245000,1.245000,1.245000,1.245000,1.276000,1.322000,1.368000,1.449000,1.572000,1.694000,1.787000,1.787000,1.787000,1.787000,1.787000,1.787000,1.787000,1.787000,1.787000,1.787000,1.787000,1.787000,1.787000,1.782000,1.770000,1.758000,1.748000,1.748000,0.000000,0.000000,0.000000,0.000000,0.000000,0.000000,
0.000000,0.000000,0.000000,0.000000,0.000000,1.209000,1.209000,1.209000,1.209000,1.209000,1.248000,1.305000,1.362000,1.453000,1.583000,1.713000,1.812000,1.812000,1.812000,1.812000,1.804000,1.796000,1.788000,1.787000,1.787000,1.787000,1.787000,1.787000,1.787000,1.787000,1.787000,1.787000,1.787000,1.787000,0.000000,0.000000,0.000000,0.000000,0.000000,0.000000,
0.000000,0.000000,0.000000,0.000000,0.000000,1.209000,1.209000,1.209000,1.209000,1.209000,1.248000,1.305000,1.362000,1.462000,1.613000,1.764000,1.878000,1.878000,1.878000,1.878000,1.849000,1.821000,1.792000,1.787000,1.787000,1.787000,1.787000,1.787000,1.787000,1.787000,1.787000,1.787000,1.787000,1.787000,0.000000,0.000000,0.000000,0.000000,0.000000,0.000000,
0.000000,0.000000,0.000000,0.000000,0.000000,1.209000,1.209000,1.209000,1.209000,1.209000,1.248000,1.305000,1.362000,1.472000,1.643000,1.815000,1.944000,1.944000,1.944000,1.943000,1.894000,1.845000,1.796000,1.787000,1.787000,1.787000,1.787000,1.787000,1.787000,1.787000,1.787000,1.787000,1.787000,1.787000,0.000000,0.000000,0.000000,0.000000,0.000000,0.000000,
0.000000,0.000000,0.000000,0.000000,0.000000,1.209000,1.209000,1.209000,1.209000,1.209000,1.248000,1.305000,1.362000,1.480000,1.668000,1.857000,2.000000,2.000000,2.000000,1.998000,1.932000,1.866000,1.800000,1.787000,1.787000,1.787000,1.787000,1.787000,1.787000,1.787000,1.787000,1.787000,1.787000,1.787000,0.000000,0.000000,0.000000,0.000000,0.000000,0.000000,
0.000000,0.000000,0.000000,0.000000,0.000000,1.209000,1.209000,1.209000,1.209000,1.209000,1.248000,1.305000,1.362000,1.480000,1.668000,1.857000,2.000000,2.000000,2.000000,1.998000,1.932000,1.866000,1.800000,1.787000,1.787000,1.787000,1.787000,1.787000,1.787000,1.787000,1.787000,1.787000,1.787000,1.787000,0.000000,0.000000,0.000000,0.000000,0.000000,0.000000,
0.000000,0.000000,0.000000,0.000000,0.000000,0.000000,0.000000,0.000000,0.000000,0.000000,0.000000,0.000000,0.000000,0.000000,0.000000,0.000000,0.000000,0.000000,0.000000,0.000000,0.000000,0.000000,0.000000,0.000000,0.000000,0.000000,0.000000,0.000000,0.000000,0.000000,0.000000,0.000000,0.000000,0.000000,0.000000,0.000000,0.000000,0.000000,0.000000,0.000000,
0.000000,0.000000,0.000000,0.000000,0.000000,0.000000,0.000000,0.000000,0.000000,0.000000,0.000000,0.000000,0.000000,0.000000,0.000000,0.000000,0.000000,0.000000,0.000000,0.000000,0.000000,0.000000,0.000000,0.000000,0.000000,0.000000,0.000000,0.000000,0.000000,0.000000,0.000000,0.000000,0.000000,0.000000,0.000000,0.000000,0.000000,0.000000,0.000000,0.000000,
0.000000,0.000000,0.000000,0.000000,0.000000,0.000000,0.000000,0.000000,0.000000,0.000000,0.000000,0.000000,0.000000,0.000000,0.000000,0.000000,0.000000,0.000000,0.000000,0.000000,0.000000,0.000000,0.000000,0.000000,0.000000,0.000000,0.000000,0.000000,0.000000,0.000000,0.000000,0.000000,0.000000,0.000000,0.000000,0.000000,0.000000,0.000000,0.000000,0.000000,
0.000000,0.000000,0.000000,0.000000,0.000000,0.000000,0.000000,0.000000,0.000000,0.000000,0.000000,0.000000,0.000000,0.000000,0.000000,0.000000,0.000000,0.000000,0.000000,0.000000,0.000000,0.000000,0.000000,0.000000,0.000000,0.000000,0.000000,0.000000,0.000000,0.000000,0.000000,0.000000,0.000000,0.000000,0.000000,0.000000,0.000000,0.000000,0.000000,0.000000,
0.000000,0.000000,0.000000,0.000000,0.000000,0.000000,0.000000,0.000000,0.000000,0.000000,0.000000,0.000000,0.000000,0.000000,0.000000,0.000000,0.000000,0.000000,0.000000,0.000000,0.000000,0.000000,0.000000,0.000000,0.000000,0.000000,0.000000,0.000000,0.000000,0.000000,0.000000,0.000000,0.000000,0.000000,0.000000,0.000000,0.000000,0.000000,0.000000,0.000000,
0.000000,0.000000,0.000000,0.000000,0.000000,0.000000,0.000000,0.000000,0.000000,0.000000,0.000000,0.000000,0.000000,0.000000,0.000000,0.000000,0.000000,0.000000,0.000000,0.000000,0.000000,0.000000,0.000000,0.000000,0.000000,0.000000,0.000000,0.000000,0.000000,0.000000,0.000000,0.000000,0.000000,0.000000,0.000000,0.000000,0.000000,0.000000,0.000000,0.000000,
