0.000000,0.000000,0.000000,0.000000,0.000000,0.000000,0.000000,0.000000,0.000000,0.000000,0.000000,0.000000,0.000000,0.000000,0.000000,0.000000,0.000000,0.000000,0.000000,0.000000,0.000000,0.000000,0.000000,0.000000,0.000000,0.000000,0.000000,0.000000,0.000000,0.000000,0.000000,0.000000,0.000000,0.000000,0.000000,0.000000,0.000000,0.000000,0.000000,0.000000,
0.000000,0.000000,0.000000,0.000000,0.000000,0.000000,0.000000,0.000000,0.000000,0.000000,0.000000,0.000000,0.000000,0.000000,0.000000,0.000000,0.000000,0.000000,0.000000,0.000000,0.000000,0.000000,0.000000,0.000000,0.000000,0.000000,0.000000,0.000000,0.000000,0.000000,0.000000,0.000000,0.000000,0.000000,0.000000,0.000000,0.000000,0.000000,0.000000,0.000000,
0.000000,0.000000,0.000000,0.000000,0.000000,0.000000,0.000000,0.000000,0.000000,0.000000,0.000000,0.000000,0.000000,0.000000,0.000000,0.000000,0.000000,0.000000,0.000000,0.000000,0.000000,0.000000,0.000000,0.000000,0.000000,0.000000,0.000000,0.000000,0.000000,0.000000,0.000000,0.000000,0.000000,0.000000,0.000000,0.000000,0.000000,0.000000,0.000000,0.000000,
0.000000,0.000000,0.000000,0.000000,0.000000,0.000000,0.000000,0.000000,0.000000,0.000000,0.000000,0.000000,0.000000,0.000000,0.000000,0.000000,0.000000,0.000000,0.000000,0.000000,0.000000,0.000000,0.000000,0.000000,0.000000,0.000000,0.000000,0.000000,0.000000,0.000000,0.000000,0.000000,0.000000,0.000000,0.000000,0.000000,0.000000,0.000000,0.000000,0.000000,
0.000000,0.000000,0.000000,0.000000,0.000000,0.000000,0.000000,0.000000,0.000000,0.000000,0.000000,0.000000,0.000000,0.000000,0.000000,0.000000,0.000000,0.000000,0.000000,0.000000,0.000000,0.000000,0.000000,0.000000,0.000000,0.000000,0.000000,0.000000,0.000000,0.000000,0.000000,0.000000,0.000000,0.000000,0.000000,0.000000,0.000000,0.000000,0.000000,0.000000,
0.000000,0.000000,0.000000,0.000000,0.000000,0.000000,0.000000,0.000000,0.000000,0.000000,0.000000,0.000000,0.000000,0.000000,0.000000,0.000000,0.000000,0.000000,0.000000,0.000000,0.000000,0.000000,0.000000,0.000000,0.000000,0.000000,0.000000,0.000000,0.000000,0.000000,0.000000,0.000000,0.000000,0.000000,0.000000,0.000000,0.000000,0.000000,0.000000,0.000000,
0.000000,0.000000,0.000000,0.000000,0.000000,0.000000,0.000000,0.000000,0.000000,0.000000,0.000000,0.000000,0.000000,0.000000,0.000000,0.000000,0.000000,0.000000,0.000000,0.000000,0.000000,0.000000,0.000000,0.000000,0.000000,0.000000,0.000000,0.000000,0.000000,0.000000,0.000000,0.000000,0.000000,0.000000,0.000000,0.000000,0.000000,0.000000,0.000000,0.000000,
0.000000,0.000000,0.000000,0.000000,0.000000,0.000000,0.000000,0.000000,0.000000,0.000000,0.000000,0.000000,0.000000,0.000000,0.000000,0.000000,0.000000,0.000000,0.000000,0.000000,0.000000,0.000000,0.000000,0.000000,0.000000,0.000000,0.000000,0.000000,0.000000,0.000000,0.000000,0.000000,0.000000,0.000000,0.000000,0.000000,0.000000,0.000000,0.000000,0.000000,
0.000000,0.000000,0.000000,0.000000,0.000000,0.000000,0.000000,0.000000,0.000000,0.000000,0.000000,0.000000,0.000000,0.000000,0.000000,0.000000,0.000000,0.000000,0.000000,0.000000,0.000000,0.000000,0.000000,0.000000,0.000000,0.000000,0.000000,0.000000,0.000000,0.000000,0.000000,0.000000,0.000000,0.000000,0.000000,0.000000,0.000000,0.000000,0.000000,0.000000,
0.000000,0.000000,0.000000,0.000000,0.000000,0.000000,0.000000,0.000000,0.000000,0.000000,0.000000,0.000000,0.000000,0.000000,0.000000,0.000000,0.000000,0.000000,0.000000,0.000000,0.000000,0.000000,0.000000,0.000000,0.000000,0.000000,0.000000,0.000000,0.000000,0.000000,0.000000,0.000000,0.000000,0.000000,0.000000,0.000000,0.000000,0.000000,0.000000,0.000000,
0.000000,0.000000,0.000000,0.000000,0.000000,0.000000,0.000000,0.000000,0.000000,0.000000,0.000000,0.000000,0.000000,0.000000,0.000000,0.000000,0.000000,0.000000,0.000000,0.000000,0.000000,0.000000,0.000000,0.000000,0.000000,0.000000,0.000000,0.000000,0.000000,0.000000,0.000000,0.000000,0.000000,0.000000,0.000000,0.000000,0.000000,0.000000,0.000000,0.000000,
0.000000,0.000000,0.000000,0.000000,0.000000,0.000000,2.995000,1.881000,1.864000,2.013000,0.000000,2.935000,1.902000,2.139000,2.921000,1.959000,1.959000,1.959000,1.959000,1.959000,1.965000,1.999000,2.041000,2.041000,2.041000,2.041000,2.041000,2.032000,2.020000,2.029000,2.041000,2.072000,2.105000,2.117000,1.860000,1.619000,1.592000,1.573000,0.000000,0.000000,
0.000000,0.000000,0.000000,0.000000,0.000000,2.924000,1.900000,1.881000,1.864000,1.866000,1.880000,1.864000,1.871000,1.909000,1.944000,1.959000,1.959000,1.959000,1.965000,1.979000,1.979000,1.998000,2.040000,2.042000,2.042000,2.042000,2.041000,2.032000,2.020000,2.020000,2.020000,2.061000,2.116000,2.128000,2.140000,1.866000,1.613000,1.585000,0.000000,0.000000,
0.000000,0.000000,2.967000,2.969000,2.970000,1.864000,1.864000,1.864000,1.864000,1.864000,1.864000,1.865000,1.871000,1.910000,1.944000,1.959000,1.964000,1.979000,1.979000,1.979000,1.979000,1.979000,2.006000,2.061000,2.062000,2.062000,2.054000,2.033000,2.021000,2.021000,2.022000,2.062000,2.117000,2.129000,2.140000,2.138000,2.128000,1.827000,0.000000,0.000000,
0.000000,0.000000,1.864000,1.910000,2.977000,1.864000,1.864000,1.865000,1.864000,1.864000,1.867000,1.883000,1.890000,1.925000,1.944000,1.963000,1.979000,1.979000,1.979000,1.979000,1.979000,1.979000,1.999000,2.047000,2.060000,2.061000,2.053000,2.041000,2.041000,2.052000,2.064000,2.095000,2.138000,2.149000,2.149000,2.137000,2.128000,2.115000,0.000000,0.000000,
0.000000,0.000000,1.864000,1.864000,1.882000,1.865000,1.867000,1.883000,1.865000,1.865000,1.868000,1.887000,1.905000,1.925000,1.944000,1.963000,1.978000,1.979000,1.979000,1.979000,1.979000,1.979000,1.993000,2.020000,2.027000,2.040000,2.042000,2.043000,2.043000,2.071000,2.105000,2.116000,2.128000,2.128000,2.128000,2.128000,2.128000,2.116000,0.000000,0.000000,
0.000000,0.000000,1.864000,1.866000,1.883000,1.883000,1.886000,1.900000,1.885000,1.885000,1.887000,1.902000,1.907000,1.925000,1.944000,1.959000,1.963000,1.978000,1.979000,1.979000,1.980000,1.981000,1.994000,2.020000,2.020000,2.028000,2.049000,2.062000,2.062000,2.081000,2.106000,2.117000,2.128000,2.128000,2.129000,2.129000,2.128000,2.128000,0.000000,0.000000,
0.000000,0.000000,1.864000,1.881000,1.883000,1.884000,1.902000,1.902000,1.902000,1.902000,1.902000,1.905000,1.921000,1.925000,1.944000,1.959000,1.959000,1.964000,1.979000,1.979000,1.985000,2.001000,2.008000,2.020000,2.020000,2.028000,2.049000,2.062000,2.063000,2.083000,2.116000,2.127000,2.126000,2.127000,2.138000,2.137000,1.963000,1.968000,0.000000,0.000000,
0.000000,0.000000,1.860000,1.860000,1.881000,1.882000,1.902000,1.902000,1.902000,1.900000,1.900000,1.905000,1.921000,1.927000,1.946000,1.959000,1.959000,1.964000,1.979000,1.979000,1.985000,2.006000,2.020000,2.020000,2.020000,2.029000,2.051000,2.062000,2.071000,2.093000,2.116000,2.117000,2.105000,2.115000,2.090000,2.058000,0.000000,0.000000,0.000000,0.000000,
0.000000,0.000000,1.828000,1.829000,1.864000,1.866000,1.902000,1.902000,1.900000,1.883000,1.885000,1.903000,1.925000,1.946000,1.959000,1.959000,1.959000,1.964000,1.980000,1.982000,1.988000,2.009000,2.023000,2.023000,2.024000,2.040000,2.062000,2.062000,2.071000,2.092000,2.114000,2.118000,2.108000,2.068000,1.780000,1.551000,1.545000,0.000000,0.000000,0.000000,
0.000000,0.000000,1.834000,1.834000,1.864000,1.869000,1.899000,1.899000,1.900000,1.883000,1.883000,1.888000,1.925000,1.957000,1.959000,1.959000,1.959000,1.964000,1.985000,2.000000,2.006000,2.027000,2.041000,2.042000,2.052000,2.065000,2.065000,2.064000,2.069000,2.077000,2.096000,2.118000,2.079000,1.793000,1.557000,1.547000,1.541000,1.534000,0.000000,0.000000,
0.000000,0.000000,1.864000,1.864000,1.865000,1.880000,1.883000,1.885000,1.900000,1.883000,1.883000,1.886000,1.909000,1.944000,1.960000,1.962000,1.959000,1.964000,1.986000,2.003000,2.010000,2.028000,2.037000,2.045000,2.069000,2.088000,2.088000,2.077000,2.053000,2.041000,2.051000,2.062000,1.855000,1.647000,1.586000,1.522000,1.515000,1.516000,0.000000,0.000000,
0.000000,0.000000,1.864000,1.864000,1.864000,1.865000,1.879000,1.881000,1.900000,1.887000,1.887000,1.889000,1.909000,1.944000,1.964000,1.978000,1.963000,1.967000,1.990000,2.020000,2.025000,2.032000,2.020000,2.026000,2.059000,2.099000,2.099000,2.081000,2.051000,2.043000,2.053000,2.062000,2.062000,2.073000,1.846000,1.563000,1.504000,1.512000,0.000000,0.000000,
0.000000,0.000000,1.864000,1.864000,1.860000,1.861000,1.864000,1.867000,1.902000,1.903000,1.909000,1.906000,1.912000,1.944000,1.967000,1.997000,1.988000,1.991000,1.996000,2.020000,2.017000,2.012000,2.012000,2.015000,2.035000,2.070000,2.075000,2.051000,2.037000,2.046000,2.060000,2.062000,2.064000,2.078000,2.091000,1.843000,1.316000,1.074000,0.000000,0.000000,
0.000000,0.000000,1.864000,1.864000,1.846000,1.847000,1.864000,1.871000,1.902000,1.906000,1.935000,1.929000,1.928000,1.944000,1.966000,1.999000,2.017000,2.032000,2.020000,2.020000,2.008000,1.979000,1.979000,1.997000,2.041000,2.074000,2.081000,2.045000,2.020000,2.029000,2.053000,2.067000,2.075000,2.095000,2.117000,2.140000,0.000000,0.000000,0.000000,0.000000,
0.000000,0.000000,1.860000,1.860000,1.850000,1.856000,1.870000,1.888000,1.898000,1.899000,1.917000,1.948000,1.936000,1.944000,1.963000,1.979000,1.989000,2.021000,2.025000,2.026000,1.828000,1.360000,1.360000,1.383000,1.424000,1.443000,1.709000,2.049000,2.030000,2.189000,2.401000,2.397000,2.373000,1.903000,1.466000,1.483000,0.000000,0.000000,0.000000,0.000000,
0.000000,0.000000,1.841000,1.842000,1.856000,1.883000,1.884000,1.900000,1.883000,1.883000,1.888000,1.921000,1.813000,1.291000,1.306000,1.318000,1.325000,1.352000,1.364000,1.369000,0.000000,0.000000,0.000000,0.000000,0.000000,0.000000,0.000000,1.809000,1.967000,2.330000,0.000000,0.000000,0.000000,1.800000,0.000000,0.000000,0.000000,0.000000,0.000000,0.000000,
0.000000,0.000000,1.819000,1.819000,1.830000,1.874000,1.884000,1.900000,1.883000,1.800000,1.304000,1.921000,1.483000,0.000000,0.000000,0.000000,0.000000,0.000000,0.000000,0.000000,0.000000,0.000000,0.000000,0.000000,0.000000,0.000000,0.000000,1.049000,1.670000,1.210000,0.000000,0.000000,0.000000,0.000000,1.240000,0.000000,0.000000,0.000000,0.000000,0.000000,
0.000000,0.000000,1.793000,1.794000,1.829000,1.848000,1.884000,1.900000,1.883000,1.575000,0.000000,1.921000,1.483000,0.000000,0.000000,0.000000,0.000000,0.000000,0.000000,0.000000,0.000000,0.000000,0.000000,0.000000,1.778000,0.000000,0.000000,1.021000,1.630000,1.193000,0.000000,0.000000,0.000000,0.000000,1.240000,0.000000,0.000000,0.000000,0.000000,0.000000,
0.000000,0.000000,0.000000,0.000000,0.000000,0.000000,0.000000,0.000000,0.000000,0.000000,0.000000,0.000000,0.000000,0.000000,0.000000,0.000000,0.000000,0.000000,0.000000,0.000000,0.000000,0.000000,0.000000,0.000000,0.000000,0.000000,0.000000,0.000000,0.000000,0.000000,0.000000,0.000000,0.000000,0.000000,0.000000,0.000000,0.000000,0.000000,0.000000,0.000000,
0.000000,0.000000,0.000000,0.000000,0.000000,0.000000,0.000000,0.000000,0.000000,0.000000,0.000000,0.000000,0.000000,0.000000,0.000000,0.000000,0.000000,0.000000,0.000000,0.000000,0.000000,0.000000,0.000000,0.000000,0.000000,0.000000,0.000000,0.000000,0.000000,0.000000,0.000000,0.000000,0.000000,0.000000,0.000000,0.000000,0.000000,0.000000,0.000000,0.000000,
0.000000,0.000000,0.000000,0.000000,0.000000,0.000000,0.000000,0.000000,0.000000,0.000000,0.000000,0.000000,0.000000,0.000000,0.000000,0.000000,0.000000,0.000000,0.000000,0.000000,0.000000,0.000000,0.000000,0.000000,0.000000,0.000000,0.000000,0.000000,0.000000,0.000000,0.000000,0.000000,0.000000,0.000000,0.000000,0.000000,0.000000,0.000000,0.000000,0.000000,
0.000000,0.000000,0.000000,0.000000,0.000000,0.000000,0.000000,0.000000,0.000000,0.000000,0.000000,0.000000,0.000000,0.000000,0.000000,0.000000,0.000000,0.000000,0.000000,0.000000,0.000000,0.000000,0.000000,0.000000,0.000000,0.000000,0.000000,0.000000,0.000000,0.000000,0.000000,0.000000,0.000000,0.000000,0.000000,0.000000,0.000000,0.000000,0.000000,0.000000,
0.000000,0.000000,0.000000,0.000000,0.000000,0.000000,0.000000,0.000000,0.000000,0.000000,0.000000,0.000000,0.000000,0.000000,0.000000,0.000000,0.000000,0.000000,0.000000,0.000000,0.000000,0.000000,0.000000,0.000000,0.000000,0.000000,0.000000,0.000000,0.000000,0.000000,0.000000,0.000000,0.000000,0.000000,0.000000,0.000000,0.000000,0.000000,0.000000,0.000000,
0.000000,0.000000,0.000000,0.000000,0.000000,0.000000,0.000000,0.000000,0.000000,0.000000,0.000000,0.000000,0.000000,0.000000,0.000000,0.000000,0.000000,0.000000,0.000000,0.000000,0.000000,0.000000,0.000000,0.000000,0.000000,0.000000,0.000000,0.000000,0.000000,0.000000,0.000000,0.000000,0.000000,0.000000,0.000000,0.000000,0.000000,0.000000,0.000000,0.000000,
0.000000,0.000000,0.000000,0.000000,0.000000,0.000000,0.000000,0.000000,0.000000,0.000000,0.000000,0.000000,0.000000,0.000000,0.000000,0.000000,0.000000,0.000000,0.000000,0.000000,0.000000,0.000000,0.000000,0.000000,0.000000,0.000000,0.000000,0.000000,0.000000,0.000000,0.000000,0.000000,0.000000,0.000000,0.000000,0.000000,0.000000,0.000000,0.000000,0.000000,
0.000000,0.000000,0.000000,0.000000,0.000000,0.000000,0.000000,0.000000,0.000000,0.000000,0.000000,0.000000,0.000000,0.000000,0.000000,0.000000,0.000000,0.000000,0.000000,0.000000,0.000000,0.000000,0.000000,0.000000,0.000000,0.000000,0.000000,0.000000,0.000000,0.000000,0.000000,0.000000,0.000000,0.000000,0.000000,0.000000,0.000000,0.000000,0.000000,0.000000,
0.000000,0.000000,0.000000,0.000000,0.000000,0.000000,0.000000,0.000000,0.000000,0.000000,0.000000,0.000000,0.000000,0.000000,0.000000,0.000000,0.000000,0.000000,0.000000,0.000000,0.000000,0.000000,0.000000,0.000000,0.000000,0.000000,0.000000,0.000000,0.000000,0.000000,0.000000,0.000000,0.000000,0.000000,0.000000,0.000000,0.000000,0.000000,0.000000,0.000000,
0.000000,0.000000,0.000000,0.000000,0.000000,0.000000,0.000000,0.000000,0.000000,0.000000,0.000000,0.000000,0.000000,0.000000,0.000000,0.000000,0.000000,0.000000,0.000000,0.000000,0.000000,0.000000,0.000000,0.000000,0.000000,0.000000,0.000000,0.000000,0.000000,0.000000,0.000000,0.000000,0.000000,0.000000,0.000000,0.000000,0.000000,0.000000,0.000000,0.000000,
0.000000,0.000000,0.000000,0.000000,0.000000,0.000000,0.000000,0.000000,0.000000,0.000000,0.000000,0.000000,0.000000,0.000000,0.000000,0.000000,0.000000,0.000000,0.000000,0.000000,0.000000,0.000000,0.000000,0.000000,0.000000,0.000000,0.000000,0.000000,0.000000,0.000000,0.000000,0.000000,0.000000,0.000000,0.000000,0.000000,0.000000,0.000000,0.000000,0.000000,
