0.000000,0.000000,0.000000,0.000000,0.000000,0.000000,0.000000,0.000000,0.000000,0.000000,0.000000,0.000000,0.000000,0.000000,0.000000,0.000000,0.000000,0.000000,0.000000,0.000000,0.000000,0.000000,0.000000,0.000000,0.000000,0.000000,0.000000,0.000000,0.000000,0.000000,0.000000,0.000000,0.000000,0.000000,0.000000,0.000000,0.000000,0.000000,0.000000,0.000000,
0.000000,0.000000,0.000000,0.000000,0.000000,0.000000,0.000000,0.000000,0.000000,0.000000,0.000000,2.196000,2.084000,2.084000,2.084000,2.080000,2.070000,2.080000,2.487000,2.402000,2.057000,2.055000,2.039000,0.000000,0.000000,0.000000,0.000000,0.000000,0.000000,0.000000,0.000000,0.000000,0.000000,0.000000,0.000000,0.000000,0.000000,0.000000,0.000000,0.000000,
0.000000,0.000000,0.000000,0.000000,0.000000,0.000000,0.000000,0.000000,0.000000,0.000000,2.664000,2.092000,2.084000,2.084000,2.084000,2.074000,2.061000,2.059000,2.067000,2.062000,2.040000,2.029000,2.029000,2.052000,2.203000,2.179000,2.168000,2.461000,2.711000,2.712000,0.000000,0.000000,0.000000,0.000000,0.000000,0.000000,0.000000,0.000000,0.000000,0.000000,
0.000000,0.000000,0.000000,0.000000,0.000000,0.000000,0.000000,0.000000,0.000000,0.000000,2.690000,2.098000,2.084000,2.084000,2.084000,2.068000,2.059000,2.059000,2.048000,2.047000,2.034000,2.024000,2.024000,2.050000,2.098000,2.114000,2.138000,2.151000,2.174000,2.175000,0.000000,0.000000,0.000000,0.000000,0.000000,0.000000,0.000000,0.000000,0.000000,0.000000,
0.000000,0.000000,0.000000,0.000000,0.000000,0.000000,0.000000,0.000000,0.000000,0.000000,0.000000,2.095000,2.083000,2.081000,2.081000,2.066000,2.057000,2.056000,2.047000,2.038000,2.024000,2.024000,2.024000,2.050000,2.078000,2.095000,2.125000,2.150000,2.174000,2.189000,0.000000,0.000000,0.000000,0.000000,0.000000,0.000000,0.000000,0.000000,0.000000,0.000000,
0.000000,0.000000,0.000000,0.000000,0.000000,0.000000,0.000000,0.000000,0.000000,0.000000,0.000000,2.085000,2.081000,2.072000,2.072000,2.059000,2.051000,2.047000,2.044000,2.036000,2.024000,2.024000,2.024000,2.056000,2.078000,2.101000,2.125000,2.150000,2.174000,2.181000,0.000000,0.000000,0.000000,0.000000,0.000000,0.000000,0.000000,0.000000,0.000000,0.000000,
0.000000,0.000000,0.000000,0.000000,0.000000,0.000000,0.000000,0.000000,0.000000,0.000000,0.000000,2.084000,2.081000,2.072000,2.060000,2.056000,2.047000,2.047000,2.035000,2.035000,2.024000,2.024000,2.041000,2.061000,2.078000,2.095000,2.115000,2.150000,2.163000,2.163000,0.000000,0.000000,0.000000,0.000000,0.000000,0.000000,0.000000,0.000000,0.000000,0.000000,
0.000000,0.000000,0.000000,0.000000,0.000000,0.000000,0.000000,0.000000,0.000000,0.000000,0.000000,2.084000,2.084000,2.077000,2.060000,2.055000,2.047000,2.047000,2.035000,2.033000,2.024000,2.024000,2.039000,2.050000,2.078000,2.095000,2.114000,2.150000,2.162000,2.162000,0.000000,0.000000,0.000000,0.000000,0.000000,0.000000,0.000000,0.000000,0.000000,0.000000,
0.000000,0.000000,0.000000,0.000000,0.000000,0.000000,0.000000,0.000000,0.000000,0.000000,2.438000,2.083000,2.084000,2.077000,2.060000,2.055000,2.047000,2.047000,2.035000,2.027000,2.024000,2.024000,2.033000,2.049000,2.073000,2.095000,2.114000,2.150000,2.162000,2.162000,0.000000,0.000000,0.000000,0.000000,0.000000,0.000000,0.000000,0.000000,0.000000,0.000000,
0.000000,0.000000,0.000000,0.000000,0.000000,0.000000,0.000000,0.000000,0.000000,0.000000,2.080000,2.083000,2.084000,2.077000,2.060000,2.055000,2.047000,2.047000,2.035000,2.027000,2.024000,2.024000,2.033000,2.049000,2.071000,2.095000,2.114000,2.150000,2.162000,2.162000,0.000000,0.000000,0.000000,0.000000,0.000000,0.000000,0.000000,0.000000,0.000000,0.000000,
0.000000,0.000000,0.000000,0.000000,0.000000,0.000000,0.000000,0.000000,0.000000,0.000000,0.000000,2.084000,2.078000,2.072000,2.060000,2.047000,2.047000,2.047000,2.035000,2.027000,2.024000,2.024000,2.033000,2.049000,2.071000,2.095000,2.114000,2.150000,2.174000,2.175000,0.000000,0.000000,0.000000,0.000000,0.000000,0.000000,0.000000,0.000000,0.000000,0.000000,
0.000000,0.000000,0.000000,0.000000,0.000000,0.000000,0.000000,0.000000,0.000000,0.000000,0.000000,2.084000,2.072000,2.072000,2.060000,2.047000,2.047000,2.047000,2.035000,2.033000,2.024000,2.027000,2.041000,2.049000,2.071000,2.095000,2.114000,2.150000,2.165000,2.166000,0.000000,0.000000,0.000000,0.000000,0.000000,0.000000,0.000000,0.000000,0.000000,0.000000,
0.000000,0.000000,0.000000,0.000000,0.000000,0.000000,0.000000,0.000000,0.000000,0.000000,0.000000,2.084000,2.072000,2.071000,2.060000,2.047000,2.046000,2.035000,2.035000,2.034000,2.024000,2.029000,2.044000,2.050000,2.078000,2.095000,2.114000,2.150000,2.162000,2.162000,0.000000,0.000000,0.000000,0.000000,0.000000,0.000000,0.000000,0.000000,0.000000,0.000000,
0.000000,0.000000,0.000000,0.000000,0.000000,0.000000,0.000000,0.000000,0.000000,0.000000,0.000000,2.079000,2.071000,2.062000,2.054000,2.047000,2.039000,2.035000,2.035000,2.027000,2.024000,2.029000,2.044000,2.055000,2.080000,2.095000,2.114000,2.150000,2.162000,2.162000,0.000000,0.000000,0.000000,0.000000,0.000000,0.000000,0.000000,0.000000,0.000000,0.000000,
0.000000,0.000000,0.000000,0.000000,0.000000,0.000000,0.000000,0.000000,0.000000,0.000000,2.305000,2.072000,2.061000,2.053000,2.047000,2.044000,2.036000,2.035000,2.035000,2.027000,2.024000,2.029000,2.044000,2.062000,2.084000,2.095000,2.122000,2.150000,2.162000,2.162000,0.000000,0.000000,0.000000,0.000000,0.000000,0.000000,0.000000,0.000000,0.000000,0.000000,
0.000000,0.000000,0.000000,0.000000,0.000000,0.000000,0.000000,0.000000,0.000000,0.000000,2.078000,2.072000,2.060000,2.052000,2.047000,2.042000,2.035000,2.035000,2.034000,2.026000,2.023000,2.029000,2.044000,2.061000,2.078000,2.095000,2.125000,2.150000,2.162000,2.175000,0.000000,0.000000,0.000000,0.000000,0.000000,0.000000,0.000000,0.000000,0.000000,0.000000,
0.000000,0.000000,0.000000,0.000000,0.000000,0.000000,0.000000,0.000000,0.000000,2.095000,2.081000,2.073000,2.069000,2.052000,2.047000,2.035000,2.035000,2.030000,2.018000,2.014000,2.013000,2.026000,2.043000,2.061000,2.078000,2.095000,2.119000,2.150000,2.162000,2.175000,0.000000,0.000000,0.000000,0.000000,0.000000,0.000000,0.000000,0.000000,0.000000,0.000000,
0.000000,0.000000,0.000000,0.000000,0.000000,0.000000,0.000000,0.000000,0.000000,2.095000,2.084000,2.082000,2.069000,2.052000,2.047000,2.035000,2.035000,2.024000,2.002000,2.002000,2.013000,2.024000,2.042000,2.061000,2.078000,2.095000,2.112000,2.145000,2.162000,2.164000,0.000000,0.000000,0.000000,0.000000,0.000000,0.000000,0.000000,0.000000,0.000000,0.000000,
0.000000,0.000000,0.000000,0.000000,0.000000,0.000000,0.000000,0.000000,0.000000,2.093000,2.083000,2.073000,2.058000,2.051000,2.047000,2.035000,2.034000,2.024000,2.000000,2.000000,2.011000,2.028000,2.044000,2.061000,2.078000,2.095000,2.112000,2.136000,2.158000,2.159000,0.000000,0.000000,0.000000,0.000000,0.000000,0.000000,0.000000,0.000000,0.000000,0.000000,
0.000000,0.000000,0.000000,0.000000,0.000000,0.000000,0.000000,0.000000,0.000000,2.066000,2.075000,2.066000,2.056000,2.047000,2.047000,2.035000,2.028000,2.024000,2.000000,2.000000,2.001000,2.020000,2.042000,2.062000,2.081000,2.095000,2.112000,2.136000,2.148000,2.148000,0.000000,0.000000,0.000000,0.000000,0.000000,0.000000,0.000000,0.000000,0.000000,0.000000,
0.000000,0.000000,0.000000,0.000000,0.000000,0.000000,0.000000,0.000000,0.000000,2.051000,2.072000,2.060000,2.056000,2.047000,2.037000,2.035000,2.028000,2.024000,2.000000,2.000000,2.011000,2.017000,2.042000,2.062000,2.084000,2.095000,2.114000,2.148000,2.149000,2.148000,0.000000,0.000000,0.000000,0.000000,0.000000,0.000000,0.000000,0.000000,0.000000,0.000000,
0.000000,0.000000,0.000000,0.000000,0.000000,0.000000,0.000000,0.000000,0.000000,2.072000,2.072000,2.060000,2.047000,2.047000,2.036000,2.034000,2.027000,2.024000,2.000000,2.000000,2.012000,2.017000,2.042000,2.058000,2.078000,2.095000,2.125000,2.150000,2.162000,2.162000,0.000000,0.000000,0.000000,0.000000,0.000000,0.000000,0.000000,0.000000,0.000000,0.000000,
0.000000,0.000000,0.000000,0.000000,0.000000,0.000000,0.000000,0.000000,0.000000,2.072000,2.068000,2.060000,2.047000,2.043000,2.035000,2.032000,2.024000,2.017000,2.000000,2.000000,2.012000,2.020000,2.043000,2.050000,2.078000,2.101000,2.125000,2.145000,2.161000,2.162000,0.000000,0.000000,0.000000,0.000000,0.000000,0.000000,0.000000,0.000000,0.000000,0.000000,
0.000000,0.000000,0.000000,0.000000,0.000000,0.000000,0.000000,0.000000,0.000000,0.000000,2.065000,2.049000,2.044000,2.035000,2.035000,2.032000,2.024000,2.012000,2.000000,2.000000,2.013000,2.028000,2.044000,2.050000,2.078000,2.095000,2.114000,2.142000,2.161000,0.000000,0.000000,0.000000,0.000000,0.000000,0.000000,0.000000,0.000000,0.000000,0.000000,0.000000,
0.000000,0.000000,0.000000,0.000000,0.000000,0.000000,0.000000,0.000000,0.000000,2.047000,2.051000,2.048000,2.044000,2.035000,2.035000,2.029000,2.022000,2.008000,2.000000,2.000000,2.008000,2.022000,2.044000,2.054000,2.078000,2.095000,2.112000,2.136000,2.161000,0.000000,0.000000,0.000000,0.000000,0.000000,0.000000,0.000000,0.000000,0.000000,0.000000,0.000000,
0.000000,0.000000,0.000000,0.000000,0.000000,0.000000,0.000000,0.000000,0.000000,2.047000,2.047000,2.047000,2.038000,2.035000,2.028000,2.024000,2.011000,2.000000,2.000000,2.000000,2.001000,2.022000,2.044000,2.054000,2.078000,2.095000,2.112000,2.136000,2.897000,0.000000,0.000000,0.000000,0.000000,0.000000,0.000000,0.000000,0.000000,0.000000,0.000000,0.000000,
0.000000,0.000000,0.000000,0.000000,0.000000,0.000000,0.000000,0.000000,0.000000,2.047000,2.047000,2.047000,2.035000,2.035000,2.025000,2.017000,2.000000,2.000000,2.000000,2.000000,2.013000,2.029000,2.044000,2.050000,2.078000,2.095000,2.112000,2.129000,2.135000,0.000000,0.000000,0.000000,0.000000,0.000000,0.000000,0.000000,0.000000,0.000000,0.000000,0.000000,
0.000000,0.000000,0.000000,0.000000,0.000000,0.000000,0.000000,0.000000,0.000000,2.047000,2.047000,2.047000,2.035000,2.028000,2.024000,2.017000,2.000000,2.000000,1.989000,1.994000,2.009000,2.029000,2.044000,2.050000,2.078000,2.095000,2.112000,2.129000,2.135000,0.000000,0.000000,0.000000,0.000000,0.000000,0.000000,0.000000,0.000000,0.000000,0.000000,0.000000,
0.000000,0.000000,0.000000,0.000000,0.000000,0.000000,0.000000,0.000000,0.000000,2.047000,2.047000,2.039000,2.035000,2.028000,2.024000,2.005000,1.995000,1.992000,1.989000,1.989000,2.001000,2.020000,2.036000,2.058000,2.078000,2.095000,2.112000,2.129000,2.144000,0.000000,0.000000,0.000000,0.000000,0.000000,0.000000,0.000000,0.000000,0.000000,0.000000,0.000000,
0.000000,0.000000,0.000000,0.000000,0.000000,0.000000,0.000000,0.000000,0.000000,2.047000,2.040000,2.035000,2.035000,2.028000,2.012000,2.000000,1.993000,1.989000,1.989000,1.989000,2.001000,2.017000,2.034000,2.060000,2.077000,2.084000,2.112000,2.130000,2.147000,0.000000,0.000000,0.000000,0.000000,0.000000,0.000000,0.000000,0.000000,0.000000,0.000000,0.000000,
0.000000,0.000000,0.000000,0.000000,0.000000,0.000000,0.000000,0.000000,0.000000,2.045000,2.035000,2.035000,2.035000,2.028000,2.001000,2.000000,1.993000,1.989000,1.989000,1.989000,2.001000,2.022000,2.044000,2.049000,2.071000,2.089000,2.112000,2.136000,2.148000,0.000000,0.000000,0.000000,0.000000,0.000000,0.000000,0.000000,0.000000,0.000000,0.000000,0.000000,
0.000000,0.000000,0.000000,0.000000,0.000000,0.000000,0.000000,0.000000,0.000000,2.045000,2.035000,2.035000,2.026000,2.025000,2.001000,2.000000,1.993000,1.989000,1.989000,1.989000,2.001000,2.022000,2.044000,2.049000,2.071000,2.095000,2.120000,2.131000,2.138000,0.000000,0.000000,0.000000,0.000000,0.000000,0.000000,0.000000,0.000000,0.000000,0.000000,0.000000,
0.000000,0.000000,0.000000,0.000000,0.000000,0.000000,0.000000,0.000000,0.000000,2.035000,2.035000,2.035000,2.024000,2.024000,2.001000,1.997000,1.989000,1.989000,1.989000,1.989000,2.001000,2.016000,2.033000,2.049000,2.065000,2.093000,2.112000,2.129000,2.137000,0.000000,0.000000,0.000000,0.000000,0.000000,0.000000,0.000000,0.000000,0.000000,0.000000,0.000000,
0.000000,0.000000,0.000000,0.000000,0.000000,0.000000,0.000000,0.000000,0.000000,2.035000,2.035000,2.030000,2.023000,2.014000,2.001000,1.993000,1.985000,1.983000,1.985000,1.989000,2.000000,2.008000,2.027000,2.049000,2.072000,2.094000,2.112000,2.129000,2.147000,0.000000,0.000000,0.000000,0.000000,0.000000,0.000000,0.000000,0.000000,0.000000,0.000000,0.000000,
0.000000,0.000000,0.000000,0.000000,0.000000,0.000000,0.000000,0.000000,0.000000,2.043000,2.035000,2.025000,2.021000,2.005000,2.000000,1.989000,1.982000,1.978000,1.982000,1.989000,1.991000,2.005000,2.021000,2.050000,2.078000,2.095000,2.112000,2.129000,2.147000,0.000000,0.000000,0.000000,0.000000,0.000000,0.000000,0.000000,0.000000,0.000000,0.000000,0.000000,
0.000000,0.000000,0.000000,0.000000,0.000000,0.000000,0.000000,0.000000,0.000000,2.031000,2.035000,2.025000,2.016000,2.000000,2.000000,1.989000,1.989000,1.987000,1.984000,1.978000,1.990000,2.005000,2.021000,2.049000,2.083000,2.095000,2.112000,2.269000,0.000000,0.000000,0.000000,0.000000,0.000000,0.000000,0.000000,0.000000,0.000000,0.000000,0.000000,0.000000,
0.000000,0.000000,0.000000,0.000000,0.000000,0.000000,0.000000,0.000000,0.000000,2.016000,2.035000,2.031000,2.009000,2.000000,2.000000,1.989000,1.989000,1.978000,1.978000,1.978000,1.990000,2.005000,2.021000,2.040000,2.078000,2.101000,2.805000,0.000000,0.000000,0.000000,0.000000,0.000000,0.000000,0.000000,0.000000,0.000000,0.000000,0.000000,0.000000,0.000000,
0.000000,0.000000,0.000000,0.000000,0.000000,0.000000,0.000000,0.000000,0.000000,0.000000,2.035000,2.035000,2.018000,2.000000,1.990000,1.989000,1.989000,1.978000,1.978000,1.978000,1.980000,2.010000,2.032000,2.051000,2.647000,0.000000,0.000000,0.000000,0.000000,0.000000,0.000000,0.000000,0.000000,0.000000,0.000000,0.000000,0.000000,0.000000,0.000000,0.000000,
0.000000,0.000000,0.000000,0.000000,0.000000,0.000000,0.000000,0.000000,0.000000,0.000000,1.095000,2.036000,1.554000,1.193000,1.990000,1.989000,1.989000,1.978000,1.978000,1.978000,1.980000,2.015000,2.073000,1.813000,1.651000,0.000000,0.000000,0.000000,0.000000,0.000000,0.000000,0.000000,0.000000,0.000000,0.000000,0.000000,0.000000,0.000000,0.000000,0.000000,
0.000000,0.000000,0.000000,0.000000,0.000000,0.000000,0.000000,0.000000,0.000000,0.000000,0.000000,0.000000,0.000000,0.000000,0.000000,0.000000,0.000000,0.000000,0.000000,0.000000,0.000000,0.000000,0.000000,0.000000,0.000000,0.000000,0.000000,0.000000,0.000000,0.000000,0.000000,0.000000,0.000000,0.000000,0.000000,0.000000,0.000000,0.000000,0.000000,0.000000,
