40 40
0.000000 0.000000 0.000000 0.000000 0.000000 0.000000 0.000000 0.000000 0.000000 0.000000 0.000000 0.000000 0.000000 0.000000 0.000000 0.000000 0.000000 0.000000 0.000000 0.000000 0.000000 0.000000 0.000000 0.000000 0.000000 0.000000 0.000000 0.000000 0.000000 0.000000 0.000000 0.000000 0.000000 0.000000 0.000000 0.000000 0.000000 0.000000 0.000000 0.000000 
0.000000 0.000000 0.000000 0.000000 0.000000 0.000000 0.000000 0.000000 0.000000 0.000000 0.000000 0.000000 0.000000 0.000000 0.000000 0.000000 0.000000 0.000000 0.000000 0.000000 0.000000 0.000000 0.000000 0.000000 0.000000 0.000000 0.000000 0.000000 0.000000 0.000000 0.000000 0.000000 0.000000 0.000000 0.000000 0.000000 0.000000 0.000000 0.000000 0.000000 
0.000000 0.000000 0.000000 0.000000 0.000000 0.000000 0.000000 0.000000 0.000000 0.000000 0.000000 0.000000 0.000000 0.000000 0.000000 0.000000 0.000000 0.000000 0.000000 0.000000 0.000000 0.000000 0.000000 0.000000 0.000000 0.000000 0.000000 0.000000 0.000000 0.000000 0.000000 0.000000 0.000000 0.000000 0.000000 0.000000 0.000000 0.000000 0.000000 0.000000 
0.000000 0.000000 0.000000 0.000000 0.000000 0.000000 0.000000 0.000000 0.000000 0.000000 0.000000 0.000000 0.000000 0.000000 0.000000 0.000000 0.000000 0.000000 0.000000 0.000000 0.000000 0.000000 0.000000 0.000000 0.000000 0.000000 0.000000 0.000000 0.000000 0.000000 0.000000 0.000000 0.000000 0.000000 0.000000 0.000000 0.000000 0.000000 0.000000 0.000000 
0.000000 0.000000 0.000000 0.000000 0.000000 0.000000 0.000000 0.000000 0.000000 0.000000 0.000000 0.000000 0.000000 0.000000 0.000000 0.000000 0.000000 0.000000 0.000000 0.000000 0.000000 0.000000 0.000000 0.000000 0.000000 0.000000 0.000000 0.000000 0.000000 0.000000 0.000000 0.000000 0.000000 0.000000 0.000000 0.000000 0.000000 0.000000 0.000000 0.000000 
0.000000 0.000000 0.000000 0.000000 0.000000 0.000000 0.000000 0.000000 0.000000 0.000000 0.000000 0.000000 0.000000 0.000000 0.000000 0.000000 0.000000 0.000000 0.000000 0.000000 0.000000 0.000000 0.000000 0.000000 0.000000 0.000000 0.000000 0.000000 0.000000 0.000000 0.000000 0.000000 0.000000 0.000000 0.000000 0.000000 0.000000 0.000000 0.000000 0.000000 
0.000000 0.000000 0.000000 0.000000 0.000000 0.000000 0.000000 0.000000 0.000000 0.000000 0.000000 0.000000 0.000000 0.000000 0.000000 0.000000 0.000000 0.000000 0.000000 0.000000 0.000000 0.000000 0.000000 0.000000 0.000000 0.000000 0.000000 0.000000 0.000000 0.000000 0.000000 0.000000 0.000000 0.000000 0.000000 0.000000 0.000000 0.000000 0.000000 0.000000 
0.000000 0.000000 0.000000 0.000000 0.000000 0.000000 0.000000 0.000000 0.000000 0.000000 0.000000 0.000000 0.000000 0.000000 0.000000 0.000000 0.000000 0.000000 0.000000 0.000000 0.000000 0.000000 0.000000 0.000000 0.000000 0.000000 0.000000 0.000000 0.000000 0.000000 0.000000 0.000000 0.000000 0.000000 0.000000 0.000000 0.000000 0.000000 0.000000 0.000000 
0.000000 0.000000 0.000000 0.000000 2.861000 2.826000 2.887000 2.999000 0.000000 0.000000 0.000000 2.987000 2.964000 2.947000 2.929000 2.929000 2.929000 2.930000 2.929000 2.929000 2.900000 2.896000 2.800000 2.772000 2.764000 2.742000 2.741000 2.741000 2.741000 2.741000 2.720000 2.711000 2.711000 2.712000 2.078000 2.057000 2.059000 2.076000 2.081000 2.094000 
0.000000 2.936000 2.872000 2.744000 2.702000 2.702000 2.705000 2.937000 2.952000 2.992000 2.985000 2.951000 2.930000 2.914000 2.896000 2.841000 2.806000 2.829000 2.811000 2.806000 2.098000 2.074000 2.076000 2.093000 2.093000 2.087000 2.074000 2.074000 2.065000 2.057000 2.057000 2.057000 2.073000 2.091000 2.060000 2.059000 2.061000 2.076000 2.076000 2.076000 
2.966000 2.789000 2.675000 2.675000 2.675000 2.675000 2.699000 2.703000 2.811000 2.925000 2.930000 2.928000 2.924000 2.843000 2.749000 2.328000 2.057000 2.057000 2.057000 2.057000 2.057000 2.057000 2.059000 2.076000 2.076000 2.070000 2.057000 2.057000 2.057000 2.057000 2.055000 2.054000 2.069000 2.073000 2.076000 2.073000 2.072000 2.066000 2.066000 2.069000 
2.646000 2.659000 2.673000 2.675000 2.675000 2.675000 2.675000 2.680000 2.830000 2.901000 2.871000 2.713000 2.696000 2.407000 2.076000 2.067000 2.059000 2.057000 2.057000 2.057000 2.052000 2.052000 2.054000 2.066000 2.066000 2.062000 2.052000 2.052000 2.052000 2.052000 2.039000 2.033000 2.053000 2.057000 2.066000 2.047000 2.044000 2.019000 2.019000 2.033000 
2.646000 2.646000 2.666000 2.675000 2.675000 2.503000 2.482000 2.482000 2.626000 2.627000 2.495000 2.089000 2.089000 2.083000 2.073000 2.066000 2.055000 2.055000 2.052000 2.051000 2.038000 2.038000 2.032000 2.032000 2.032000 2.032000 2.032000 2.032000 2.032000 2.032000 2.019000 2.004000 2.023000 2.037000 2.032000 2.019000 2.019000 2.019000 2.019000 2.019000 
2.646000 2.646000 2.658000 2.672000 2.481000 2.115000 2.062000 2.050000 2.057000 2.060000 2.074000 2.066000 2.061000 2.061000 2.051000 2.030000 2.023000 2.026000 2.018000 2.022000 2.030000 2.030000 2.012000 2.012000 2.013000 2.019000 2.016000 2.012000 2.016000 2.019000 2.006000 1.973000 1.964000 1.996000 2.018000 2.019000 2.019000 2.019000 2.021000 2.024000 
2.377000 2.376000 2.372000 2.377000 2.115000 2.058000 2.039000 2.030000 2.039000 2.043000 2.056000 2.045000 2.038000 2.034000 2.024000 2.002000 1.992000 1.978000 1.974000 1.982000 2.009000 2.001000 1.993000 2.000000 2.005000 2.019000 2.011000 2.000000 2.010000 2.019000 2.012000 1.988000 1.981000 1.998000 2.018000 2.019000 2.019000 2.019000 2.024000 2.035000 
2.062000 2.054000 2.040000 2.030000 2.028000 2.019000 2.018000 1.999000 1.990000 1.991000 2.001000 2.011000 2.018000 2.014000 2.009000 1.992000 1.982000 1.968000 1.964000 1.964000 1.989000 1.972000 1.974000 1.990000 1.993000 2.006000 2.016000 2.010000 2.015000 2.019000 2.019000 2.012000 2.002000 2.000000 2.018000 2.019000 2.019000 2.021000 2.031000 2.038000 
2.057000 2.045000 2.025000 2.010000 2.007000 1.991000 1.989000 1.970000 1.954000 1.954000 1.958000 1.977000 1.989000 1.989000 1.989000 1.985000 1.982000 1.968000 1.964000 1.964000 1.981000 1.964000 1.966000 1.982000 1.982000 1.994000 2.019000 2.019000 2.019000 2.019000 2.019000 2.019000 2.013000 2.012000 2.019000 2.019000 2.019000 2.022000 2.038000 2.038000 
2.018000 2.015000 2.008000 1.992000 1.978000 1.970000 1.959000 1.952000 1.947000 1.947000 1.951000 1.970000 1.982000 1.982000 1.982000 1.982000 1.982000 1.987000 1.988000 1.988000 1.994000 1.976000 1.978000 1.994000 1.994000 1.998000 2.006000 2.012000 2.019000 2.019000 2.019000 2.019000 2.019000 2.019000 2.019000 2.019000 2.019000 2.022000 2.038000 2.038000 
1.973000 1.973000 1.973000 1.960000 1.941000 1.938000 1.934000 1.934000 1.947000 1.949000 1.964000 1.979000 1.982000 1.982000 1.982000 1.990000 1.996000 1.999000 2.000000 2.000000 2.000000 1.996000 1.998000 2.012000 2.000000 2.000000 2.000000 2.009000 2.019000 2.019000 2.019000 2.019000 2.019000 2.019000 2.019000 2.033000 2.033000 2.034000 2.038000 2.038000 
1.964000 1.964000 1.964000 1.951000 1.932000 1.929000 1.929000 1.930000 1.961000 1.964000 1.980000 1.987000 1.997000 1.990000 1.982000 1.993000 2.000000 2.000000 2.000000 2.000000 2.000000 2.000000 2.002000 2.018000 2.016000 2.016000 2.016000 2.017000 2.019000 2.019000 2.019000 2.019000 2.019000 2.033000 2.035000 2.038000 2.038000 2.038000 2.038000 2.043000 
1.964000 1.964000 1.964000 1.951000 1.945000 1.945000 1.945000 1.946000 1.964000 1.970000 1.998000 1.999000 2.000000 1.999000 1.998000 1.999000 2.000000 2.000000 2.000000 2.000000 2.000000 2.000000 2.002000 2.019000 2.019000 2.019000 2.019000 2.019000 2.019000 2.019000 2.019000 2.019000 2.019000 2.036000 2.038000 2.038000 2.040000 2.052000 2.034000 2.022000 
1.981000 1.971000 1.964000 1.964000 1.963000 1.963000 1.963000 1.981000 1.981000 1.985000 2.000000 2.000000 2.000000 2.000000 2.000000 2.000000 2.000000 2.000000 2.000000 2.000000 2.000000 2.000000 2.002000 2.019000 2.019000 2.019000 2.019000 2.019000 2.019000 2.019000 2.019000 2.019000 2.019000 2.036000 2.038000 2.056000 2.056000 2.050000 2.019000 2.019000 
1.992000 2.000000 2.000000 2.000000 2.000000 2.000000 2.000000 2.001000 2.000000 2.000000 2.000000 2.000000 2.000000 2.000000 2.000000 2.000000 2.000000 2.000000 2.000000 2.017000 2.019000 2.019000 2.019000 2.019000 2.019000 2.019000 2.027000 2.038000 2.028000 2.019000 2.006000 2.000000 2.016000 2.019000 2.019000 2.017000 1.982000 1.972000 1.926000 1.926000 
1.993000 2.000000 2.000000 2.000000 2.000000 2.000000 2.000000 2.016000 2.000000 2.000000 2.000000 2.000000 2.000000 2.000000 2.000000 2.000000 2.000000 2.000000 2.000000 2.017000 2.019000 2.019000 2.019000 2.019000 2.019000 2.025000 2.038000 2.038000 2.028000 2.007000 1.999000 1.998000 2.015000 2.021000 2.021000 1.999000 1.982000 1.529000 0.000000 0.000000 
2.000000 2.000000 2.000000 2.000000 2.000000 2.000000 2.000000 2.000000 2.000000 2.000000 2.000000 2.000000 2.000000 2.000000 2.000000 2.000000 2.000000 2.000000 2.000000 2.017000 2.019000 2.019000 2.016000 2.016000 2.020000 2.026000 2.035000 2.038000 2.029000 2.007000 1.988000 1.982000 1.638000 1.579000 1.581000 1.999000 1.982000 1.529000 0.000000 0.000000 
2.000000 2.000000 2.000000 2.000000 2.000000 2.000000 2.000000 2.000000 2.000000 2.000000 2.000000 2.000000 2.000000 2.000000 2.000000 2.000000 2.000000 2.000000 2.000000 1.449000 1.385000 1.408000 2.000000 2.003000 2.024000 2.032000 2.019000 1.736000 1.398000 1.376000 1.361000 1.357000 0.000000 0.000000 0.000000 1.370000 1.357000 1.018000 0.000000 0.000000 
2.000000 2.004000 2.002000 2.000000 2.000000 2.000000 1.994000 1.994000 2.000000 2.001000 2.005000 2.000000 2.000000 1.623000 1.629000 2.006000 1.452000 1.191000 1.191000 0.000000 0.000000 0.000000 1.191000 1.194000 1.208000 1.213000 1.204000 0.000000 0.000000 0.000000 0.000000 0.000000 0.000000 0.000000 0.000000 0.000000 0.000000 0.000000 0.000000 0.000000 
1.997000 2.012000 2.011000 2.007000 2.001000 2.000000 1.983000 1.982000 1.994000 2.002000 2.009000 2.000000 2.003000 0.000000 0.000000 1.024000 0.000000 0.000000 0.000000 0.000000 0.000000 0.000000 0.000000 0.000000 0.000000 0.000000 0.000000 0.000000 0.000000 0.000000 0.000000 0.000000 0.000000 0.000000 0.000000 0.000000 0.000000 0.000000 0.000000 0.000000 
1.992000 2.012000 2.019000 2.019000 2.011000 2.001000 0.000000 1.981000 1.967000 1.975000 1.982000 2.000000 1.544000 0.000000 0.000000 0.000000 0.000000 0.000000 0.000000 0.000000 0.000000 0.000000 0.000000 0.000000 0.000000 0.000000 0.000000 0.000000 0.000000 0.000000 0.000000 0.000000 0.000000 0.000000 0.000000 0.000000 0.000000 0.000000 0.000000 0.000000 
1.992000 2.005000 2.009000 2.009000 2.009000 0.000000 0.000000 0.000000 1.947000 1.947000 1.622000 0.000000 0.000000 0.000000 0.000000 0.000000 0.000000 0.000000 0.000000 0.000000 0.000000 0.000000 0.000000 0.000000 0.000000 0.000000 0.000000 0.000000 0.000000 0.000000 0.000000 0.000000 0.000000 0.000000 0.000000 0.000000 0.000000 0.000000 0.000000 0.000000 
0.000000 1.402000 2.000000 2.000000 2.000000 0.000000 0.000000 0.000000 0.000000 0.000000 0.000000 0.000000 0.000000 0.000000 0.000000 0.000000 0.000000 0.000000 0.000000 0.000000 0.000000 0.000000 0.000000 0.000000 0.000000 0.000000 0.000000 0.000000 0.000000 0.000000 0.000000 0.000000 0.000000 0.000000 0.000000 0.000000 0.000000 0.000000 0.000000 0.000000 
0.000000 0.000000 0.000000 0.000000 0.000000 0.000000 0.000000 0.000000 0.000000 0.000000 0.000000 0.000000 0.000000 0.000000 0.000000 0.000000 0.000000 0.000000 0.000000 0.000000 0.000000 0.000000 0.000000 0.000000 0.000000 0.000000 0.000000 0.000000 0.000000 0.000000 0.000000 0.000000 0.000000 0.000000 0.000000 0.000000 0.000000 0.000000 0.000000 0.000000 
0.000000 0.000000 0.000000 0.000000 0.000000 0.000000 0.000000 0.000000 0.000000 0.000000 0.000000 0.000000 0.000000 0.000000 0.000000 0.000000 0.000000 0.000000 0.000000 0.000000 0.000000 0.000000 0.000000 0.000000 0.000000 0.000000 0.000000 0.000000 0.000000 0.000000 0.000000 0.000000 0.000000 0.000000 0.000000 0.000000 0.000000 0.000000 0.000000 0.000000 
0.000000 0.000000 0.000000 0.000000 0.000000 0.000000 0.000000 0.000000 0.000000 0.000000 0.000000 0.000000 0.000000 0.000000 0.000000 0.000000 0.000000 0.000000 0.000000 0.000000 0.000000 0.000000 0.000000 0.000000 0.000000 0.000000 0.000000 0.000000 0.000000 0.000000 0.000000 0.000000 0.000000 0.000000 0.000000 0.000000 0.000000 0.000000 0.000000 0.000000 
0.000000 0.000000 0.000000 0.000000 0.000000 0.000000 0.000000 0.000000 0.000000 0.000000 0.000000 0.000000 0.000000 0.000000 0.000000 0.000000 0.000000 0.000000 0.000000 0.000000 0.000000 0.000000 0.000000 0.000000 0.000000 0.000000 0.000000 0.000000 0.000000 0.000000 0.000000 0.000000 0.000000 0.000000 0.000000 0.000000 0.000000 0.000000 0.000000 0.000000 
0.000000 0.000000 0.000000 0.000000 0.000000 0.000000 0.000000 0.000000 0.000000 0.000000 0.000000 0.000000 0.000000 0.000000 0.000000 0.000000 0.000000 0.000000 0.000000 0.000000 0.000000 0.000000 0.000000 0.000000 0.000000 0.000000 0.000000 0.000000 0.000000 0.000000 0.000000 0.000000 0.000000 0.000000 0.000000 0.000000 0.000000 0.000000 0.000000 0.000000 
0.000000 0.000000 0.000000 0.000000 0.000000 0.000000 0.000000 0.000000 0.000000 0.000000 0.000000 0.000000 0.000000 0.000000 0.000000 0.000000 0.000000 0.000000 0.000000 0.000000 0.000000 0.000000 0.000000 0.000000 0.000000 0.000000 0.000000 0.000000 0.000000 0.000000 0.000000 0.000000 0.000000 0.000000 0.000000 0.000000 0.000000 0.000000 0.000000 0.000000 
0.000000 0.000000 0.000000 0.000000 0.000000 0.000000 0.000000 0.000000 0.000000 0.000000 0.000000 0.000000 0.000000 0.000000 0.000000 0.000000 0.000000 0.000000 0.000000 0.000000 0.000000 0.000000 0.000000 0.000000 0.000000 0.000000 0.000000 0.000000 0.000000 0.000000 0.000000 0.000000 0.000000 0.000000 0.000000 0.000000 0.000000 0.000000 0.000000 0.000000 
0.000000 0.000000 0.000000 0.000000 0.000000 0.000000 0.000000 0.000000 0.000000 0.000000 0.000000 0.000000 0.000000 0.000000 0.000000 0.000000 0.000000 0.000000 0.000000 0.000000 0.000000 0.000000 0.000000 0.000000 0.000000 0.000000 0.000000 0.000000 0.000000 0.000000 0.000000 0.000000 0.000000 0.000000 0.000000 0.000000 0.000000 0.000000 0.000000 0.000000 
0.000000 0.000000 0.000000 0.000000 0.000000 0.000000 0.000000 0.000000 0.000000 0.000000 0.000000 0.000000 0.000000 0.000000 0.000000 0.000000 0.000000 0.000000 0.000000 0.000000 0.000000 0.000000 0.000000 0.000000 0.000000 0.000000 0.000000 0.000000 0.000000 0.000000 0.000000 0.000000 0.000000 0.000000 0.000000 0.000000 0.000000 0.000000 0.000000 0.000000 
