40 40
0.000000 0.000000 0.000000 0.000000 0.000000 0.000000 0.000000 0.000000 0.000000 0.000000 0.000000 1.185000 2.019000 2.020000 2.019000 2.019000 2.019000 2.010000 2.007000 2.007000 2.000000 2.000000 2.000000 2.009000 2.041000 2.131000 2.158000 2.164000 0.000000 0.000000 0.000000 0.000000 0.000000 0.000000 0.000000 0.000000 0.000000 0.000000 0.000000 0.000000 
0.000000 0.000000 0.000000 0.000000 0.000000 0.000000 0.000000 0.000000 0.000000 0.000000 0.000000 2.025000 2.019000 2.019000 2.020000 2.019000 2.019000 2.010000 2.007000 2.005000 2.000000 2.000000 2.000000 2.020000 2.051000 2.116000 2.154000 2.164000 0.000000 0.000000 0.000000 0.000000 0.000000 0.000000 0.000000 0.000000 0.000000 0.000000 0.000000 0.000000 
0.000000 0.000000 0.000000 0.000000 0.000000 0.000000 0.000000 0.000000 0.000000 0.000000 0.000000 2.030000 2.023000 2.019000 2.019000 2.019000 2.015000 2.010000 2.007000 2.005000 2.000000 2.000000 2.000000 2.018000 2.059000 2.108000 2.142000 1.024000 0.000000 0.000000 0.000000 0.000000 0.000000 0.000000 0.000000 0.000000 0.000000 0.000000 0.000000 0.000000 
0.000000 0.000000 0.000000 0.000000 0.000000 0.000000 0.000000 0.000000 0.000000 0.000000 0.000000 0.000000 2.019000 2.019000 2.019000 2.019000 2.015000 2.013000 2.009000 2.005000 2.000000 2.000000 2.000000 2.027000 2.053000 2.100000 2.168000 0.000000 0.000000 0.000000 0.000000 0.000000 0.000000 0.000000 0.000000 0.000000 0.000000 0.000000 0.000000 0.000000 
0.000000 0.000000 0.000000 0.000000 0.000000 0.000000 0.000000 0.000000 0.000000 0.000000 0.000000 0.000000 2.019000 2.020000 2.019000 2.019000 2.015000 2.013000 2.007000 2.005000 2.000000 1.997000 2.000000 2.022000 2.054000 2.102000 2.161000 0.000000 0.000000 0.000000 0.000000 0.000000 0.000000 0.000000 0.000000 0.000000 0.000000 0.000000 0.000000 0.000000 
0.000000 0.000000 0.000000 0.000000 0.000000 0.000000 0.000000 0.000000 0.000000 0.000000 0.000000 0.000000 2.019000 2.020000 2.019000 2.019000 2.014000 2.007000 2.007000 2.000000 1.999000 1.994000 1.994000 2.013000 2.069000 2.108000 2.157000 0.000000 0.000000 0.000000 0.000000 0.000000 0.000000 0.000000 0.000000 0.000000 0.000000 0.000000 0.000000 0.000000 
0.000000 0.000000 0.000000 0.000000 0.000000 0.000000 0.000000 0.000000 0.000000 0.000000 0.000000 0.000000 2.019000 2.019000 2.019000 2.019000 2.013000 2.007000 2.004000 2.000000 1.999000 1.994000 1.995000 2.013000 2.061000 2.104000 2.165000 0.000000 0.000000 0.000000 0.000000 0.000000 0.000000 0.000000 0.000000 0.000000 0.000000 0.000000 0.000000 0.000000 
0.000000 0.000000 0.000000 0.000000 0.000000 0.000000 0.000000 0.000000 0.000000 0.000000 0.000000 2.036000 2.019000 2.019000 2.019000 2.019000 2.013000 2.007000 2.000000 2.000000 2.000000 2.000000 2.000000 2.011000 2.058000 2.101000 2.159000 0.000000 0.000000 0.000000 0.000000 0.000000 0.000000 0.000000 0.000000 0.000000 0.000000 0.000000 0.000000 0.000000 
0.000000 0.000000 0.000000 0.000000 0.000000 0.000000 0.000000 0.000000 0.000000 0.000000 0.000000 2.027000 2.019000 2.019000 2.019000 2.019000 2.018000 2.010000 2.004000 2.000000 1.999000 1.994000 1.999000 2.006000 2.059000 2.122000 2.159000 0.000000 0.000000 0.000000 0.000000 0.000000 0.000000 0.000000 0.000000 0.000000 0.000000 0.000000 0.000000 0.000000 
0.000000 0.000000 0.000000 0.000000 0.000000 0.000000 0.000000 0.000000 0.000000 0.000000 0.000000 2.025000 2.019000 2.019000 2.019000 2.019000 2.019000 2.013000 2.007000 2.000000 1.994000 1.994000 1.999000 2.008000 2.047000 2.121000 2.166000 2.179000 0.000000 0.000000 0.000000 0.000000 0.000000 0.000000 0.000000 0.000000 0.000000 0.000000 0.000000 0.000000 
0.000000 0.000000 0.000000 0.000000 0.000000 0.000000 0.000000 0.000000 0.000000 0.000000 0.000000 2.028000 2.019000 2.019000 2.022000 2.019000 2.019000 2.013000 2.009000 1.999000 1.994000 1.994000 1.999000 2.009000 2.067000 2.118000 2.161000 2.187000 0.000000 0.000000 0.000000 0.000000 0.000000 0.000000 0.000000 0.000000 0.000000 0.000000 0.000000 0.000000 
0.000000 0.000000 0.000000 0.000000 0.000000 0.000000 0.000000 0.000000 0.000000 0.000000 0.000000 2.025000 2.019000 2.019000 2.019000 2.017000 2.013000 2.011000 2.006000 1.998000 1.994000 1.994000 1.999000 2.015000 2.061000 2.118000 2.148000 2.199000 0.000000 0.000000 0.000000 0.000000 0.000000 0.000000 0.000000 0.000000 0.000000 0.000000 0.000000 0.000000 
0.000000 0.000000 0.000000 0.000000 0.000000 0.000000 0.000000 0.000000 0.000000 0.000000 0.000000 2.019000 2.017000 2.014000 2.013000 2.013000 2.013000 2.003000 2.000000 1.998000 1.994000 1.994000 1.999000 2.017000 2.059000 2.118000 2.164000 2.187000 0.000000 0.000000 0.000000 0.000000 0.000000 0.000000 0.000000 0.000000 0.000000 0.000000 0.000000 0.000000 
0.000000 0.000000 0.000000 0.000000 0.000000 0.000000 0.000000 0.000000 0.000000 0.000000 0.000000 2.019000 2.017000 2.014000 2.019000 2.013000 2.013000 2.000000 1.997000 1.994000 1.994000 1.994000 1.999000 2.020000 2.055000 2.107000 2.171000 2.179000 0.000000 0.000000 0.000000 0.000000 0.000000 0.000000 0.000000 0.000000 0.000000 0.000000 0.000000 0.000000 
0.000000 0.000000 0.000000 0.000000 0.000000 0.000000 0.000000 0.000000 0.000000 0.000000 0.000000 2.019000 2.017000 2.014000 2.019000 2.014000 2.013000 2.000000 2.000000 2.000000 1.994000 1.994000 1.999000 2.021000 2.059000 2.097000 2.168000 2.187000 0.000000 0.000000 0.000000 0.000000 0.000000 0.000000 0.000000 0.000000 0.000000 0.000000 0.000000 0.000000 
0.000000 0.000000 0.000000 0.000000 0.000000 0.000000 0.000000 0.000000 0.000000 0.000000 0.000000 2.019000 2.014000 2.015000 2.019000 2.019000 2.009000 2.000000 2.000000 2.000000 1.998000 1.994000 1.999000 2.020000 2.060000 2.103000 2.160000 2.187000 0.000000 0.000000 0.000000 0.000000 0.000000 0.000000 0.000000 0.000000 0.000000 0.000000 0.000000 0.000000 
0.000000 0.000000 0.000000 0.000000 0.000000 0.000000 0.000000 0.000000 0.000000 0.000000 0.000000 2.021000 2.013000 2.014000 2.019000 2.019000 2.009000 2.000000 2.000000 2.000000 1.999000 1.994000 1.999000 2.013000 2.058000 2.114000 2.159000 2.171000 0.000000 0.000000 0.000000 0.000000 0.000000 0.000000 0.000000 0.000000 0.000000 0.000000 0.000000 0.000000 
0.000000 0.000000 0.000000 0.000000 0.000000 0.000000 0.000000 0.000000 0.000000 0.000000 0.000000 2.019000 2.013000 2.014000 2.019000 2.019000 2.011000 2.002000 1.997000 1.994000 1.994000 1.994000 1.999000 2.012000 2.060000 2.119000 2.158000 2.164000 0.000000 0.000000 0.000000 0.000000 0.000000 0.000000 0.000000 0.000000 0.000000 0.000000 0.000000 0.000000 
0.000000 0.000000 0.000000 0.000000 0.000000 0.000000 0.000000 0.000000 0.000000 0.000000 0.000000 2.013000 2.013000 2.014000 2.013000 2.013000 2.013000 2.000000 1.998000 1.994000 1.994000 1.994000 1.997000 2.011000 2.059000 2.112000 2.156000 2.169000 0.000000 0.000000 0.000000 0.000000 0.000000 0.000000 0.000000 0.000000 0.000000 0.000000 0.000000 0.000000 
0.000000 0.000000 0.000000 0.000000 0.000000 0.000000 0.000000 0.000000 0.000000 0.000000 0.000000 2.019000 2.013000 2.013000 2.013000 2.013000 2.013000 2.000000 2.000000 1.998000 1.994000 1.994000 1.994000 2.009000 2.060000 2.099000 2.158000 2.179000 0.000000 0.000000 0.000000 0.000000 0.000000 0.000000 0.000000 0.000000 0.000000 0.000000 0.000000 0.000000 
0.000000 0.000000 0.000000 0.000000 0.000000 0.000000 0.000000 0.000000 0.000000 0.000000 0.000000 2.019000 2.017000 2.013000 2.012000 2.012000 2.013000 2.000000 2.000000 1.998000 1.994000 1.994000 1.994000 2.014000 2.051000 2.107000 2.160000 2.186000 0.000000 0.000000 0.000000 0.000000 0.000000 0.000000 0.000000 0.000000 0.000000 0.000000 0.000000 0.000000 
0.000000 0.000000 0.000000 0.000000 0.000000 0.000000 0.000000 0.000000 0.000000 0.000000 0.000000 2.019000 2.013000 2.013000 2.007000 2.007000 2.007000 2.003000 1.997000 1.994000 1.994000 1.994000 1.994000 2.026000 2.048000 2.108000 2.151000 2.179000 0.000000 0.000000 0.000000 0.000000 0.000000 0.000000 0.000000 0.000000 0.000000 0.000000 0.000000 0.000000 
0.000000 0.000000 0.000000 0.000000 0.000000 0.000000 0.000000 0.000000 0.000000 0.000000 0.000000 2.019000 2.017000 2.013000 2.012000 2.012000 2.007000 2.003000 2.000000 1.999000 1.994000 1.994000 1.994000 2.024000 2.063000 2.100000 2.162000 2.187000 0.000000 0.000000 0.000000 0.000000 0.000000 0.000000 0.000000 0.000000 0.000000 0.000000 0.000000 0.000000 
0.000000 0.000000 0.000000 0.000000 0.000000 0.000000 0.000000 0.000000 0.000000 0.000000 0.000000 2.019000 2.017000 2.013000 2.013000 2.008000 2.007000 2.006000 2.000000 1.996000 1.994000 1.994000 1.997000 2.026000 2.066000 2.104000 2.163000 2.187000 0.000000 0.000000 0.000000 0.000000 0.000000 0.000000 0.000000 0.000000 0.000000 0.000000 0.000000 0.000000 
0.000000 0.000000 0.000000 0.000000 0.000000 0.000000 0.000000 0.000000 0.000000 0.000000 0.000000 2.817000 2.017000 2.013000 2.013000 2.007000 2.003000 2.000000 2.000000 1.994000 1.994000 1.994000 2.000000 2.021000 2.063000 2.101000 2.144000 0.000000 0.000000 0.000000 0.000000 0.000000 0.000000 0.000000 0.000000 0.000000 0.000000 0.000000 0.000000 0.000000 
0.000000 0.000000 0.000000 0.000000 0.000000 0.000000 0.000000 0.000000 0.000000 0.000000 0.000000 0.000000 2.013000 2.013000 2.013000 2.007000 2.000000 2.000000 2.000000 1.996000 1.994000 1.994000 2.000000 2.020000 2.067000 2.101000 2.145000 2.176000 0.000000 0.000000 0.000000 0.000000 0.000000 0.000000 0.000000 0.000000 0.000000 0.000000 0.000000 0.000000 
0.000000 0.000000 0.000000 0.000000 0.000000 0.000000 0.000000 0.000000 0.000000 0.000000 0.000000 2.030000 2.013000 2.013000 2.013000 2.008000 2.000000 2.000000 2.000000 2.000000 1.999000 1.994000 1.994000 2.026000 2.068000 2.102000 2.146000 2.192000 0.000000 0.000000 0.000000 0.000000 0.000000 0.000000 0.000000 0.000000 0.000000 0.000000 0.000000 0.000000 
0.000000 0.000000 0.000000 0.000000 0.000000 0.000000 0.000000 0.000000 0.000000 0.000000 0.000000 2.025000 2.013000 2.013000 2.013000 2.008000 2.002000 2.000000 2.000000 2.000000 1.999000 1.994000 1.999000 2.025000 2.066000 2.105000 2.148000 2.187000 0.000000 0.000000 0.000000 0.000000 0.000000 0.000000 0.000000 0.000000 0.000000 0.000000 0.000000 0.000000 
0.000000 0.000000 0.000000 0.000000 0.000000 0.000000 0.000000 0.000000 0.000000 0.000000 0.000000 2.013000 2.013000 2.013000 2.013000 2.007000 2.002000 2.000000 2.000000 1.998000 1.994000 1.994000 2.000000 2.025000 2.062000 2.107000 1.725000 0.000000 0.000000 0.000000 0.000000 0.000000 0.000000 0.000000 0.000000 0.000000 0.000000 0.000000 0.000000 0.000000 
0.000000 0.000000 0.000000 0.000000 0.000000 0.000000 0.000000 0.000000 0.000000 0.000000 0.000000 2.018000 2.013000 2.013000 2.013000 2.001000 2.000000 2.000000 2.000000 1.995000 1.994000 1.994000 2.000000 2.016000 2.048000 2.097000 0.000000 0.000000 0.000000 0.000000 0.000000 0.000000 0.000000 0.000000 0.000000 0.000000 0.000000 0.000000 0.000000 0.000000 
0.000000 0.000000 0.000000 0.000000 0.000000 0.000000 0.000000 0.000000 0.000000 0.000000 0.000000 2.015000 2.013000 2.013000 2.013000 2.007000 2.000000 2.000000 1.998000 1.994000 1.994000 1.994000 1.999000 2.009000 2.046000 1.449000 0.000000 0.000000 0.000000 0.000000 0.000000 0.000000 0.000000 0.000000 0.000000 0.000000 0.000000 0.000000 0.000000 0.000000 
0.000000 0.000000 0.000000 0.000000 0.000000 0.000000 0.000000 0.000000 0.000000 0.000000 0.000000 2.013000 2.013000 2.013000 2.007000 2.001000 1.997000 1.997000 1.994000 1.994000 1.994000 1.994000 1.994000 2.001000 1.198000 0.000000 0.000000 0.000000 0.000000 0.000000 0.000000 0.000000 0.000000 0.000000 0.000000 0.000000 0.000000 0.000000 0.000000 0.000000 
0.000000 0.000000 0.000000 0.000000 0.000000 0.000000 0.000000 0.000000 0.000000 0.000000 0.000000 2.013000 2.013000 2.013000 2.009000 2.001000 1.994000 1.994000 1.996000 1.994000 1.994000 1.992000 1.992000 1.989000 1.190000 0.000000 0.000000 0.000000 0.000000 0.000000 0.000000 0.000000 0.000000 0.000000 0.000000 0.000000 0.000000 0.000000 0.000000 0.000000 
0.000000 0.000000 0.000000 0.000000 0.000000 0.000000 0.000000 0.000000 0.000000 0.000000 0.000000 2.014000 1.912000 1.705000 2.010000 2.006000 1.994000 1.994000 1.994000 1.994000 1.992000 1.981000 1.982000 1.988000 1.034000 0.000000 0.000000 0.000000 0.000000 0.000000 0.000000 0.000000 0.000000 0.000000 0.000000 0.000000 0.000000 0.000000 0.000000 0.000000 
0.000000 0.000000 0.000000 0.000000 0.000000 0.000000 0.000000 0.000000 0.000000 0.000000 0.000000 0.000000 0.000000 0.000000 0.000000 1.906000 2.152000 2.156000 2.159000 2.163000 2.008000 1.986000 2.058000 2.076000 0.000000 0.000000 0.000000 0.000000 0.000000 0.000000 0.000000 0.000000 0.000000 0.000000 0.000000 0.000000 0.000000 0.000000 0.000000 0.000000 
0.000000 0.000000 0.000000 0.000000 0.000000 0.000000 0.000000 0.000000 0.000000 0.000000 0.000000 0.000000 0.000000 0.000000 2.141000 2.116000 2.112000 2.156000 2.153000 2.142000 2.133000 2.078000 2.071000 2.110000 2.090000 2.061000 2.061000 0.000000 0.000000 0.000000 0.000000 0.000000 0.000000 0.000000 0.000000 0.000000 0.000000 0.000000 0.000000 0.000000 
0.000000 0.000000 0.000000 0.000000 0.000000 0.000000 0.000000 0.000000 0.000000 0.000000 0.000000 0.000000 1.008000 2.133000 2.110000 2.112000 2.113000 2.120000 2.126000 2.122000 2.114000 2.090000 2.079000 2.099000 2.113000 2.113000 2.117000 2.127000 0.000000 0.000000 0.000000 0.000000 0.000000 0.000000 0.000000 0.000000 0.000000 0.000000 0.000000 0.000000 
0.000000 0.000000 0.000000 0.000000 0.000000 0.000000 0.000000 0.000000 0.000000 0.000000 0.000000 0.000000 0.000000 2.087000 2.089000 2.087000 2.085000 2.088000 2.087000 2.085000 2.088000 2.082000 2.078000 2.087000 2.091000 2.098000 2.107000 2.117000 0.000000 0.000000 0.000000 0.000000 0.000000 0.000000 0.000000 0.000000 0.000000 0.000000 0.000000 0.000000 
0.000000 0.000000 0.000000 0.000000 0.000000 0.000000 0.000000 0.000000 0.000000 0.000000 0.000000 0.000000 1.555000 2.064000 2.067000 2.067000 2.065000 2.058000 2.054000 2.054000 2.064000 2.054000 2.047000 2.047000 2.056000 2.083000 2.105000 2.116000 0.000000 0.000000 0.000000 0.000000 0.000000 0.000000 0.000000 0.000000 0.000000 0.000000 0.000000 0.000000 
0.000000 0.000000 0.000000 0.000000 0.000000 0.000000 0.000000 0.000000 0.000000 0.000000 0.000000 0.000000 2.064000 2.064000 2.064000 2.064000 2.064000 2.058000 2.051000 2.048000 2.048000 2.044000 2.044000 2.038000 2.041000 2.068000 2.094000 2.105000 0.000000 0.000000 0.000000 0.000000 0.000000 0.000000 0.000000 0.000000 0.000000 0.000000 0.000000 0.000000 
