0.000000,0.000000,0.000000,0.000000,0.000000,0.000000,0.000000,0.000000,0.000000,0.000000,0.000000,0.000000,0.000000,0.000000,0.000000,0.000000,0.000000,0.000000,0.000000,0.000000,0.000000,0.000000,0.000000,0.000000,0.000000,0.000000,0.000000,0.000000,0.000000,0.000000,0.000000,0.000000,0.000000,0.000000,0.000000,0.000000,0.000000,0.000000,0.000000,0.000000,
0.000000,0.000000,0.000000,0.000000,0.000000,0.000000,0.000000,0.000000,0.000000,0.000000,0.000000,0.000000,0.000000,0.000000,0.000000,0.000000,0.000000,0.000000,0.000000,0.000000,0.000000,0.000000,0.000000,0.000000,0.000000,0.000000,0.000000,0.000000,0.000000,0.000000,0.000000,0.000000,0.000000,0.000000,0.000000,0.000000,0.000000,0.000000,0.000000,0.000000,
0.000000,0.000000,0.000000,0.000000,0.000000,0.000000,0.000000,0.000000,0.000000,0.000000,0.000000,0.000000,0.000000,0.000000,0.000000,0.000000,0.000000,0.000000,0.000000,0.000000,0.000000,0.000000,0.000000,0.000000,0.000000,0.000000,0.000000,0.000000,0.000000,0.000000,0.000000,0.000000,0.000000,0.000000,0.000000,0.000000,0.000000,0.000000,0.000000,0.000000,
0.000000,0.000000,0.000000,0.000000,0.000000,0.000000,0.000000,0.000000,0.000000,0.000000,0.000000,0.000000,0.000000,0.000000,0.000000,0.000000,0.000000,0.000000,0.000000,0.000000,0.000000,0.000000,0.000000,0.000000,0.000000,0.000000,0.000000,0.000000,0.000000,0.000000,0.000000,0.000000,0.000000,0.000000,0.000000,0.000000,0.000000,0.000000,0.000000,0.000000,
0.000000,0.000000,0.000000,0.000000,0.000000,0.000000,0.000000,0.000000,0.000000,0.000000,0.000000,0.000000,0.000000,0.000000,0.000000,0.000000,0.000000,0.000000,0.000000,0.000000,0.000000,0.000000,0.000000,0.000000,0.000000,0.000000,0.000000,0.000000,0.000000,0.000000,0.000000,0.000000,0.000000,0.000000,0.000000,0.000000,0.000000,0.000000,0.000000,0.000000,
0.000000,0.000000,0.000000,0.000000,0.000000,0.000000,0.000000,0.000000,0.000000,0.000000,0.000000,0.000000,0.000000,0.000000,0.000000,0.000000,0.000000,0.000000,0.000000,0.000000,0.000000,0.000000,0.000000,0.000000,0.000000,0.000000,0.000000,0.000000,0.000000,0.000000,0.000000,0.000000,0.000000,0.000000,0.000000,0.000000,0.000000,0.000000,0.000000,0.000000,
0.000000,0.000000,0.000000,0.000000,0.000000,0.000000,0.000000,0.000000,0.000000,0.000000,0.000000,0.000000,0.000000,0.000000,0.000000,0.000000,0.000000,0.000000,0.000000,0.000000,0.000000,0.000000,0.000000,0.000000,0.000000,0.000000,0.000000,0.000000,0.000000,0.000000,0.000000,0.000000,0.000000,0.000000,0.000000,0.000000,0.000000,0.000000,0.000000,0.000000,
0.000000,0.000000,0.000000,0.000000,0.000000,0.000000,0.000000,0.000000,0.000000,0.000000,0.000000,0.000000,0.000000,0.000000,0.000000,0.000000,0.000000,0.000000,0.000000,0.000000,0.000000,0.000000,0.000000,0.000000,0.000000,0.000000,0.000000,0.000000,0.000000,0.000000,0.000000,0.000000,0.000000,0.000000,0.000000,0.000000,0.000000,0.000000,0.000000,0.000000,
0.000000,0.000000,0.000000,0.000000,0.000000,0.000000,0.000000,0.000000,0.000000,0.000000,0.000000,0.000000,0.000000,0.000000,0.000000,0.000000,0.000000,0.000000,0.000000,0.000000,0.000000,0.000000,0.000000,0.000000,0.000000,0.000000,0.000000,0.000000,0.000000,0.000000,0.000000,0.000000,0.000000,0.000000,0.000000,0.000000,0.000000,0.000000,0.000000,0.000000,
0.000000,0.000000,0.000000,0.000000,0.000000,0.000000,0.000000,0.000000,0.000000,0.000000,0.000000,0.000000,0.000000,0.000000,0.000000,0.000000,0.000000,0.000000,0.000000,0.000000,0.000000,0.000000,0.000000,0.000000,0.000000,0.000000,0.000000,0.000000,0.000000,0.000000,0.000000,0.000000,0.000000,0.000000,0.000000,0.000000,0.000000,0.000000,0.000000,0.000000,
0.000000,0.000000,0.000000,0.000000,0.000000,0.000000,0.000000,0.000000,0.000000,0.000000,0.000000,0.000000,0.000000,0.000000,0.000000,0.000000,0.000000,0.000000,0.000000,0.000000,0.000000,0.000000,0.000000,0.000000,0.000000,0.000000,0.000000,0.000000,0.000000,0.000000,0.000000,0.000000,0.000000,0.000000,0.000000,0.000000,0.000000,0.000000,0.000000,0.000000,
0.000000,0.000000,0.000000,0.000000,0.000000,0.000000,0.000000,0.000000,0.000000,0.000000,0.000000,0.000000,0.000000,0.000000,0.000000,0.000000,0.000000,0.000000,0.000000,0.000000,0.000000,0.000000,0.000000,0.000000,0.000000,0.000000,0.000000,0.000000,0.000000,0.000000,0.000000,0.000000,0.000000,0.000000,0.000000,0.000000,0.000000,0.000000,0.000000,0.000000,
0.000000,0.000000,0.000000,0.000000,2.909000,2.488000,2.180000,2.180000,2.307000,2.853000,0.000000,2.534000,2.000000,2.000000,1.995000,1.953000,1.914000,1.914000,1.912000,1.871000,1.831000,1.831000,1.831000,1.792000,1.752000,1.750000,1.750000,1.786000,1.826000,1.867000,1.907000,1.914000,1.914000,1.819000,1.700000,1.672000,1.672000,1.729000,1.807000,1.831000,
2.830000,2.877000,2.892000,2.845000,2.715000,2.394000,2.155000,2.145000,2.234000,2.651000,2.892000,2.407000,2.000000,2.000000,1.995000,1.953000,1.914000,1.914000,1.912000,1.871000,1.831000,1.831000,1.831000,1.801000,1.771000,1.778000,1.788000,1.816000,1.847000,1.878000,1.909000,1.914000,1.914000,1.841000,1.751000,1.722000,1.712000,1.753000,1.813000,1.831000,
2.352000,2.369000,2.374000,2.358000,2.311000,2.197000,2.105000,2.073000,2.083000,2.232000,2.318000,2.145000,2.000000,2.000000,1.995000,1.953000,1.914000,1.914000,1.912000,1.871000,1.831000,1.831000,1.831000,1.820000,1.810000,1.837000,1.867000,1.879000,1.890000,1.901000,1.912000,1.914000,1.914000,1.888000,1.856000,1.825000,1.796000,1.803000,1.825000,1.831000,
2.088000,2.088000,2.088000,2.088000,2.085000,2.076000,2.060000,2.026000,2.000000,2.000000,2.000000,2.000000,2.000000,2.000000,1.995000,1.953000,1.914000,1.914000,1.912000,1.880000,1.849000,1.849000,1.849000,1.849000,1.849000,1.879000,1.911000,1.914000,1.914000,1.914000,1.914000,1.914000,1.914000,1.914000,1.914000,1.890000,1.858000,1.849000,1.849000,1.843000,
2.088000,2.088000,2.088000,2.088000,2.079000,2.048000,2.022000,2.010000,2.000000,2.000000,2.000000,2.000000,2.000000,2.000000,1.995000,1.953000,1.914000,1.914000,1.913000,1.902000,1.890000,1.890000,1.890000,1.890000,1.890000,1.901000,1.913000,1.914000,1.914000,1.914000,1.914000,1.914000,1.914000,1.914000,1.914000,1.905000,1.893000,1.890000,1.890000,1.870000,
2.070000,2.070000,2.073000,2.082000,2.075000,2.032000,2.000000,2.000000,1.998000,1.990000,1.983000,1.983000,1.983000,1.983000,1.978000,1.945000,1.914000,1.914000,1.914000,1.923000,1.931000,1.931000,1.931000,1.923000,1.914000,1.914000,1.914000,1.914000,1.914000,1.914000,1.914000,1.914000,1.914000,1.914000,1.914000,1.914000,1.914000,1.914000,1.914000,1.886000,
2.027000,2.027000,2.037000,2.067000,2.075000,2.032000,2.000000,2.000000,1.993000,1.964000,1.940000,1.940000,1.940000,1.940000,1.939000,1.926000,1.914000,1.914000,1.916000,1.945000,1.974000,1.974000,1.974000,1.945000,1.916000,1.914000,1.914000,1.914000,1.914000,1.914000,1.914000,1.914000,1.914000,1.914000,1.914000,1.914000,1.914000,1.914000,1.914000,1.886000,
2.000000,2.000000,2.009000,2.037000,2.045000,2.010000,1.984000,1.984000,1.976000,1.942000,1.914000,1.914000,1.914000,1.914000,1.915000,1.923000,1.930000,1.930000,1.932000,1.966000,2.000000,2.000000,2.000000,1.959000,1.916000,1.914000,1.914000,1.914000,1.914000,1.914000,1.914000,1.914000,1.914000,1.914000,1.914000,1.914000,1.914000,1.914000,1.914000,1.891000,
2.000000,2.000000,1.995000,1.981000,1.966000,1.952000,1.942000,1.942000,1.939000,1.925000,1.914000,1.914000,1.914000,1.914000,1.918000,1.946000,1.972000,1.972000,1.973000,1.987000,2.000000,2.000000,2.000000,1.959000,1.916000,1.914000,1.914000,1.914000,1.914000,1.914000,1.914000,1.914000,1.914000,1.914000,1.914000,1.914000,1.914000,1.914000,1.914000,1.905000,
2.000000,2.000000,1.986000,1.943000,1.914000,1.914000,1.914000,1.914000,1.914000,1.914000,1.915000,1.922000,1.928000,1.928000,1.933000,1.968000,2.001000,2.008000,2.014000,2.007000,2.000000,2.000000,2.000000,1.959000,1.916000,1.908000,1.901000,1.900000,1.900000,1.906000,1.913000,1.914000,1.914000,1.914000,1.914000,1.914000,1.914000,1.593000,1.154000,1.019000,
2.000000,2.000000,1.986000,1.943000,1.914000,1.914000,1.914000,1.914000,1.914000,1.914000,1.919000,1.947000,1.971000,1.971000,1.972000,1.987000,2.003000,2.031000,2.056000,2.028000,2.000000,2.000000,2.000000,1.959000,1.916000,1.889000,1.862000,1.859000,1.859000,1.883000,1.910000,1.914000,1.914000,1.914000,1.914000,1.914000,1.914000,0.000000,0.000000,0.000000,
2.000000,2.000000,1.986000,1.943000,1.914000,1.914000,1.914000,1.914000,1.914000,1.914000,1.921000,1.957000,1.988000,1.994000,2.000000,2.000000,2.003000,2.040000,2.073000,2.036000,2.000000,1.994000,1.987000,1.952000,1.916000,1.875000,1.835000,1.831000,1.831000,1.867000,1.907000,1.585000,1.192000,1.114000,1.114000,1.114000,1.114000,0.000000,0.000000,0.000000,
2.000000,2.000000,1.986000,1.943000,1.914000,1.914000,1.914000,1.914000,1.914000,1.914000,1.917000,1.932000,1.949000,1.976000,2.000000,2.000000,2.001000,2.017000,2.031000,2.015000,2.000000,1.973000,1.945000,1.930000,1.915000,1.875000,1.835000,1.831000,1.831000,1.867000,1.907000,0.000000,0.000000,0.000000,0.000000,0.000000,0.000000,0.000000,0.000000,0.000000,
2.000000,2.000000,1.988000,1.951000,1.925000,1.925000,1.924000,1.918000,1.914000,1.914000,1.914000,1.914000,1.921000,1.963000,2.000000,2.000000,2.000000,2.000000,2.000000,2.000000,1.999000,1.957000,1.915000,1.914000,1.914000,1.881000,1.845000,1.527000,1.180000,1.167000,1.203000,0.000000,0.000000,0.000000,0.000000,0.000000,0.000000,0.000000,0.000000,0.000000,
2.000000,2.000000,1.995000,1.979000,1.968000,1.968000,1.961000,1.934000,1.914000,1.914000,1.914000,1.914000,1.921000,1.963000,2.000000,2.000000,2.000000,2.000000,2.000000,2.000000,1.999000,1.957000,1.915000,1.914000,1.914000,1.899000,1.884000,0.000000,0.000000,0.000000,0.000000,0.000000,0.000000,0.000000,0.000000,0.000000,0.000000,0.000000,0.000000,0.000000,
2.000000,2.000000,2.000000,2.000000,2.000000,2.000000,1.989000,1.946000,1.914000,1.914000,1.914000,1.914000,1.921000,1.963000,2.000000,2.000000,2.000000,2.000000,2.000000,2.000000,1.999000,1.957000,1.915000,1.914000,1.914000,1.914000,1.914000,0.000000,0.000000,0.000000,0.000000,0.000000,0.000000,0.000000,0.000000,0.000000,0.000000,0.000000,0.000000,0.000000,
0.000000,0.000000,0.000000,0.000000,0.000000,0.000000,0.000000,0.000000,0.000000,0.000000,0.000000,0.000000,0.000000,0.000000,0.000000,0.000000,0.000000,0.000000,0.000000,0.000000,0.000000,0.000000,0.000000,0.000000,0.000000,0.000000,0.000000,0.000000,0.000000,0.000000,0.000000,0.000000,0.000000,0.000000,0.000000,0.000000,0.000000,0.000000,0.000000,0.000000,
0.000000,0.000000,0.000000,0.000000,0.000000,0.000000,0.000000,0.000000,0.000000,0.000000,0.000000,0.000000,0.000000,0.000000,0.000000,0.000000,0.000000,0.000000,0.000000,0.000000,0.000000,0.000000,0.000000,0.000000,0.000000,0.000000,0.000000,0.000000,0.000000,0.000000,0.000000,0.000000,0.000000,0.000000,0.000000,0.000000,0.000000,0.000000,0.000000,0.000000,
0.000000,0.000000,0.000000,0.000000,0.000000,0.000000,0.000000,0.000000,0.000000,0.000000,0.000000,0.000000,0.000000,0.000000,0.000000,0.000000,0.000000,0.000000,0.000000,0.000000,0.000000,0.000000,0.000000,0.000000,0.000000,0.000000,0.000000,0.000000,0.000000,0.000000,0.000000,0.000000,0.000000,0.000000,0.000000,0.000000,0.000000,0.000000,0.000000,0.000000,
0.000000,0.000000,0.000000,0.000000,0.000000,0.000000,0.000000,0.000000,0.000000,0.000000,0.000000,0.000000,0.000000,0.000000,0.000000,0.000000,0.000000,0.000000,0.000000,0.000000,0.000000,0.000000,0.000000,0.000000,0.000000,0.000000,0.000000,0.000000,0.000000,0.000000,0.000000,0.000000,0.000000,0.000000,0.000000,0.000000,0.000000,0.000000,0.000000,0.000000,
0.000000,0.000000,0.000000,0.000000,0.000000,0.000000,0.000000,0.000000,0.000000,0.000000,0.000000,0.000000,0.000000,0.000000,0.000000,0.000000,0.000000,0.000000,0.000000,0.000000,0.000000,0.000000,0.000000,0.000000,0.000000,0.000000,0.000000,0.000000,0.000000,0.000000,0.000000,0.000000,0.000000,0.000000,0.000000,0.000000,0.000000,0.000000,0.000000,0.000000,
0.000000,0.000000,0.000000,0.000000,0.000000,0.000000,0.000000,0.000000,0.000000,0.000000,0.000000,0.000000,0.000000,0.000000,0.000000,0.000000,0.000000,0.000000,0.000000,0.000000,0.000000,0.000000,0.000000,0.000000,0.000000,0.000000,0.000000,0.000000,0.000000,0.000000,0.000000,0.000000,0.000000,0.000000,0.000000,0.000000,0.000000,0.000000,0.000000,0.000000,
0.000000,0.000000,0.000000,0.000000,0.000000,0.000000,0.000000,0.000000,0.000000,0.000000,0.000000,0.000000,0.000000,0.000000,0.000000,0.000000,0.000000,0.000000,0.000000,0.000000,0.000000,0.000000,0.000000,0.000000,0.000000,0.000000,0.000000,0.000000,0.000000,0.000000,0.000000,0.000000,0.000000,0.000000,0.000000,0.000000,0.000000,0.000000,0.000000,0.000000,
0.000000,0.000000,0.000000,0.000000,0.000000,0.000000,0.000000,0.000000,0.000000,0.000000,0.000000,0.000000,0.000000,0.000000,0.000000,0.000000,0.000000,0.000000,0.000000,0.000000,0.000000,0.000000,0.000000,0.000000,0.000000,0.000000,0.000000,0.000000,0.000000,0.000000,0.000000,0.000000,0.000000,0.000000,0.000000,0.000000,0.000000,0.000000,0.000000,0.000000,
0.000000,0.000000,0.000000,0.000000,0.000000,0.000000,0.000000,0.000000,0.000000,0.000000,0.000000,0.000000,0.000000,0.000000,0.000000,0.000000,0.000000,0.000000,0.000000,0.000000,0.000000,0.000000,0.000000,0.000000,0.000000,0.000000,0.000000,0.000000,0.000000,0.000000,0.000000,0.000000,0.000000,0.000000,0.000000,0.000000,0.000000,0.000000,0.000000,0.000000,
0.000000,0.000000,0.000000,0.000000,0.000000,0.000000,0.000000,0.000000,0.000000,0.000000,0.000000,0.000000,0.000000,0.000000,0.000000,0.000000,0.000000,0.000000,0.000000,0.000000,0.000000,0.000000,0.000000,0.000000,0.000000,0.000000,0.000000,0.000000,0.000000,0.000000,0.000000,0.000000,0.000000,0.000000,0.000000,0.000000,0.000000,0.000000,0.000000,0.000000,
0.000000,0.000000,0.000000,0.000000,0.000000,0.000000,0.000000,0.000000,0.000000,0.000000,0.000000,0.000000,0.000000,0.000000,0.000000,0.000000,0.000000,0.000000,0.000000,0.000000,0.000000,0.000000,0.000000,0.000000,0.000000,0.000000,0.000000,0.000000,0.000000,0.000000,0.000000,0.000000,0.000000,0.000000,0.000000,0.000000,0.000000,0.000000,0.000000,0.000000,
0.000000,0.000000,0.000000,0.000000,0.000000,0.000000,0.000000,0.000000,0.000000,0.000000,0.000000,0.000000,0.000000,0.000000,0.000000,0.000000,0.000000,0.000000,0.000000,0.000000,0.000000,0.000000,0.000000,0.000000,0.000000,0.000000,0.000000,0.000000,0.000000,0.000000,0.000000,0.000000,0.000000,0.000000,0.000000,0.000000,0.000000,0.000000,0.000000,0.000000,
