1.329000,1.329000,1.355000,1.418000,1.481000,1.542000,1.542000,1.542000,1.542000,1.542000,1.542000,1.542000,1.542000,1.542000,1.542000,1.542000,1.542000,1.542000,1.542000,1.542000,1.542000,1.542000,1.548000,1.614000,1.680000,1.746000,1.765000,1.765000,1.765000,1.768000,1.776000,1.785000,1.794000,1.851000,1.912000,1.973000,1.962000,1.893000,1.823000,1.765000,
1.329000,1.329000,1.355000,1.418000,1.481000,1.542000,1.542000,1.542000,1.542000,1.542000,1.542000,1.542000,1.542000,1.542000,1.542000,1.542000,1.542000,1.542000,1.542000,1.542000,1.542000,1.542000,1.548000,1.614000,1.680000,1.746000,1.765000,1.765000,1.765000,1.774000,1.803000,1.833000,1.862000,1.901000,1.942000,1.982000,1.962000,1.893000,1.823000,1.765000,
1.329000,1.329000,1.355000,1.418000,1.481000,1.542000,1.542000,1.542000,1.542000,1.542000,1.542000,1.542000,1.542000,1.542000,1.542000,1.542000,1.542000,1.542000,1.542000,1.542000,1.542000,1.542000,1.548000,1.614000,1.680000,1.746000,1.765000,1.765000,1.765000,1.781000,1.831000,1.880000,1.930000,1.951000,1.971000,1.991000,1.962000,1.893000,1.823000,1.765000,
1.329000,1.329000,1.355000,1.418000,1.481000,1.542000,1.542000,1.542000,1.542000,1.542000,1.542000,1.542000,1.542000,1.542000,1.542000,1.542000,1.542000,1.542000,1.542000,1.542000,1.542000,1.542000,1.548000,1.614000,1.680000,1.746000,1.765000,1.766000,1.767000,1.789000,1.858000,1.927000,1.996000,2.000000,2.000000,2.000000,1.962000,1.894000,1.825000,1.767000,
1.329000,1.329000,1.355000,1.418000,1.481000,1.542000,1.542000,1.542000,1.542000,1.542000,1.542000,1.542000,1.542000,1.542000,1.542000,1.542000,1.542000,1.542000,1.542000,1.542000,1.542000,1.542000,1.548000,1.614000,1.680000,1.746000,1.780000,1.801000,1.822000,1.852000,1.900000,1.949000,1.997000,2.000000,2.000000,2.000000,1.974000,1.925000,1.877000,1.837000,
1.329000,1.329000,1.355000,1.418000,1.481000,1.542000,1.542000,1.542000,1.542000,1.542000,1.542000,1.542000,1.542000,1.542000,1.542000,1.542000,1.542000,1.542000,1.542000,1.542000,1.542000,1.542000,1.548000,1.614000,1.680000,1.746000,1.795000,1.836000,1.878000,1.915000,1.943000,1.970000,1.998000,2.000000,2.000000,2.000000,1.985000,1.957000,1.929000,1.906000,
1.329000,1.329000,1.355000,1.418000,1.481000,1.542000,1.542000,1.542000,1.542000,1.542000,1.542000,1.542000,1.542000,1.542000,1.542000,1.542000,1.542000,1.542000,1.542000,1.542000,1.542000,1.542000,1.548000,1.614000,1.680000,1.746000,1.809000,1.871000,1.933000,1.978000,1.985000,1.992000,2.000000,2.000000,2.000000,2.000000,1.996000,1.989000,1.981000,1.975000,
1.329000,1.329000,1.355000,1.418000,1.481000,1.542000,1.542000,1.542000,1.542000,1.542000,1.542000,1.542000,1.545000,1.558000,1.570000,1.583000,1.584000,1.584000,1.584000,1.584000,1.584000,1.584000,1.591000,1.657000,1.724000,1.791000,1.850000,1.906000,1.962000,2.000000,2.000000,2.000000,2.000000,2.000000,2.000000,2.000000,2.000000,2.000000,2.000000,2.000000,
1.329000,1.329000,1.355000,1.418000,1.481000,1.542000,1.542000,1.542000,1.542000,1.542000,1.542000,1.542000,1.550000,1.582000,1.614000,1.646000,1.650000,1.650000,1.650000,1.650000,1.650000,1.650000,1.657000,1.724000,1.792000,1.860000,1.905000,1.940000,1.976000,2.000000,2.000000,2.000000,2.000000,2.000000,2.000000,2.000000,2.000000,2.000000,2.000000,2.000000,
1.329000,1.329000,1.355000,1.418000,1.481000,1.542000,1.542000,1.542000,1.542000,1.542000,1.542000,1.542000,1.555000,1.607000,1.658000,1.710000,1.716000,1.716000,1.716000,1.716000,1.716000,1.716000,1.723000,1.791000,1.860000,1.929000,1.959000,1.975000,1.990000,2.000000,2.000000,2.000000,2.000000,2.000000,2.000000,2.000000,2.000000,2.000000,2.000000,2.000000,
1.345000,1.345000,1.370000,1.428000,1.486000,1.542000,1.547000,1.552000,1.557000,1.559000,1.559000,1.559000,1.575000,1.636000,1.696000,1.757000,1.770000,1.775000,1.780000,1.783000,1.783000,1.783000,1.789000,1.853000,1.917000,1.981000,2.000000,2.000000,2.000000,2.000000,2.000000,2.000000,2.000000,2.000000,2.000000,2.000000,1.920000,1.775000,1.630000,1.508000,
1.408000,1.408000,1.425000,1.464000,1.504000,1.543000,1.567000,1.592000,1.616000,1.625000,1.625000,1.625000,1.636000,1.677000,1.718000,1.760000,1.787000,1.813000,1.839000,1.852000,1.852000,1.852000,1.857000,1.900000,1.944000,1.987000,2.000000,2.000000,2.000000,2.000000,2.000000,2.000000,2.000000,2.000000,2.000000,2.000000,1.612000,0.000000,0.000000,0.000000,
1.471000,1.471000,1.480000,1.501000,1.522000,1.543000,1.587000,1.631000,1.675000,1.691000,1.691000,1.691000,1.696000,1.718000,1.740000,1.762000,1.805000,1.852000,1.898000,1.922000,1.922000,1.922000,1.924000,1.947000,1.970000,1.993000,2.000000,2.000000,2.000000,2.000000,2.000000,2.000000,2.000000,2.000000,2.000000,2.000000,1.303000,0.000000,0.000000,0.000000,
1.534000,1.534000,1.535000,1.537000,1.540000,1.544000,1.607000,1.671000,1.734000,1.757000,1.757000,1.757000,1.757000,1.760000,1.762000,1.765000,1.823000,1.890000,1.957000,1.991000,1.991000,1.991000,1.991000,1.994000,1.997000,1.999000,2.000000,2.000000,2.000000,2.000000,2.000000,2.000000,2.000000,2.000000,2.000000,2.000000,0.000000,0.000000,0.000000,0.000000,
1.573000,1.590000,1.599000,1.599000,1.599000,1.601000,1.650000,1.699000,1.748000,1.777000,1.794000,1.812000,1.825000,1.825000,1.825000,1.825000,1.870000,1.922000,1.973000,2.000000,2.000000,2.000000,2.000000,2.000000,2.000000,2.000000,2.000000,2.000000,2.000000,2.000000,2.000000,2.000000,2.000000,1.542000,1.052000,0.000000,0.000000,0.000000,0.000000,0.000000,
1.608000,1.644000,1.665000,1.665000,1.665000,1.666000,1.696000,1.725000,1.755000,1.790000,1.828000,1.866000,1.895000,1.895000,1.895000,1.895000,1.922000,1.953000,1.984000,2.000000,2.000000,2.000000,2.000000,2.000000,2.000000,2.000000,2.000000,2.000000,2.000000,2.000000,2.000000,2.000000,2.000000,1.016000,0.000000,0.000000,0.000000,0.000000,0.000000,0.000000,
1.643000,1.699000,1.731000,1.731000,1.731000,1.731000,1.741000,1.751000,1.761000,1.803000,1.862000,1.921000,1.964000,1.964000,1.964000,1.964000,1.973000,1.984000,1.995000,2.000000,2.000000,2.000000,2.000000,2.000000,2.000000,2.000000,2.000000,2.000000,2.000000,2.000000,2.000000,2.000000,2.000000,0.000000,0.000000,0.000000,0.000000,0.000000,0.000000,0.000000,
1.661000,1.727000,1.765000,1.765000,1.765000,1.765000,1.775000,1.785000,1.795000,1.837000,1.896000,1.956000,2.000000,2.000000,2.000000,2.000000,2.000000,2.000000,2.000000,2.000000,2.000000,2.000000,2.000000,2.000000,2.000000,2.000000,2.000000,2.000000,2.000000,2.000000,2.000000,2.000000,2.000000,0.000000,0.000000,0.000000,0.000000,0.000000,0.000000,0.000000,
1.661000,1.727000,1.765000,1.765000,1.765000,1.766000,1.796000,1.827000,1.857000,1.893000,1.932000,1.971000,2.000000,2.000000,2.000000,2.000000,2.000000,2.000000,2.000000,2.000000,2.000000,2.000000,2.000000,2.000000,2.000000,2.000000,2.000000,2.000000,2.000000,2.000000,2.000000,2.000000,2.000000,0.000000,0.000000,0.000000,0.000000,0.000000,0.000000,0.000000,
1.661000,1.727000,1.765000,1.765000,1.765000,1.767000,1.818000,1.868000,1.919000,1.949000,1.968000,1.986000,2.000000,2.000000,2.000000,2.000000,2.000000,2.000000,2.000000,2.000000,2.000000,2.000000,2.000000,2.000000,2.000000,2.000000,2.000000,2.000000,2.000000,2.000000,2.000000,2.000000,2.000000,0.000000,0.000000,0.000000,0.000000,0.000000,0.000000,0.000000,
1.661000,1.727000,1.766000,1.768000,1.770000,1.774000,1.841000,1.909000,1.976000,2.001000,2.003000,2.006000,2.007000,2.004000,2.002000,2.000000,2.000000,2.000000,2.000000,2.000000,2.000000,2.000000,2.000000,2.000000,2.000000,2.000000,2.000000,2.000000,2.000000,2.000000,2.000000,2.000000,2.000000,0.000000,0.000000,0.000000,0.000000,0.000000,0.000000,0.000000,
1.661000,1.727000,1.774000,1.797000,1.819000,1.843000,1.890000,1.936000,1.983000,2.015000,2.039000,2.063000,2.074000,2.050000,2.027000,2.003000,2.000000,2.000000,2.000000,2.000000,2.000000,2.000000,2.000000,2.000000,2.000000,2.000000,2.000000,2.000000,2.000000,2.000000,2.000000,2.000000,2.000000,0.000000,0.000000,0.000000,0.000000,0.000000,0.000000,0.000000,
1.661000,1.727000,1.783000,1.826000,1.869000,1.911000,1.938000,1.964000,1.991000,2.029000,2.074000,2.119000,2.141000,2.096000,2.051000,2.006000,2.000000,2.000000,2.000000,2.000000,2.000000,2.000000,2.000000,2.000000,2.000000,2.000000,2.000000,2.000000,2.000000,2.000000,2.000000,2.000000,2.000000,0.000000,0.000000,0.000000,0.000000,0.000000,0.000000,0.000000,
1.661000,1.727000,1.792000,1.855000,1.919000,1.980000,1.986000,1.992000,1.998000,2.043000,2.110000,2.176000,2.209000,2.142000,2.075000,2.009000,2.000000,2.000000,2.000000,2.000000,2.000000,2.000000,2.000000,2.000000,2.000000,2.000000,2.000000,2.000000,2.000000,2.000000,2.000000,2.000000,2.000000,0.000000,0.000000,0.000000,0.000000,0.000000,0.000000,0.000000,
1.661000,1.727000,1.794000,1.863000,1.933000,2.000000,2.000000,2.000000,2.000000,2.037000,2.095000,2.152000,2.180000,2.123000,2.065000,2.007000,2.000000,2.000000,2.000000,2.000000,2.000000,2.000000,2.000000,2.000000,2.000000,2.000000,2.000000,2.000000,2.000000,1.871000,1.474000,1.076000,0.000000,0.000000,0.000000,0.000000,0.000000,0.000000,0.000000,0.000000,
1.661000,1.727000,1.794000,1.863000,1.933000,2.000000,2.000000,2.000000,2.000000,2.023000,2.059000,2.096000,2.113000,2.077000,2.041000,2.005000,2.000000,2.000000,2.000000,2.000000,2.000000,2.000000,2.000000,2.000000,2.000000,2.000000,2.000000,2.000000,2.000000,1.690000,0.000000,0.000000,0.000000,0.000000,0.000000,0.000000,0.000000,0.000000,0.000000,0.000000,
1.661000,1.727000,1.794000,1.863000,1.933000,2.000000,2.000000,2.000000,2.000000,2.009000,2.024000,2.039000,2.046000,2.031000,2.016000,2.002000,2.000000,2.000000,2.000000,2.000000,2.000000,2.000000,2.000000,2.000000,2.000000,2.000000,2.000000,2.000000,2.000000,1.509000,0.000000,0.000000,0.000000,0.000000,0.000000,0.000000,0.000000,0.000000,0.000000,0.000000,
1.671000,1.730000,1.794000,1.863000,1.933000,2.000000,2.000000,2.000000,2.000000,2.000000,2.000000,2.000000,2.000000,2.000000,2.000000,2.000000,2.000000,2.000000,2.000000,2.000000,2.000000,2.000000,1.982000,1.801000,1.619000,1.437000,1.384000,1.384000,1.383000,0.000000,0.000000,0.000000,0.000000,0.000000,0.000000,0.000000,0.000000,0.000000,0.000000,0.000000,
1.702000,1.742000,1.794000,1.863000,1.933000,2.000000,2.000000,2.000000,2.000000,2.000000,2.000000,2.000000,2.000000,2.000000,2.000000,2.000000,2.000000,2.000000,2.000000,2.000000,2.000000,2.000000,1.928000,1.184000,0.000000,0.000000,0.000000,0.000000,0.000000,0.000000,0.000000,0.000000,0.000000,0.000000,0.000000,0.000000,0.000000,0.000000,0.000000,0.000000,
1.732000,1.753000,1.794000,1.863000,1.933000,2.000000,2.000000,2.000000,2.000000,2.000000,2.000000,2.000000,2.000000,2.000000,2.000000,2.000000,2.000000,2.000000,2.000000,2.000000,2.000000,2.000000,1.873000,0.000000,0.000000,0.000000,0.000000,0.000000,0.000000,0.000000,0.000000,0.000000,0.000000,0.000000,0.000000,0.000000,0.000000,0.000000,0.000000,0.000000,
1.763000,1.764000,1.794000,1.863000,1.933000,2.000000,2.000000,2.000000,2.000000,2.000000,2.000000,2.000000,2.000000,2.000000,2.000000,2.000000,2.000000,2.000000,2.000000,2.000000,2.000000,2.000000,1.818000,0.000000,0.000000,0.000000,0.000000,0.000000,0.000000,0.000000,0.000000,0.000000,0.000000,0.000000,0.000000,0.000000,0.000000,0.000000,0.000000,0.000000,
1.830000,1.830000,1.851000,1.901000,1.951000,2.000000,2.000000,2.000000,2.000000,2.000000,2.000000,2.000000,2.000000,2.000000,2.000000,2.000000,2.000000,2.000000,2.000000,1.748000,1.227000,0.000000,0.000000,0.000000,0.000000,0.000000,0.000000,0.000000,0.000000,0.000000,0.000000,0.000000,0.000000,0.000000,0.000000,0.000000,0.000000,0.000000,0.000000,0.000000,
1.899000,1.899000,1.912000,1.942000,1.971000,2.000000,2.000000,2.000000,2.000000,2.000000,2.000000,2.000000,2.000000,2.000000,2.000000,2.000000,2.000000,2.000000,2.000000,1.478000,0.000000,0.000000,0.000000,0.000000,0.000000,0.000000,0.000000,0.000000,0.000000,0.000000,0.000000,0.000000,0.000000,0.000000,0.000000,0.000000,0.000000,0.000000,0.000000,0.000000,
1.969000,1.969000,1.973000,1.982000,1.991000,2.000000,2.000000,2.000000,2.000000,2.000000,2.000000,2.000000,2.000000,2.000000,2.000000,2.000000,2.000000,2.000000,2.000000,1.209000,0.000000,0.000000,0.000000,0.000000,0.000000,0.000000,0.000000,0.000000,0.000000,0.000000,0.000000,0.000000,0.000000,0.000000,0.000000,0.000000,0.000000,0.000000,0.000000,0.000000,
2.000000,2.000000,2.000000,2.000000,2.000000,2.000000,2.000000,2.000000,2.000000,2.008000,2.019000,2.031000,2.040000,2.040000,2.040000,2.040000,2.040000,2.040000,2.040000,1.122000,0.000000,0.000000,0.000000,0.000000,0.000000,0.000000,0.000000,0.000000,0.000000,0.000000,0.000000,0.000000,0.000000,0.000000,0.000000,0.000000,0.000000,0.000000,0.000000,0.000000,
2.000000,2.000000,2.000000,2.000000,2.000000,2.000000,2.000000,2.000000,2.000000,2.022000,2.055000,2.088000,2.113000,2.113000,2.113000,2.113000,2.113000,2.113000,2.113000,1.184000,0.000000,0.000000,0.000000,0.000000,0.000000,0.000000,0.000000,0.000000,0.000000,0.000000,0.000000,0.000000,0.000000,0.000000,0.000000,0.000000,0.000000,0.000000,0.000000,0.000000,
2.000000,2.000000,2.000000,2.000000,2.000000,2.000000,2.000000,2.000000,2.000000,2.035000,2.090000,2.145000,2.186000,2.186000,2.186000,2.186000,2.186000,2.186000,2.186000,1.247000,0.000000,0.000000,0.000000,0.000000,0.000000,0.000000,0.000000,0.000000,0.000000,0.000000,0.000000,0.000000,0.000000,0.000000,0.000000,0.000000,0.000000,0.000000,0.000000,0.000000,
2.000000,2.000000,2.000000,2.000000,2.000000,2.000000,2.000000,2.000000,2.000000,2.047000,2.120000,2.193000,2.223000,2.129000,2.035000,1.942000,1.929000,1.929000,1.929000,1.026000,0.000000,0.000000,0.000000,0.000000,0.000000,0.000000,0.000000,0.000000,0.000000,0.000000,0.000000,0.000000,0.000000,0.000000,0.000000,0.000000,0.000000,0.000000,0.000000,0.000000,
2.000000,2.000000,2.000000,2.000000,2.000000,2.000000,2.000000,2.000000,2.000000,2.047000,2.120000,2.193000,2.073000,1.402000,0.000000,0.000000,0.000000,0.000000,0.000000,0.000000,0.000000,0.000000,0.000000,0.000000,0.000000,0.000000,0.000000,0.000000,0.000000,0.000000,0.000000,0.000000,0.000000,0.000000,0.000000,0.000000,0.000000,0.000000,0.000000,0.000000,
2.000000,2.000000,2.000000,2.000000,2.000000,2.000000,2.000000,2.000000,2.000000,2.047000,2.120000,2.193000,1.924000,0.000000,0.000000,0.000000,0.000000,0.000000,0.000000,0.000000,0.000000,0.000000,0.000000,0.000000,0.000000,0.000000,0.000000,0.000000,0.000000,0.000000,0.000000,0.000000,0.000000,0.000000,0.000000,0.000000,0.000000,0.000000,0.000000,0.000000,
