0.000000,0.000000,0.000000,0.000000,0.000000,0.000000,0.000000,0.000000,0.000000,0.000000,0.000000,0.000000,0.000000,0.000000,0.000000,0.000000,0.000000,0.000000,0.000000,0.000000,0.000000,0.000000,0.000000,0.000000,0.000000,0.000000,0.000000,0.000000,0.000000,0.000000,0.000000,0.000000,0.000000,0.000000,0.000000,0.000000,0.000000,0.000000,0.000000,0.000000,
0.000000,0.000000,0.000000,0.000000,0.000000,0.000000,0.000000,0.000000,0.000000,0.000000,0.000000,0.000000,0.000000,0.000000,0.000000,0.000000,0.000000,0.000000,0.000000,0.000000,0.000000,0.000000,0.000000,0.000000,0.000000,0.000000,0.000000,0.000000,0.000000,0.000000,0.000000,0.000000,0.000000,0.000000,0.000000,0.000000,0.000000,0.000000,0.000000,0.000000,
0.000000,0.000000,0.000000,0.000000,0.000000,0.000000,0.000000,0.000000,0.000000,0.000000,0.000000,0.000000,0.000000,0.000000,0.000000,0.000000,0.000000,0.000000,0.000000,0.000000,0.000000,0.000000,0.000000,0.000000,0.000000,0.000000,0.000000,0.000000,0.000000,0.000000,0.000000,0.000000,0.000000,0.000000,0.000000,0.000000,0.000000,0.000000,0.000000,0.000000,
0.000000,0.000000,0.000000,0.000000,0.000000,0.000000,0.000000,0.000000,0.000000,0.000000,0.000000,0.000000,0.000000,0.000000,0.000000,0.000000,0.000000,0.000000,0.000000,0.000000,0.000000,0.000000,0.000000,0.000000,0.000000,0.000000,0.000000,0.000000,0.000000,0.000000,0.000000,0.000000,0.000000,0.000000,0.000000,0.000000,0.000000,0.000000,0.000000,0.000000,
0.000000,0.000000,0.000000,0.000000,0.000000,0.000000,0.000000,0.000000,0.000000,0.000000,0.000000,0.000000,0.000000,0.000000,0.000000,0.000000,0.000000,0.000000,0.000000,0.000000,0.000000,0.000000,0.000000,0.000000,0.000000,0.000000,0.000000,0.000000,0.000000,0.000000,0.000000,0.000000,0.000000,0.000000,0.000000,0.000000,0.000000,0.000000,0.000000,0.000000,
0.000000,0.000000,0.000000,0.000000,0.000000,0.000000,1.718000,2.251000,2.195000,2.195000,2.195000,2.195000,2.195000,2.195000,1.910000,1.773000,1.773000,1.758000,1.756000,1.757000,1.773000,1.789000,1.800000,1.800000,1.807000,1.815000,1.806000,1.790000,1.786000,1.786000,1.800000,1.816000,1.832000,1.832000,0.000000,0.000000,0.000000,0.000000,0.000000,0.000000,
0.000000,0.000000,0.000000,0.000000,0.000000,0.000000,0.000000,1.964000,2.195000,2.196000,2.197000,2.197000,2.196000,2.183000,2.174000,2.174000,2.189000,1.854000,1.808000,1.808000,1.775000,1.786000,1.786000,1.786000,1.792000,1.799000,1.789000,1.782000,1.782000,1.782000,1.798000,1.813000,1.832000,1.832000,0.000000,0.000000,0.000000,0.000000,0.000000,0.000000,
0.000000,0.000000,0.000000,0.000000,0.000000,0.000000,0.000000,0.000000,2.195000,2.201000,2.216000,2.216000,2.205000,2.185000,2.175000,2.174000,2.174000,2.189000,2.191000,2.188000,1.868000,1.876000,1.874000,1.838000,1.786000,1.786000,1.767000,1.756000,1.756000,1.756000,1.784000,1.787000,1.832000,1.832000,0.000000,0.000000,0.000000,0.000000,0.000000,0.000000,
0.000000,0.000000,0.000000,0.000000,0.000000,0.000000,0.000000,0.000000,1.451000,1.654000,2.198000,2.228000,2.211000,2.192000,2.175000,2.168000,2.168000,2.168000,2.174000,2.189000,2.196000,2.232000,2.227000,2.096000,1.905000,1.905000,1.892000,1.884000,1.884000,1.889000,1.916000,1.916000,1.836000,1.832000,0.000000,0.000000,0.000000,0.000000,0.000000,0.000000,
0.000000,0.000000,0.000000,0.000000,0.000000,0.000000,0.000000,0.000000,0.000000,0.000000,2.132000,2.200000,2.179000,2.155000,2.144000,2.145000,2.147000,2.153000,2.167000,2.167000,2.173000,2.210000,2.216000,2.216000,2.216000,2.216000,2.216000,2.216000,2.222000,2.236000,2.258000,2.253000,1.994000,1.984000,0.000000,0.000000,0.000000,0.000000,0.000000,0.000000,
0.000000,0.000000,0.000000,0.000000,0.000000,0.000000,0.000000,0.000000,0.000000,1.035000,2.086000,2.086000,2.086000,2.097000,2.110000,2.121000,2.132000,2.144000,2.145000,2.145000,2.159000,2.191000,2.207000,2.210000,2.216000,2.216000,2.216000,2.216000,2.226000,2.228000,2.249000,2.250000,2.250000,2.250000,0.000000,0.000000,0.000000,0.000000,0.000000,0.000000,
0.000000,0.000000,0.000000,0.000000,0.000000,0.000000,0.000000,0.000000,1.080000,2.072000,2.065000,2.065000,2.065000,2.077000,2.097000,2.103000,2.119000,2.123000,2.123000,2.123000,2.139000,2.179000,2.195000,2.203000,2.216000,2.216000,2.216000,2.216000,2.216000,2.216000,2.226000,2.227000,2.227000,2.227000,0.000000,0.000000,0.000000,0.000000,0.000000,0.000000,
0.000000,0.000000,0.000000,0.000000,0.000000,0.000000,1.066000,2.052000,2.057000,2.070000,2.056000,2.056000,2.056000,2.067000,2.088000,2.094000,2.100000,2.102000,2.102000,2.102000,2.120000,2.167000,2.183000,2.191000,2.204000,2.204000,2.204000,2.195000,2.191000,2.202000,2.204000,2.204000,2.216000,2.216000,0.000000,0.000000,0.000000,0.000000,0.000000,0.000000,
0.000000,0.000000,0.000000,0.000000,0.000000,0.000000,2.043000,2.037000,2.039000,2.048000,2.039000,2.030000,2.030000,2.042000,2.071000,2.081000,2.092000,2.094000,2.094000,2.094000,2.104000,2.128000,2.133000,2.136000,2.146000,2.168000,2.181000,2.167000,2.161000,2.190000,2.195000,2.195000,2.202000,2.202000,0.000000,0.000000,0.000000,0.000000,0.000000,0.000000,
0.000000,0.000000,0.000000,0.000000,0.000000,0.000000,2.009000,2.009000,2.015000,2.029000,2.007000,2.004000,2.011000,2.021000,2.039000,2.057000,2.077000,2.080000,2.080000,2.080000,2.083000,2.099000,2.099000,2.099000,2.115000,2.139000,2.153000,2.155000,2.154000,2.176000,2.179000,2.195000,2.195000,2.195000,0.000000,0.000000,0.000000,0.000000,0.000000,0.000000,
0.000000,0.000000,0.000000,0.000000,0.000000,0.000000,1.986000,2.000000,2.004000,2.011000,1.985000,1.992000,2.009000,2.018000,2.020000,2.035000,2.043000,2.043000,2.059000,2.060000,2.078000,2.094000,2.094000,2.094000,2.104000,2.125000,2.135000,2.137000,2.137000,2.139000,2.140000,2.178000,2.178000,2.178000,0.000000,0.000000,0.000000,0.000000,0.000000,0.000000,
0.000000,0.000000,0.000000,0.000000,0.000000,0.000000,1.950000,1.954000,1.968000,1.973000,1.976000,1.967000,1.985000,2.002000,2.013000,2.019000,2.020000,2.020000,2.039000,2.039000,2.046000,2.077000,2.082000,2.094000,2.103000,2.114000,2.115000,2.115000,2.115000,2.115000,2.115000,2.137000,2.137000,2.137000,0.000000,0.000000,0.000000,0.000000,0.000000,0.000000,
0.000000,0.000000,0.000000,0.000000,0.000000,0.000000,1.947000,1.947000,1.951000,1.965000,1.965000,1.965000,1.965000,1.965000,1.989000,2.000000,2.015000,2.018000,2.018000,2.019000,2.040000,2.056000,2.062000,2.075000,2.084000,2.094000,2.094000,2.107000,2.113000,2.113000,2.113000,2.133000,2.131000,2.113000,0.000000,0.000000,0.000000,0.000000,0.000000,0.000000,
0.000000,0.000000,0.000000,0.000000,0.000000,0.000000,1.946000,1.946000,1.949000,1.963000,1.964000,1.965000,1.965000,1.965000,1.976000,1.982000,1.982000,1.997000,1.999000,2.001000,2.020000,2.036000,2.036000,2.036000,2.045000,2.055000,2.056000,2.056000,2.070000,2.090000,2.109000,2.112000,2.112000,2.112000,0.000000,0.000000,0.000000,0.000000,0.000000,0.000000,
0.000000,0.000000,0.000000,0.000000,0.000000,0.000000,1.923000,1.925000,1.925000,1.931000,1.949000,1.959000,1.955000,1.956000,1.959000,1.975000,1.979000,1.979000,1.982000,2.000000,2.002000,2.015000,2.016000,2.024000,2.035000,2.046000,2.053000,2.055000,2.056000,2.070000,2.072000,2.091000,2.094000,2.091000,0.000000,0.000000,0.000000,0.000000,0.000000,0.000000,
0.000000,0.000000,0.000000,0.000000,0.000000,0.000000,1.880000,1.892000,1.895000,1.906000,1.918000,1.918000,1.896000,1.904000,1.923000,1.953000,1.964000,1.965000,1.978000,1.992000,1.996000,1.996000,2.000000,2.010000,2.019000,2.031000,2.035000,2.047000,2.052000,2.052000,2.052000,2.071000,2.088000,2.071000,0.000000,0.000000,0.000000,0.000000,0.000000,0.000000,
0.000000,0.000000,0.000000,0.000000,0.000000,0.000000,1.880000,1.880000,1.880000,1.884000,1.894000,1.891000,1.894000,1.896000,1.912000,1.932000,1.956000,1.959000,1.959000,1.966000,1.977000,1.978000,1.982000,1.982000,1.988000,2.007000,2.026000,2.031000,2.031000,2.031000,2.037000,2.050000,2.063000,2.056000,0.000000,0.000000,0.000000,0.000000,0.000000,0.000000,
0.000000,0.000000,0.000000,0.000000,0.000000,0.000000,1.880000,1.880000,1.880000,1.883000,1.886000,1.880000,1.888000,1.896000,1.896000,1.904000,1.935000,1.946000,1.947000,1.958000,1.958000,1.960000,1.968000,1.971000,1.975000,1.995000,2.011000,2.011000,2.011000,2.011000,2.029000,2.030000,2.038000,2.049000,0.000000,0.000000,0.000000,0.000000,0.000000,0.000000,
0.000000,0.000000,0.000000,0.000000,0.000000,0.000000,1.858000,1.858000,1.861000,1.873000,1.873000,1.876000,1.884000,1.889000,1.889000,1.889000,1.910000,1.930000,1.931000,1.932000,1.939000,1.939000,1.942000,1.954000,1.965000,1.975000,1.984000,1.984000,1.984000,1.984000,2.000000,2.002000,2.020000,2.020000,0.000000,0.000000,0.000000,0.000000,0.000000,0.000000,
0.000000,0.000000,0.000000,0.000000,0.000000,0.000000,1.823000,1.824000,1.837000,1.855000,1.855000,1.855000,1.854000,1.859000,1.863000,1.863000,1.890000,1.903000,1.904000,1.905000,1.921000,1.923000,1.932000,1.944000,1.955000,1.955000,1.955000,1.962000,1.965000,1.965000,1.972000,1.982000,1.990000,1.990000,0.000000,0.000000,0.000000,0.000000,0.000000,0.000000,
0.000000,0.000000,0.000000,0.000000,0.000000,0.000000,1.816000,1.807000,1.818000,1.838000,1.838000,1.835000,1.832000,1.836000,1.845000,1.848000,1.880000,1.886000,1.896000,1.897000,1.913000,1.914000,1.919000,1.922000,1.926000,1.932000,1.936000,1.949000,1.954000,1.963000,1.954000,1.960000,1.971000,1.971000,0.000000,0.000000,0.000000,0.000000,0.000000,0.000000,
0.000000,0.000000,0.000000,0.000000,0.000000,0.000000,1.815000,1.801000,1.805000,1.821000,1.821000,1.821000,1.821000,1.827000,1.835000,1.854000,1.877000,1.880000,1.885000,1.886000,1.903000,1.913000,1.913000,1.913000,1.913000,1.916000,1.918000,1.922000,1.932000,1.940000,1.935000,1.935000,1.911000,1.544000,0.000000,0.000000,0.000000,0.000000,0.000000,0.000000,
0.000000,0.000000,0.000000,0.000000,0.000000,0.000000,1.804000,1.800000,1.790000,1.796000,1.804000,1.804000,1.804000,1.813000,1.828000,1.856000,1.867000,1.867000,1.867000,1.880000,1.886000,1.900000,1.900000,1.900000,1.900000,1.900000,1.908000,1.913000,1.916000,1.917000,1.917000,1.903000,1.852000,1.360000,0.000000,0.000000,0.000000,0.000000,0.000000,0.000000,
0.000000,0.000000,0.000000,0.000000,0.000000,0.000000,1.788000,1.786000,1.773000,1.774000,1.780000,1.794000,1.801000,1.802000,1.813000,1.832000,1.825000,1.823000,1.836000,1.841000,1.869000,1.882000,1.882000,1.882000,1.889000,1.896000,1.897000,1.898000,1.898000,1.898000,1.898000,1.896000,1.840000,1.341000,0.000000,0.000000,0.000000,0.000000,0.000000,0.000000,
0.000000,0.000000,0.000000,0.000000,0.000000,0.000000,1.772000,1.772000,1.771000,1.771000,1.771000,1.772000,1.773000,1.790000,1.802000,1.825000,1.819000,1.816000,1.832000,1.833000,1.851000,1.865000,1.865000,1.865000,1.872000,1.881000,1.881000,1.881000,1.893000,1.896000,1.896000,1.881000,1.826000,1.338000,0.000000,0.000000,0.000000,0.000000,0.000000,0.000000,
0.000000,0.000000,0.000000,0.000000,0.000000,0.000000,1.756000,1.758000,1.771000,1.771000,1.771000,1.771000,1.771000,1.771000,1.781000,1.808000,1.815000,1.815000,1.815000,1.832000,1.848000,1.848000,1.848000,1.848000,1.855000,1.864000,1.864000,1.864000,1.864000,1.877000,1.895000,1.867000,1.272000,1.272000,0.000000,0.000000,0.000000,0.000000,0.000000,0.000000,
0.000000,0.000000,0.000000,0.000000,0.000000,0.000000,1.706000,1.708000,1.730000,1.763000,1.733000,1.745000,1.770000,1.743000,1.724000,1.724000,1.763000,1.783000,1.786000,1.789000,1.830000,1.829000,1.829000,1.836000,1.847000,1.848000,1.848000,1.848000,1.848000,1.860000,1.876000,1.865000,1.324000,1.275000,0.000000,0.000000,0.000000,0.000000,0.000000,0.000000,
0.000000,0.000000,0.000000,0.000000,0.000000,0.000000,1.257000,1.255000,1.342000,1.585000,1.306000,1.472000,1.680000,1.456000,1.307000,1.309000,1.626000,1.690000,1.785000,1.788000,1.811000,1.798000,1.796000,1.809000,1.837000,1.845000,1.845000,1.847000,1.848000,1.848000,1.848000,1.848000,1.803000,1.399000,0.000000,0.000000,0.000000,0.000000,0.000000,0.000000,
0.000000,0.000000,0.000000,0.000000,0.000000,0.000000,1.228000,1.220000,1.229000,1.271000,1.291000,1.295000,1.300000,1.300000,1.300000,1.307000,1.317000,1.319000,1.782000,1.787000,1.799000,1.783000,1.771000,1.788000,1.823000,1.832000,1.832000,1.843000,1.848000,1.848000,1.848000,1.848000,1.848000,1.848000,0.000000,0.000000,0.000000,0.000000,0.000000,0.000000,
0.000000,0.000000,0.000000,0.000000,0.000000,0.000000,0.000000,0.000000,0.000000,0.000000,0.000000,0.000000,0.000000,0.000000,0.000000,0.000000,0.000000,0.000000,0.000000,0.000000,0.000000,0.000000,0.000000,0.000000,0.000000,0.000000,0.000000,0.000000,0.000000,0.000000,0.000000,0.000000,0.000000,0.000000,0.000000,0.000000,0.000000,0.000000,0.000000,0.000000,
0.000000,0.000000,0.000000,0.000000,0.000000,0.000000,0.000000,0.000000,0.000000,0.000000,0.000000,0.000000,0.000000,0.000000,0.000000,0.000000,0.000000,0.000000,0.000000,0.000000,0.000000,0.000000,0.000000,0.000000,0.000000,0.000000,0.000000,0.000000,0.000000,0.000000,0.000000,0.000000,0.000000,0.000000,0.000000,0.000000,0.000000,0.000000,0.000000,0.000000,
0.000000,0.000000,0.000000,0.000000,0.000000,0.000000,0.000000,0.000000,0.000000,0.000000,0.000000,0.000000,0.000000,0.000000,0.000000,0.000000,0.000000,0.000000,0.000000,0.000000,0.000000,0.000000,0.000000,0.000000,0.000000,0.000000,0.000000,0.000000,0.000000,0.000000,0.000000,0.000000,0.000000,0.000000,0.000000,0.000000,0.000000,0.000000,0.000000,0.000000,
0.000000,0.000000,0.000000,0.000000,0.000000,0.000000,0.000000,0.000000,0.000000,0.000000,0.000000,0.000000,0.000000,0.000000,0.000000,0.000000,0.000000,0.000000,0.000000,0.000000,0.000000,0.000000,0.000000,0.000000,0.000000,0.000000,0.000000,0.000000,0.000000,0.000000,0.000000,0.000000,0.000000,0.000000,0.000000,0.000000,0.000000,0.000000,0.000000,0.000000,
0.000000,0.000000,0.000000,0.000000,0.000000,0.000000,0.000000,0.000000,0.000000,0.000000,0.000000,0.000000,0.000000,0.000000,0.000000,0.000000,0.000000,0.000000,0.000000,0.000000,0.000000,0.000000,0.000000,0.000000,0.000000,0.000000,0.000000,0.000000,0.000000,0.000000,0.000000,0.000000,0.000000,0.000000,0.000000,0.000000,0.000000,0.000000,0.000000,0.000000,
0.000000,0.000000,0.000000,0.000000,0.000000,0.000000,0.000000,0.000000,0.000000,0.000000,0.000000,0.000000,0.000000,0.000000,0.000000,0.000000,0.000000,0.000000,0.000000,0.000000,0.000000,0.000000,0.000000,0.000000,0.000000,0.000000,0.000000,0.000000,0.000000,0.000000,0.000000,0.000000,0.000000,0.000000,0.000000,0.000000,0.000000,0.000000,0.000000,0.000000,
