0.000000,0.000000,0.000000,0.000000,0.000000,0.000000,0.000000,0.000000,0.000000,0.000000,0.000000,0.000000,0.000000,0.000000,0.000000,0.000000,0.000000,0.000000,0.000000,0.000000,0.000000,0.000000,0.000000,0.000000,0.000000,0.000000,0.000000,0.000000,0.000000,0.000000,0.000000,0.000000,0.000000,0.000000,0.000000,0.000000,0.000000,0.000000,0.000000,0.000000,
0.000000,0.000000,0.000000,0.000000,0.000000,0.000000,0.000000,0.000000,0.000000,0.000000,0.000000,0.000000,0.000000,0.000000,0.000000,0.000000,0.000000,0.000000,0.000000,0.000000,0.000000,0.000000,0.000000,0.000000,0.000000,0.000000,0.000000,0.000000,0.000000,0.000000,0.000000,0.000000,0.000000,0.000000,0.000000,0.000000,0.000000,0.000000,0.000000,0.000000,
0.000000,0.000000,0.000000,0.000000,0.000000,0.000000,0.000000,0.000000,0.000000,0.000000,0.000000,0.000000,0.000000,0.000000,0.000000,0.000000,0.000000,0.000000,0.000000,0.000000,0.000000,0.000000,0.000000,0.000000,0.000000,0.000000,0.000000,0.000000,0.000000,0.000000,0.000000,0.000000,0.000000,0.000000,0.000000,0.000000,0.000000,0.000000,0.000000,0.000000,
0.000000,0.000000,0.000000,0.000000,0.000000,0.000000,0.000000,0.000000,0.000000,0.000000,0.000000,0.000000,0.000000,0.000000,0.000000,0.000000,0.000000,0.000000,0.000000,0.000000,0.000000,0.000000,0.000000,0.000000,0.000000,0.000000,0.000000,0.000000,0.000000,0.000000,0.000000,0.000000,0.000000,0.000000,0.000000,0.000000,0.000000,0.000000,0.000000,0.000000,
0.000000,0.000000,0.000000,0.000000,0.000000,0.000000,0.000000,0.000000,0.000000,0.000000,0.000000,0.000000,0.000000,0.000000,0.000000,0.000000,0.000000,0.000000,0.000000,0.000000,0.000000,0.000000,0.000000,0.000000,0.000000,0.000000,0.000000,0.000000,0.000000,0.000000,0.000000,0.000000,0.000000,0.000000,0.000000,0.000000,0.000000,0.000000,0.000000,0.000000,
0.000000,0.000000,0.000000,0.000000,0.000000,0.000000,0.000000,0.000000,0.000000,0.000000,0.000000,0.000000,0.000000,0.000000,0.000000,0.000000,0.000000,0.000000,0.000000,0.000000,0.000000,0.000000,0.000000,0.000000,0.000000,0.000000,0.000000,0.000000,0.000000,0.000000,0.000000,0.000000,0.000000,0.000000,0.000000,0.000000,0.000000,0.000000,0.000000,0.000000,
0.000000,0.000000,0.000000,0.000000,0.000000,2.068000,2.068000,2.068000,2.068000,2.066000,2.028000,2.000000,2.000000,2.000000,2.000000,2.000000,2.000000,2.000000,2.012000,2.089000,2.137000,2.137000,2.137000,2.137000,2.137000,2.137000,2.137000,2.137000,2.137000,2.119000,2.080000,2.042000,2.003000,2.000000,2.000000,0.000000,0.000000,0.000000,0.000000,0.000000,
0.000000,0.000000,0.000000,0.000000,0.000000,2.068000,1.731000,1.178000,1.084000,1.083000,1.057000,1.039000,1.039000,1.040000,1.042000,1.425000,1.962000,2.000000,2.012000,2.089000,2.137000,2.137000,2.137000,2.137000,2.137000,2.137000,2.137000,2.137000,2.137000,2.125000,2.100000,2.065000,2.027000,2.011000,2.000000,0.000000,0.000000,0.000000,0.000000,0.000000,
0.000000,0.000000,0.000000,0.000000,0.000000,2.068000,1.178000,0.000000,0.000000,0.000000,0.000000,0.000000,0.000000,0.000000,0.000000,0.000000,1.901000,2.000000,2.012000,2.089000,2.137000,2.137000,2.137000,2.137000,2.137000,2.137000,2.137000,2.137000,2.137000,2.135000,2.132000,2.104000,2.065000,2.030000,2.000000,0.000000,0.000000,0.000000,0.000000,0.000000,
0.000000,0.000000,0.000000,0.000000,0.000000,2.068000,1.082000,0.000000,0.000000,0.000000,0.000000,0.000000,0.000000,0.000000,0.000000,0.000000,0.000000,1.409000,2.070000,2.111000,2.137000,2.137000,2.137000,2.137000,2.137000,2.137000,2.137000,2.137000,2.137000,2.137000,2.137000,2.110000,2.071000,2.049000,2.032000,0.000000,0.000000,0.000000,0.000000,0.000000,
0.000000,0.000000,0.000000,0.000000,0.000000,1.987000,1.027000,0.000000,0.000000,0.000000,0.000000,0.000000,0.000000,0.000000,0.000000,0.000000,0.000000,0.000000,2.137000,2.137000,2.137000,2.137000,2.137000,2.137000,2.137000,2.137000,2.137000,2.137000,2.137000,2.137000,2.137000,2.110000,2.071000,2.068000,2.068000,0.000000,0.000000,0.000000,0.000000,0.000000,
0.000000,0.000000,0.000000,0.000000,0.000000,0.000000,0.000000,0.000000,0.000000,0.000000,0.000000,0.000000,0.000000,0.000000,0.000000,0.000000,0.000000,1.561000,2.137000,2.137000,2.137000,2.137000,2.137000,2.137000,2.137000,2.137000,2.137000,2.137000,2.137000,2.137000,2.137000,2.110000,2.071000,2.068000,2.068000,0.000000,0.000000,0.000000,0.000000,0.000000,
0.000000,0.000000,0.000000,0.000000,0.000000,0.000000,0.000000,0.000000,0.000000,0.000000,0.000000,0.000000,0.000000,0.000000,0.000000,0.000000,2.028000,2.127000,2.127000,2.127000,2.127000,2.127000,2.130000,2.136000,2.137000,2.137000,2.137000,2.137000,2.137000,2.134000,2.128000,2.100000,2.061000,2.058000,2.058000,0.000000,0.000000,0.000000,0.000000,0.000000,
0.000000,0.000000,0.000000,0.000000,0.000000,0.000000,0.000000,0.000000,0.000000,0.000000,0.000000,1.147000,1.149000,1.176000,1.229000,1.581000,2.055000,2.088000,2.088000,2.088000,2.088000,2.088000,2.104000,2.132000,2.137000,2.137000,2.137000,2.137000,2.137000,2.124000,2.096000,2.061000,2.023000,2.019000,2.019000,0.000000,0.000000,0.000000,0.000000,0.000000,
0.000000,0.000000,0.000000,0.000000,0.000000,0.000000,0.000000,0.000000,0.000000,0.000000,0.000000,1.934000,1.934000,1.971000,2.046000,2.068000,2.068000,2.068000,2.068000,2.068000,2.068000,2.068000,2.085000,2.113000,2.118000,2.118000,2.118000,2.115000,2.105000,2.086000,2.058000,2.023000,1.985000,1.982000,1.982000,0.000000,0.000000,0.000000,0.000000,0.000000,
0.000000,0.000000,0.000000,0.000000,0.000000,0.000000,0.000000,0.000000,0.000000,0.000000,0.000000,1.934000,1.934000,1.971000,2.046000,2.068000,2.068000,2.068000,2.068000,2.068000,2.068000,2.068000,2.072000,2.078000,2.079000,2.079000,2.079000,2.071000,2.039000,2.019000,2.013000,1.985000,1.948000,1.945000,1.945000,0.000000,0.000000,0.000000,0.000000,0.000000,
0.000000,0.000000,0.000000,0.000000,0.000000,0.000000,0.000000,0.000000,0.000000,0.000000,1.251000,1.942000,1.972000,2.010000,2.055000,2.057000,2.042000,2.041000,2.041000,2.041000,2.047000,2.062000,2.068000,2.068000,2.068000,2.068000,2.068000,2.058000,2.020000,1.993000,1.978000,1.958000,1.936000,1.921000,1.909000,0.000000,0.000000,0.000000,0.000000,0.000000,
0.000000,0.000000,0.000000,0.000000,0.000000,0.000000,0.000000,0.000000,0.000000,1.828000,1.889000,1.954000,2.026000,2.064000,2.067000,2.042000,2.005000,2.003000,2.003000,2.003000,2.016000,2.053000,2.068000,2.068000,2.068000,2.068000,2.068000,2.058000,2.020000,1.983000,1.948000,1.936000,1.934000,1.903000,1.873000,0.000000,0.000000,0.000000,0.000000,0.000000,
0.000000,0.000000,0.000000,0.000000,0.000000,0.000000,0.000000,0.000000,1.246000,1.934000,1.934000,1.949000,2.004000,2.032000,2.032000,2.020000,2.001000,2.000000,2.000000,2.000000,2.014000,2.052000,2.068000,2.068000,2.068000,2.068000,2.068000,2.058000,2.020000,1.983000,1.946000,1.921000,1.903000,1.350000,0.000000,0.000000,0.000000,0.000000,0.000000,0.000000,
0.000000,0.000000,0.000000,0.000000,0.000000,2.000000,2.000000,2.000000,1.972000,1.940000,1.940000,1.949000,1.983000,2.000000,2.000000,2.000000,2.000000,2.000000,2.000000,2.004000,2.019000,2.054000,2.070000,2.073000,2.074000,2.074000,2.074000,2.063000,2.022000,1.936000,1.800000,1.736000,1.703000,0.000000,0.000000,0.000000,0.000000,0.000000,0.000000,0.000000,
0.000000,0.000000,0.000000,0.000000,0.000000,2.000000,2.000000,2.000000,1.989000,1.977000,1.977000,1.980000,1.993000,2.000000,2.000000,2.000000,2.000000,2.000000,2.004000,2.028000,2.049000,2.062000,2.083000,2.108000,2.113000,2.113000,2.113000,2.097000,2.034000,1.626000,0.000000,0.000000,0.000000,0.000000,0.000000,0.000000,0.000000,0.000000,0.000000,0.000000,
0.000000,0.000000,0.000000,0.000000,0.000000,2.000000,2.000000,2.000000,2.000000,2.000000,2.000000,2.000000,2.000000,2.000000,2.000000,2.000000,2.000000,2.000000,2.005000,2.035000,2.054000,2.054000,2.077000,2.115000,1.912000,1.660000,1.658000,1.641000,1.577000,1.093000,0.000000,0.000000,0.000000,0.000000,0.000000,0.000000,0.000000,0.000000,0.000000,0.000000,
0.000000,0.000000,0.000000,0.000000,0.000000,2.000000,2.000000,2.000000,2.000000,2.000000,2.000000,2.000000,2.000000,2.000000,2.000000,2.000000,2.000000,2.000000,2.001000,2.010000,2.016000,2.016000,2.038000,2.077000,1.305000,0.000000,0.000000,0.000000,0.000000,0.000000,0.000000,0.000000,0.000000,0.000000,0.000000,0.000000,0.000000,0.000000,0.000000,0.000000,
0.000000,0.000000,0.000000,0.000000,0.000000,2.000000,2.000000,2.000000,2.000000,2.000000,2.000000,2.000000,2.000000,2.000000,2.000000,1.991000,1.979000,1.978000,1.980000,1.992000,1.854000,1.461000,1.310000,1.328000,0.000000,0.000000,0.000000,0.000000,0.000000,0.000000,0.000000,0.000000,0.000000,0.000000,0.000000,0.000000,0.000000,0.000000,0.000000,0.000000,
0.000000,0.000000,0.000000,0.000000,0.000000,2.000000,2.000000,2.000000,2.000000,2.000000,2.000000,2.000000,2.000000,2.000000,2.000000,1.976000,1.943000,1.941000,1.946000,1.979000,1.607000,0.000000,0.000000,0.000000,0.000000,0.000000,0.000000,0.000000,0.000000,0.000000,0.000000,0.000000,0.000000,0.000000,0.000000,0.000000,0.000000,0.000000,0.000000,0.000000,
0.000000,0.000000,0.000000,0.000000,0.000000,2.000000,1.990000,1.973000,1.970000,1.970000,1.970000,1.970000,1.970000,1.970000,1.970000,1.956000,1.935000,1.934000,1.937000,1.957000,1.535000,0.000000,0.000000,0.000000,0.000000,0.000000,0.000000,0.000000,0.000000,0.000000,0.000000,0.000000,0.000000,0.000000,0.000000,0.000000,0.000000,0.000000,0.000000,0.000000,
0.000000,0.000000,0.000000,0.000000,0.000000,2.000000,1.977000,1.940000,1.934000,1.934000,1.934000,1.934000,1.934000,1.934000,1.934000,1.934000,1.934000,1.934000,1.934000,1.934000,1.504000,0.000000,0.000000,0.000000,0.000000,0.000000,0.000000,0.000000,0.000000,0.000000,0.000000,0.000000,0.000000,0.000000,0.000000,0.000000,0.000000,0.000000,0.000000,0.000000,
0.000000,0.000000,0.000000,0.000000,0.000000,2.000000,1.977000,1.940000,1.934000,1.934000,1.934000,1.934000,1.934000,1.934000,1.934000,1.934000,1.934000,1.934000,1.934000,1.934000,1.504000,0.000000,0.000000,0.000000,0.000000,0.000000,0.000000,0.000000,0.000000,0.000000,0.000000,0.000000,0.000000,0.000000,0.000000,0.000000,0.000000,0.000000,0.000000,0.000000,
0.000000,0.000000,0.000000,0.000000,0.000000,2.000000,1.981000,1.949000,1.935000,1.925000,1.925000,1.926000,1.931000,1.934000,1.934000,1.934000,1.934000,1.939000,1.918000,1.752000,1.276000,0.000000,0.000000,0.000000,0.000000,0.000000,0.000000,0.000000,0.000000,0.000000,0.000000,0.000000,0.000000,0.000000,0.000000,0.000000,0.000000,0.000000,0.000000,0.000000,
0.000000,0.000000,0.000000,0.000000,0.000000,2.000000,1.993000,1.982000,1.938000,1.890000,1.890000,1.896000,1.921000,1.934000,1.934000,1.934000,1.934000,1.958000,1.855000,1.021000,0.000000,0.000000,0.000000,0.000000,0.000000,0.000000,0.000000,0.000000,0.000000,0.000000,0.000000,0.000000,0.000000,0.000000,0.000000,0.000000,0.000000,0.000000,0.000000,0.000000,
0.000000,0.000000,0.000000,0.000000,0.000000,1.352000,1.580000,1.954000,1.949000,1.871000,1.871000,1.881000,1.916000,1.934000,1.934000,1.934000,1.934000,1.959000,1.805000,0.000000,0.000000,0.000000,0.000000,0.000000,0.000000,0.000000,0.000000,0.000000,0.000000,0.000000,0.000000,0.000000,0.000000,0.000000,0.000000,0.000000,0.000000,0.000000,0.000000,0.000000,
0.000000,0.000000,0.000000,0.000000,0.000000,0.000000,0.000000,1.857000,1.970000,1.871000,1.871000,1.881000,1.916000,1.934000,1.934000,1.934000,1.934000,1.940000,1.769000,0.000000,0.000000,0.000000,0.000000,0.000000,0.000000,0.000000,0.000000,0.000000,0.000000,0.000000,0.000000,0.000000,0.000000,0.000000,0.000000,0.000000,0.000000,0.000000,0.000000,0.000000,
0.000000,0.000000,0.000000,0.000000,0.000000,0.000000,0.000000,1.827000,1.976000,1.871000,1.871000,1.881000,1.916000,1.934000,1.934000,1.934000,1.934000,1.934000,1.758000,0.000000,0.000000,0.000000,0.000000,0.000000,0.000000,0.000000,0.000000,0.000000,0.000000,0.000000,0.000000,0.000000,0.000000,0.000000,0.000000,0.000000,0.000000,0.000000,0.000000,0.000000,
0.000000,0.000000,0.000000,0.000000,0.000000,0.000000,0.000000,0.000000,0.000000,0.000000,0.000000,0.000000,0.000000,0.000000,0.000000,0.000000,0.000000,0.000000,0.000000,0.000000,0.000000,0.000000,0.000000,0.000000,0.000000,0.000000,0.000000,0.000000,0.000000,0.000000,0.000000,0.000000,0.000000,0.000000,0.000000,0.000000,0.000000,0.000000,0.000000,0.000000,
0.000000,0.000000,0.000000,0.000000,0.000000,0.000000,0.000000,0.000000,0.000000,0.000000,0.000000,0.000000,0.000000,0.000000,0.000000,0.000000,0.000000,0.000000,0.000000,0.000000,0.000000,0.000000,0.000000,0.000000,0.000000,0.000000,0.000000,0.000000,0.000000,0.000000,0.000000,0.000000,0.000000,0.000000,0.000000,0.000000,0.000000,0.000000,0.000000,0.000000,
0.000000,0.000000,0.000000,0.000000,0.000000,0.000000,0.000000,0.000000,0.000000,0.000000,0.000000,0.000000,0.000000,0.000000,0.000000,0.000000,0.000000,0.000000,0.000000,0.000000,0.000000,0.000000,0.000000,0.000000,0.000000,0.000000,0.000000,0.000000,0.000000,0.000000,0.000000,0.000000,0.000000,0.000000,0.000000,0.000000,0.000000,0.000000,0.000000,0.000000,
0.000000,0.000000,0.000000,0.000000,0.000000,0.000000,0.000000,0.000000,0.000000,0.000000,0.000000,0.000000,0.000000,0.000000,0.000000,0.000000,0.000000,0.000000,0.000000,0.000000,0.000000,0.000000,0.000000,0.000000,0.000000,0.000000,0.000000,0.000000,0.000000,0.000000,0.000000,0.000000,0.000000,0.000000,0.000000,0.000000,0.000000,0.000000,0.000000,0.000000,
0.000000,0.000000,0.000000,0.000000,0.000000,0.000000,0.000000,0.000000,0.000000,0.000000,0.000000,0.000000,0.000000,0.000000,0.000000,0.000000,0.000000,0.000000,0.000000,0.000000,0.000000,0.000000,0.000000,0.000000,0.000000,0.000000,0.000000,0.000000,0.000000,0.000000,0.000000,0.000000,0.000000,0.000000,0.000000,0.000000,0.000000,0.000000,0.000000,0.000000,
0.000000,0.000000,0.000000,0.000000,0.000000,0.000000,0.000000,0.000000,0.000000,0.000000,0.000000,0.000000,0.000000,0.000000,0.000000,0.000000,0.000000,0.000000,0.000000,0.000000,0.000000,0.000000,0.000000,0.000000,0.000000,0.000000,0.000000,0.000000,0.000000,0.000000,0.000000,0.000000,0.000000,0.000000,0.000000,0.000000,0.000000,0.000000,0.000000,0.000000,
0.000000,0.000000,0.000000,0.000000,0.000000,0.000000,0.000000,0.000000,0.000000,0.000000,0.000000,0.000000,0.000000,0.000000,0.000000,0.000000,0.000000,0.000000,0.000000,0.000000,0.000000,0.000000,0.000000,0.000000,0.000000,0.000000,0.000000,0.000000,0.000000,0.000000,0.000000,0.000000,0.000000,0.000000,0.000000,0.000000,0.000000,0.000000,0.000000,0.000000,
