40 40
0.000000 0.000000 0.000000 0.000000 0.000000 0.000000 0.000000 0.000000 0.000000 0.000000 0.000000 0.000000 0.000000 0.000000 0.000000 0.000000 0.000000 0.000000 0.000000 0.000000 0.000000 0.000000 0.000000 0.000000 0.000000 0.000000 0.000000 0.000000 0.000000 0.000000 0.000000 0.000000 0.000000 0.000000 0.000000 0.000000 0.000000 0.000000 0.000000 0.000000 
0.000000 0.000000 0.000000 0.000000 0.000000 0.000000 0.000000 0.000000 0.000000 0.000000 0.000000 0.000000 0.000000 0.000000 0.000000 0.000000 0.000000 0.000000 0.000000 0.000000 0.000000 0.000000 0.000000 0.000000 0.000000 0.000000 0.000000 0.000000 0.000000 0.000000 0.000000 0.000000 0.000000 0.000000 0.000000 0.000000 0.000000 0.000000 0.000000 0.000000 
0.000000 0.000000 0.000000 0.000000 0.000000 0.000000 0.000000 0.000000 0.000000 0.000000 0.000000 0.000000 0.000000 0.000000 0.000000 0.000000 0.000000 0.000000 0.000000 0.000000 0.000000 0.000000 0.000000 0.000000 0.000000 0.000000 0.000000 0.000000 0.000000 0.000000 0.000000 0.000000 0.000000 0.000000 0.000000 0.000000 0.000000 0.000000 0.000000 0.000000 
0.000000 0.000000 0.000000 0.000000 0.000000 0.000000 0.000000 0.000000 0.000000 0.000000 0.000000 0.000000 0.000000 0.000000 0.000000 0.000000 0.000000 0.000000 0.000000 0.000000 0.000000 0.000000 0.000000 0.000000 0.000000 0.000000 0.000000 0.000000 0.000000 0.000000 0.000000 0.000000 0.000000 0.000000 0.000000 0.000000 0.000000 0.000000 0.000000 0.000000 
0.000000 0.000000 0.000000 0.000000 0.000000 0.000000 0.000000 0.000000 0.000000 0.000000 0.000000 0.000000 0.000000 0.000000 0.000000 0.000000 0.000000 0.000000 0.000000 0.000000 0.000000 0.000000 0.000000 0.000000 0.000000 0.000000 0.000000 0.000000 0.000000 0.000000 0.000000 0.000000 0.000000 0.000000 0.000000 0.000000 0.000000 0.000000 0.000000 0.000000 
0.000000 0.000000 0.000000 0.000000 0.000000 0.000000 0.000000 0.000000 0.000000 0.000000 0.000000 0.000000 0.000000 0.000000 0.000000 0.000000 0.000000 0.000000 0.000000 0.000000 0.000000 0.000000 0.000000 0.000000 0.000000 0.000000 0.000000 0.000000 0.000000 0.000000 0.000000 0.000000 0.000000 0.000000 0.000000 0.000000 0.000000 0.000000 0.000000 0.000000 
0.000000 0.000000 0.000000 0.000000 0.000000 0.000000 0.000000 0.000000 0.000000 0.000000 0.000000 0.000000 0.000000 0.000000 0.000000 0.000000 0.000000 0.000000 0.000000 0.000000 0.000000 0.000000 0.000000 0.000000 0.000000 0.000000 0.000000 0.000000 0.000000 0.000000 0.000000 0.000000 0.000000 0.000000 0.000000 0.000000 0.000000 0.000000 0.000000 0.000000 
0.000000 0.000000 0.000000 0.000000 0.000000 0.000000 0.000000 0.000000 0.000000 0.000000 0.000000 0.000000 0.000000 0.000000 0.000000 0.000000 0.000000 0.000000 0.000000 0.000000 0.000000 0.000000 0.000000 0.000000 0.000000 0.000000 0.000000 0.000000 0.000000 0.000000 0.000000 0.000000 0.000000 0.000000 0.000000 0.000000 0.000000 0.000000 0.000000 0.000000 
0.000000 0.000000 0.000000 0.000000 0.000000 0.000000 0.000000 0.000000 0.000000 0.000000 0.000000 0.000000 0.000000 2.982000 2.982000 2.982000 2.982000 2.982000 2.982000 2.982000 0.000000 0.000000 0.000000 2.994000 2.934000 2.875000 2.857000 2.857000 2.892000 2.952000 2.752000 2.285000 1.983000 1.939000 1.908000 1.908000 1.900000 1.858000 1.820000 1.820000 
0.000000 0.000000 0.000000 0.000000 0.000000 0.000000 0.000000 0.000000 0.000000 0.000000 0.000000 0.000000 2.997000 2.955000 2.955000 2.958000 2.971000 2.982000 2.982000 2.982000 0.000000 0.000000 0.000000 2.992000 2.865000 2.718000 2.674000 2.674000 2.702000 2.749000 2.591000 2.224000 1.983000 1.939000 1.908000 1.908000 1.900000 1.858000 1.820000 1.820000 
0.000000 0.000000 0.000000 0.000000 0.000000 0.000000 0.000000 0.000000 0.000000 0.000000 0.000000 2.997000 2.937000 2.896000 2.896000 2.905000 2.946000 2.982000 2.982000 2.982000 0.000000 0.000000 0.000000 2.986000 2.709000 2.369000 2.267000 2.267000 2.278000 2.296000 2.234000 2.089000 1.983000 1.939000 1.908000 1.908000 1.900000 1.858000 1.820000 1.820000 
0.000000 0.000000 0.000000 0.000000 0.000000 0.000000 0.000000 0.000000 0.000000 0.000000 2.949000 2.862000 2.804000 2.762000 2.754000 2.757000 2.799000 2.835000 2.828000 2.821000 2.821000 2.821000 2.821000 2.821000 2.502000 2.104000 1.985000 1.985000 1.985000 1.985000 1.985000 1.985000 1.971000 1.934000 1.908000 1.908000 1.900000 1.858000 1.820000 1.820000 
0.000000 0.000000 0.000000 0.000000 0.000000 0.000000 0.000000 0.000000 0.000000 2.988000 2.748000 2.586000 2.533000 2.486000 2.456000 2.430000 2.421000 2.411000 2.382000 2.354000 2.354000 2.354000 2.354000 2.354000 2.196000 2.000000 1.941000 1.941000 1.941000 1.941000 1.941000 1.941000 1.935000 1.919000 1.908000 1.908000 1.900000 1.858000 1.820000 1.820000 
0.000000 0.000000 2.975000 2.933000 2.909000 2.935000 2.979000 2.995000 2.995000 2.838000 2.538000 2.342000 2.293000 2.246000 2.203000 2.161000 2.120000 2.079000 2.039000 2.000000 2.000000 2.000000 1.995000 1.990000 1.958000 1.920000 1.908000 1.908000 1.908000 1.908000 1.908000 1.908000 1.908000 1.908000 1.907000 1.902000 1.891000 1.854000 1.820000 1.820000 
0.000000 2.978000 2.857000 2.733000 2.609000 2.553000 2.522000 2.511000 2.511000 2.438000 2.299000 2.199000 2.152000 2.114000 2.094000 2.074000 2.055000 2.036000 2.018000 2.000000 2.000000 2.000000 1.977000 1.951000 1.931000 1.913000 1.908000 1.908000 1.908000 1.908000 1.908000 1.908000 1.908000 1.908000 1.901000 1.876000 1.853000 1.836000 1.820000 1.820000 
2.948000 2.835000 2.719000 2.533000 2.334000 2.213000 2.122000 2.088000 2.088000 2.088000 2.088000 2.070000 2.029000 2.000000 2.000000 2.000000 2.000000 2.000000 2.000000 2.000000 2.000000 2.000000 1.960000 1.917000 1.908000 1.908000 1.908000 1.908000 1.908000 1.908000 1.907000 1.904000 1.902000 1.902000 1.891000 1.852000 1.820000 1.820000 1.820000 1.820000 
2.680000 2.566000 2.459000 2.340000 2.218000 2.136000 2.068000 2.043000 2.043000 2.043000 2.043000 2.034000 2.014000 2.000000 2.000000 2.000000 2.000000 2.000000 2.000000 2.000000 2.000000 2.000000 1.960000 1.917000 1.908000 1.908000 1.908000 1.908000 1.908000 1.908000 1.897000 1.874000 1.860000 1.860000 1.855000 1.836000 1.820000 1.820000 1.820000 1.820000 
2.415000 2.303000 2.207000 2.152000 2.105000 2.060000 2.016000 2.000000 2.000000 2.000000 2.000000 2.000000 1.999000 1.998000 1.998000 1.998000 1.998000 1.998000 1.998000 1.998000 1.999000 2.000000 1.960000 1.917000 1.908000 1.908000 1.908000 1.908000 1.908000 1.908000 1.887000 1.846000 1.820000 1.820000 1.820000 1.820000 1.820000 1.820000 1.820000 1.820000 
2.261000 2.202000 2.152000 2.106000 2.060000 2.031000 2.008000 2.000000 2.000000 2.000000 2.000000 1.991000 1.969000 1.955000 1.955000 1.955000 1.955000 1.955000 1.955000 1.955000 1.976000 1.998000 1.960000 1.917000 1.908000 1.908000 1.908000 1.908000 1.908000 1.908000 1.887000 1.846000 1.820000 1.820000 1.820000 1.820000 1.820000 1.820000 1.820000 1.820000 
2.107000 2.101000 2.098000 2.060000 2.015000 2.002000 2.001000 2.000000 2.000000 2.000000 2.000000 1.982000 1.940000 1.911000 1.911000 1.911000 1.911000 1.911000 1.911000 1.911000 1.954000 1.996000 1.960000 1.917000 1.908000 1.908000 1.908000 1.908000 1.908000 1.908000 1.887000 1.846000 1.820000 1.820000 1.820000 1.820000 1.820000 1.820000 1.820000 1.820000 
2.096000 2.094000 2.094000 2.057000 2.012000 1.986000 1.966000 1.959000 1.959000 1.969000 1.989000 1.982000 1.938000 1.908000 1.908000 1.908000 1.908000 1.908000 1.908000 1.908000 1.933000 1.957000 1.937000 1.913000 1.908000 1.908000 1.908000 1.908000 1.908000 1.908000 1.897000 1.873000 1.852000 1.833000 1.820000 1.820000 1.820000 1.820000 1.820000 1.820000 
2.094000 2.094000 2.094000 2.057000 2.012000 1.971000 1.930000 1.915000 1.915000 1.936000 1.977000 1.982000 1.938000 1.908000 1.908000 1.908000 1.908000 1.908000 1.908000 1.908000 1.912000 1.915000 1.912000 1.909000 1.908000 1.908000 1.908000 1.908000 1.908000 1.908000 1.906000 1.903000 1.886000 1.847000 1.820000 1.820000 1.820000 1.820000 1.820000 1.820000 
2.057000 2.057000 2.057000 2.034000 2.007000 1.968000 1.924000 1.908000 1.908000 1.922000 1.948000 1.953000 1.926000 1.908000 1.908000 1.908000 1.908000 1.908000 1.908000 1.908000 1.908000 1.908000 1.908000 1.908000 1.908000 1.908000 1.908000 1.908000 1.908000 1.908000 1.908000 1.908000 1.898000 1.873000 1.855000 1.855000 1.855000 1.855000 1.871000 2.073000 
2.012000 2.012000 2.012000 2.007000 2.002000 1.968000 1.924000 1.908000 1.908000 1.911000 1.917000 1.918000 1.912000 1.908000 1.908000 1.908000 1.908000 1.908000 1.908000 1.908000 1.908000 1.908000 1.908000 1.908000 1.908000 1.908000 1.908000 1.908000 1.908000 1.908000 1.908000 1.908000 1.906000 1.900000 1.897000 1.897000 1.897000 1.897000 1.933000 2.378000 
2.000000 1.986000 1.971000 1.968000 1.968000 1.947000 1.919000 1.908000 1.908000 1.900000 1.886000 1.878000 1.878000 1.882000 1.897000 1.902000 1.873000 1.848000 1.848000 1.848000 1.877000 1.905000 1.858000 1.802000 1.791000 1.791000 1.840000 1.911000 1.940000 1.940000 1.940000 1.940000 1.940000 1.940000 1.980000 2.122000 2.240000 2.261000 2.307000 2.641000 
2.000000 1.966000 1.930000 1.924000 1.924000 1.919000 1.911000 1.908000 1.908000 1.890000 1.856000 1.836000 1.836000 1.847000 1.881000 1.893000 1.825000 1.765000 1.765000 1.766000 1.834000 1.902000 1.788000 1.656000 1.630000 1.630000 1.748000 1.916000 1.984000 1.984000 1.984000 1.984000 1.984000 1.984000 2.080000 2.415000 2.697000 2.746000 2.798000 2.889000 
2.000000 1.959000 1.915000 1.898000 1.885000 1.873000 1.861000 1.856000 1.856000 1.847000 1.830000 1.820000 1.820000 1.833000 1.875000 1.890000 1.808000 1.734000 1.734000 1.735000 1.817000 1.900000 1.763000 1.602000 1.570000 1.570000 1.670000 1.814000 2.026000 2.283000 2.376000 2.301000 2.255000 2.255000 2.337000 2.623000 2.868000 2.927000 2.982000 2.982000 
2.000000 1.959000 1.915000 1.881000 1.849000 1.817000 1.785000 1.774000 1.774000 1.785000 1.807000 1.820000 1.820000 1.833000 1.875000 1.890000 1.808000 1.734000 1.734000 1.735000 1.817000 1.900000 1.763000 1.602000 1.570000 1.570000 1.602000 1.649000 2.066000 2.735000 2.978000 2.782000 2.662000 2.662000 2.689000 2.782000 2.868000 2.927000 2.982000 2.982000 
1.978000 1.946000 1.914000 1.873000 1.831000 1.790000 1.749000 1.734000 1.734000 1.750000 1.781000 1.799000 1.799000 1.809000 1.840000 1.890000 2.006000 2.110000 2.110000 2.111000 2.190000 2.269000 2.167000 2.046000 2.022000 2.022000 2.022000 2.022000 2.410000 0.000000 0.000000 0.000000 2.857000 2.857000 2.857000 2.857000 2.865000 2.910000 2.951000 2.951000 
1.935000 1.922000 1.910000 1.873000 1.831000 1.790000 1.749000 1.734000 1.734000 1.740000 1.751000 1.758000 1.758000 1.761000 1.773000 1.889000 2.387000 2.831000 2.831000 2.831000 2.903000 2.974000 2.941000 2.896000 2.888000 2.888000 2.888000 2.888000 0.000000 0.000000 0.000000 0.000000 2.857000 2.857000 2.857000 2.857000 2.860000 2.876000 2.892000 2.892000 
1.911000 1.908000 1.908000 1.873000 1.831000 1.790000 1.749000 1.734000 1.734000 1.734000 1.734000 1.734000 1.734000 1.734000 1.734000 1.888000 2.608000 0.000000 0.000000 0.000000 0.000000 0.000000 0.000000 0.000000 0.000000 0.000000 0.000000 0.000000 0.000000 0.000000 0.000000 0.000000 2.857000 2.857000 2.857000 2.857000 2.857000 2.857000 2.857000 2.857000 
0.000000 0.000000 0.000000 0.000000 0.000000 0.000000 0.000000 0.000000 0.000000 0.000000 0.000000 0.000000 0.000000 0.000000 0.000000 0.000000 0.000000 0.000000 0.000000 0.000000 0.000000 0.000000 0.000000 0.000000 0.000000 0.000000 0.000000 0.000000 0.000000 0.000000 0.000000 0.000000 0.000000 0.000000 0.000000 0.000000 0.000000 0.000000 0.000000 0.000000 
0.000000 0.000000 0.000000 0.000000 0.000000 0.000000 0.000000 0.000000 0.000000 0.000000 0.000000 0.000000 0.000000 0.000000 0.000000 0.000000 0.000000 0.000000 0.000000 0.000000 0.000000 0.000000 0.000000 0.000000 0.000000 0.000000 0.000000 0.000000 0.000000 0.000000 0.000000 0.000000 0.000000 0.000000 0.000000 0.000000 0.000000 0.000000 0.000000 0.000000 
0.000000 0.000000 0.000000 0.000000 0.000000 0.000000 0.000000 0.000000 0.000000 0.000000 0.000000 0.000000 0.000000 0.000000 0.000000 0.000000 0.000000 0.000000 0.000000 0.000000 0.000000 0.000000 0.000000 0.000000 0.000000 0.000000 0.000000 0.000000 0.000000 0.000000 0.000000 0.000000 0.000000 0.000000 0.000000 0.000000 0.000000 0.000000 0.000000 0.000000 
0.000000 0.000000 0.000000 0.000000 0.000000 0.000000 0.000000 0.000000 0.000000 0.000000 0.000000 0.000000 0.000000 0.000000 0.000000 0.000000 0.000000 0.000000 0.000000 0.000000 0.000000 0.000000 0.000000 0.000000 0.000000 0.000000 0.000000 0.000000 0.000000 0.000000 0.000000 0.000000 0.000000 0.000000 0.000000 0.000000 0.000000 0.000000 0.000000 0.000000 
0.000000 0.000000 0.000000 0.000000 0.000000 0.000000 0.000000 0.000000 0.000000 0.000000 0.000000 0.000000 0.000000 0.000000 0.000000 0.000000 0.000000 0.000000 0.000000 0.000000 0.000000 0.000000 0.000000 0.000000 0.000000 0.000000 0.000000 0.000000 0.000000 0.000000 0.000000 0.000000 0.000000 0.000000 0.000000 0.000000 0.000000 0.000000 0.000000 0.000000 
0.000000 0.000000 0.000000 0.000000 0.000000 0.000000 0.000000 0.000000 0.000000 0.000000 0.000000 0.000000 0.000000 0.000000 0.000000 0.000000 0.000000 0.000000 0.000000 0.000000 0.000000 0.000000 0.000000 0.000000 0.000000 0.000000 0.000000 0.000000 0.000000 0.000000 0.000000 0.000000 0.000000 0.000000 0.000000 0.000000 0.000000 0.000000 0.000000 0.000000 
0.000000 0.000000 0.000000 0.000000 0.000000 0.000000 0.000000 0.000000 0.000000 0.000000 0.000000 0.000000 0.000000 0.000000 0.000000 0.000000 0.000000 0.000000 0.000000 0.000000 0.000000 0.000000 0.000000 0.000000 0.000000 0.000000 0.000000 0.000000 0.000000 0.000000 0.000000 0.000000 0.000000 0.000000 0.000000 0.000000 0.000000 0.000000 0.000000 0.000000 
0.000000 0.000000 0.000000 0.000000 0.000000 0.000000 0.000000 0.000000 0.000000 0.000000 0.000000 0.000000 0.000000 0.000000 0.000000 0.000000 0.000000 0.000000 0.000000 0.000000 0.000000 0.000000 0.000000 0.000000 0.000000 0.000000 0.000000 0.000000 0.000000 0.000000 0.000000 0.000000 0.000000 0.000000 0.000000 0.000000 0.000000 0.000000 0.000000 0.000000 
0.000000 0.000000 0.000000 0.000000 0.000000 0.000000 0.000000 0.000000 0.000000 0.000000 0.000000 0.000000 0.000000 0.000000 0.000000 0.000000 0.000000 0.000000 0.000000 0.000000 0.000000 0.000000 0.000000 0.000000 0.000000 0.000000 0.000000 0.000000 0.000000 0.000000 0.000000 0.000000 0.000000 0.000000 0.000000 0.000000 0.000000 0.000000 0.000000 0.000000 
