40 40
0.000000 0.000000 0.000000 0.000000 0.000000 0.000000 0.000000 0.000000 0.000000 0.000000 0.000000 0.000000 0.000000 0.000000 0.000000 0.000000 0.000000 0.000000 0.000000 0.000000 0.000000 0.000000 0.000000 0.000000 0.000000 0.000000 0.000000 0.000000 0.000000 0.000000 0.000000 0.000000 0.000000 0.000000 0.000000 0.000000 0.000000 0.000000 0.000000 0.000000 
0.000000 0.000000 0.000000 0.000000 0.000000 0.000000 0.000000 0.000000 0.000000 0.000000 2.038000 2.036000 2.031000 2.046000 2.057000 2.057000 2.978000 0.000000 0.000000 0.000000 0.000000 0.000000 0.000000 0.000000 0.000000 0.000000 0.000000 0.000000 0.000000 0.000000 0.000000 0.000000 0.000000 0.000000 0.000000 0.000000 0.000000 0.000000 0.000000 0.000000 
0.000000 0.000000 0.000000 0.000000 0.000000 0.000000 0.000000 0.000000 0.000000 2.042000 2.037000 2.032000 2.025000 2.030000 2.043000 2.049000 2.052000 2.053000 2.057000 2.117000 2.409000 2.437000 2.437000 2.448000 2.437000 2.430000 0.000000 0.000000 0.000000 0.000000 0.000000 0.000000 0.000000 0.000000 0.000000 0.000000 0.000000 0.000000 0.000000 0.000000 
0.000000 0.000000 0.000000 0.000000 0.000000 0.000000 0.000000 0.000000 2.080000 2.058000 2.040000 2.033000 2.025000 2.025000 2.035000 2.041000 2.046000 2.051000 2.056000 2.060000 2.063000 2.072000 2.072000 2.072000 2.068000 2.075000 2.077000 2.101000 0.000000 2.101000 2.105000 0.000000 0.000000 0.000000 0.000000 0.000000 0.000000 0.000000 0.000000 0.000000 
0.000000 0.000000 0.000000 0.000000 0.000000 0.000000 0.000000 2.423000 2.099000 2.059000 2.044000 2.033000 2.026000 2.025000 2.034000 2.034000 2.042000 2.042000 2.051000 2.060000 2.060000 2.067000 2.067000 2.067000 2.076000 2.077000 2.086000 2.086000 2.095000 2.097000 2.097000 2.095000 2.095000 0.000000 0.000000 0.000000 0.000000 0.000000 0.000000 0.000000 
0.000000 0.000000 0.000000 0.000000 0.000000 0.000000 0.000000 2.411000 2.102000 2.063000 2.037000 2.025000 2.025000 2.025000 2.028000 2.034000 2.040000 2.036000 2.044000 2.053000 2.059000 2.060000 2.060000 2.060000 2.070000 2.077000 2.079000 2.080000 2.088000 2.090000 2.095000 2.095000 2.095000 0.000000 0.000000 0.000000 0.000000 0.000000 0.000000 0.000000 
0.000000 0.000000 0.000000 0.000000 0.000000 0.000000 0.000000 0.000000 2.089000 2.065000 2.037000 2.025000 2.025000 2.017000 2.025000 2.025000 2.034000 2.034000 2.031000 2.044000 2.051000 2.058000 2.060000 2.060000 2.068000 2.073000 2.074000 2.074000 2.077000 2.079000 2.086000 2.092000 2.092000 0.000000 0.000000 0.000000 0.000000 0.000000 0.000000 0.000000 
0.000000 0.000000 0.000000 0.000000 0.000000 0.000000 0.000000 2.612000 2.081000 2.058000 2.030000 2.018000 2.024000 2.017000 2.025000 2.025000 2.026000 2.026000 2.025000 2.037000 2.051000 2.054000 2.060000 2.060000 2.068000 2.068000 2.068000 2.068000 2.077000 2.077000 2.085000 2.078000 2.086000 0.000000 0.000000 0.000000 0.000000 0.000000 0.000000 0.000000 
0.000000 0.000000 0.000000 0.000000 0.000000 0.000000 0.000000 2.038000 2.074000 2.044000 2.020000 2.013000 2.013000 2.019000 2.025000 2.025000 2.025000 2.025000 2.025000 2.040000 2.050000 2.046000 2.055000 2.058000 2.065000 2.068000 2.068000 2.068000 2.068000 2.077000 2.077000 2.077000 2.077000 0.000000 0.000000 0.000000 0.000000 0.000000 0.000000 0.000000 
0.000000 0.000000 0.000000 0.000000 0.000000 0.000000 0.000000 2.123000 2.086000 2.038000 2.017000 2.009000 2.009000 2.017000 2.018000 2.024000 2.017000 2.024000 2.024000 2.042000 2.049000 2.042000 2.050000 2.051000 2.060000 2.065000 2.060000 2.068000 2.068000 2.068000 2.075000 2.077000 2.078000 0.000000 0.000000 0.000000 0.000000 0.000000 0.000000 0.000000 
0.000000 0.000000 0.000000 0.000000 0.000000 0.000000 0.000000 2.102000 2.078000 2.032000 2.017000 2.009000 2.009000 2.017000 2.017000 2.017000 2.017000 2.017000 2.017000 2.042000 2.039000 2.036000 2.036000 2.051000 2.060000 2.060000 2.060000 2.068000 2.068000 2.068000 2.070000 2.077000 2.079000 0.000000 0.000000 0.000000 0.000000 0.000000 0.000000 0.000000 
0.000000 0.000000 0.000000 0.000000 0.000000 0.000000 0.000000 1.974000 2.067000 2.033000 2.016000 2.014000 2.017000 2.017000 2.017000 2.017000 2.017000 2.025000 2.017000 2.034000 2.034000 2.034000 2.034000 2.047000 2.057000 2.057000 2.058000 2.065000 2.065000 2.060000 2.067000 2.060000 2.060000 0.000000 0.000000 0.000000 0.000000 0.000000 0.000000 0.000000 
0.000000 0.000000 0.000000 0.000000 0.000000 0.000000 0.000000 2.121000 2.064000 2.032000 2.011000 2.009000 2.009000 2.013000 2.017000 2.017000 2.017000 2.017000 2.017000 2.034000 2.034000 2.034000 2.034000 2.042000 2.051000 2.051000 2.055000 2.060000 2.060000 2.060000 2.067000 2.068000 2.068000 0.000000 0.000000 0.000000 0.000000 0.000000 0.000000 0.000000 
0.000000 0.000000 0.000000 0.000000 0.000000 0.000000 0.000000 2.050000 2.054000 2.020000 2.003000 2.001000 2.000000 2.002000 2.004000 2.010000 2.012000 2.017000 2.022000 2.034000 2.034000 2.034000 2.034000 2.037000 2.043000 2.050000 2.053000 2.051000 2.055000 2.060000 2.063000 2.063000 2.068000 0.000000 0.000000 0.000000 0.000000 0.000000 0.000000 0.000000 
0.000000 0.000000 0.000000 0.000000 0.000000 0.000000 0.000000 2.276000 2.046000 2.016000 2.002000 1.992000 1.998000 1.999000 2.000000 2.006000 2.008000 2.015000 2.021000 2.026000 2.032000 2.034000 2.034000 2.034000 2.035000 2.042000 2.049000 2.050000 2.051000 2.059000 2.060000 2.060000 2.060000 0.000000 0.000000 0.000000 0.000000 0.000000 0.000000 0.000000 
0.000000 0.000000 0.000000 0.000000 0.000000 0.000000 0.000000 1.910000 2.045000 2.015000 1.996000 1.992000 1.992000 1.992000 1.995000 2.000000 2.001000 2.009000 2.018000 2.025000 2.025000 2.034000 2.034000 2.034000 2.034000 2.040000 2.042000 2.042000 2.048000 2.051000 2.059000 2.060000 2.060000 0.000000 0.000000 0.000000 0.000000 0.000000 0.000000 0.000000 
0.000000 0.000000 0.000000 0.000000 0.000000 0.000000 0.000000 2.065000 2.046000 2.015000 1.992000 1.989000 1.989000 1.991000 1.992000 1.996000 1.997000 2.000000 2.014000 2.022000 2.025000 2.025000 2.025000 2.025000 2.034000 2.038000 2.034000 2.039000 2.048000 2.051000 2.051000 2.048000 2.048000 0.000000 0.000000 0.000000 0.000000 0.000000 0.000000 0.000000 
0.000000 0.000000 0.000000 0.000000 0.000000 0.000000 0.000000 2.051000 2.038000 2.007000 1.986000 1.984000 1.984000 1.988000 1.992000 1.992000 1.992000 1.992000 2.005000 2.010000 2.017000 2.020000 2.025000 2.025000 2.034000 2.034000 2.034000 2.034000 2.039000 2.051000 2.051000 2.042000 2.042000 0.000000 0.000000 0.000000 0.000000 0.000000 0.000000 0.000000 
0.000000 0.000000 0.000000 0.000000 0.000000 0.000000 2.051000 2.046000 2.027000 1.999000 1.985000 1.984000 1.984000 1.986000 1.988000 1.992000 1.992000 1.992000 2.000000 2.005000 2.009000 2.014000 2.017000 2.019000 2.022000 2.029000 2.034000 2.034000 2.039000 2.042000 2.049000 2.035000 2.025000 0.000000 0.000000 0.000000 0.000000 0.000000 0.000000 0.000000 
0.000000 0.000000 0.000000 0.000000 0.000000 0.000000 2.049000 2.041000 2.019000 1.991000 1.984000 1.984000 1.984000 1.984000 1.985000 1.992000 1.992000 1.992000 1.997000 2.001000 2.007000 2.009000 2.009000 2.013000 2.019000 2.025000 2.025000 2.025000 2.034000 2.035000 2.040000 2.038000 2.034000 0.000000 0.000000 0.000000 0.000000 0.000000 0.000000 0.000000 
0.000000 0.000000 0.000000 0.000000 0.000000 0.000000 2.036000 2.028000 2.008000 1.991000 1.979000 1.978000 1.978000 1.978000 1.984000 1.985000 1.986000 1.986000 1.994000 2.000000 2.000000 2.009000 2.009000 2.009000 2.019000 2.025000 2.025000 2.025000 2.034000 2.034000 2.034000 2.034000 2.034000 0.000000 0.000000 0.000000 0.000000 0.000000 0.000000 0.000000 
0.000000 0.000000 0.000000 0.000000 0.000000 0.000000 2.025000 2.025000 2.004000 1.984000 1.975000 1.973000 1.968000 1.968000 1.976000 1.980000 1.984000 1.984000 1.989000 1.997000 2.000000 2.000000 2.005000 2.005000 2.018000 2.024000 2.025000 2.025000 2.025000 2.025000 2.025000 2.027000 2.030000 0.000000 0.000000 0.000000 0.000000 0.000000 0.000000 0.000000 
0.000000 0.000000 0.000000 0.000000 0.000000 0.000000 2.025000 2.025000 2.008000 1.982000 1.968000 1.968000 1.968000 1.968000 1.976000 1.976000 1.984000 1.984000 1.989000 1.993000 2.000000 2.000000 2.000000 2.000000 2.009000 2.009000 2.012000 2.017000 2.025000 2.025000 2.025000 2.025000 2.025000 0.000000 0.000000 0.000000 0.000000 0.000000 0.000000 0.000000 
0.000000 0.000000 0.000000 0.000000 0.000000 0.000000 2.058000 2.040000 2.004000 1.975000 1.964000 1.964000 1.964000 1.964000 1.968000 1.968000 1.976000 1.976000 1.989000 1.992000 1.992000 2.000000 2.000000 2.000000 2.005000 2.009000 2.010000 2.017000 2.025000 2.025000 2.025000 2.025000 2.031000 0.000000 0.000000 0.000000 0.000000 0.000000 0.000000 0.000000 
0.000000 0.000000 0.000000 0.000000 0.000000 0.000000 2.056000 2.034000 1.994000 1.967000 1.960000 1.953000 1.959000 1.961000 1.966000 1.968000 1.968000 1.974000 1.983000 1.990000 1.990000 1.994000 2.000000 2.000000 2.001000 2.009000 2.009000 2.017000 2.022000 2.025000 2.025000 2.024000 2.022000 0.000000 0.000000 0.000000 0.000000 0.000000 0.000000 0.000000 
0.000000 0.000000 0.000000 0.000000 0.000000 0.000000 2.047000 2.020000 1.988000 1.961000 1.953000 1.953000 1.953000 1.958000 1.961000 1.966000 1.968000 1.968000 1.973000 1.979000 1.984000 1.992000 1.993000 1.993000 2.000000 2.001000 2.002000 2.010000 2.015000 2.018000 2.018000 2.011000 2.002000 0.000000 0.000000 0.000000 0.000000 0.000000 0.000000 0.000000 
0.000000 0.000000 0.000000 0.000000 0.000000 0.000000 2.032000 2.014000 1.984000 1.960000 1.953000 1.953000 1.953000 1.953000 1.961000 1.961000 1.962000 1.965000 1.969000 1.977000 1.984000 1.990000 1.992000 1.994000 2.000000 2.000000 2.000000 2.005000 2.008000 2.017000 2.014000 2.008000 2.000000 0.000000 0.000000 0.000000 0.000000 0.000000 0.000000 0.000000 
0.000000 0.000000 0.000000 0.000000 0.000000 0.000000 2.017000 2.010000 1.983000 1.960000 1.953000 1.953000 1.953000 1.953000 1.953000 1.959000 1.961000 1.961000 1.965000 1.977000 1.984000 1.984000 1.992000 1.992000 2.000000 2.000000 2.000000 2.000000 2.005000 2.009000 2.009000 2.005000 2.000000 0.000000 0.000000 0.000000 0.000000 0.000000 0.000000 0.000000 
0.000000 0.000000 0.000000 0.000000 0.000000 0.000000 2.017000 2.010000 1.974000 1.952000 1.948000 1.947000 1.945000 1.949000 1.953000 1.953000 1.956000 1.961000 1.965000 1.972000 1.979000 1.981000 1.984000 1.986000 1.995000 1.995000 1.995000 2.000000 2.000000 2.005000 2.009000 2.005000 2.000000 0.000000 0.000000 0.000000 0.000000 0.000000 0.000000 0.000000 
0.000000 0.000000 0.000000 0.000000 0.000000 0.000000 2.018000 2.002000 1.967000 1.952000 1.944000 1.942000 1.938000 1.948000 1.953000 1.953000 1.953000 1.953000 1.965000 1.968000 1.968000 1.975000 1.976000 1.981000 1.986000 1.992000 1.992000 1.998000 1.999000 2.001000 2.009000 2.006000 2.002000 0.000000 0.000000 0.000000 0.000000 0.000000 0.000000 0.000000 
0.000000 0.000000 0.000000 0.000000 0.000000 0.000000 2.018000 1.995000 1.961000 1.940000 1.938000 1.938000 1.938000 1.945000 1.947000 1.953000 1.953000 1.953000 1.965000 1.968000 1.968000 1.971000 1.976000 1.981000 1.984000 1.991000 1.992000 1.992000 1.997000 2.000000 2.001000 2.009000 2.009000 0.000000 0.000000 0.000000 0.000000 0.000000 0.000000 0.000000 
0.000000 0.000000 0.000000 0.000000 0.000000 0.000000 2.009000 1.997000 1.962000 1.930000 1.930000 1.930000 1.930000 1.932000 1.935000 1.944000 1.945000 1.945000 1.954000 1.965000 1.967000 1.968000 1.968000 1.977000 1.984000 1.987000 1.992000 1.996000 2.000000 2.000000 2.000000 2.003000 2.000000 0.000000 0.000000 0.000000 0.000000 0.000000 0.000000 0.000000 
0.000000 0.000000 0.000000 0.000000 0.000000 0.000000 2.014000 1.986000 1.949000 1.930000 1.930000 1.930000 1.930000 1.930000 1.931000 1.938000 1.940000 1.945000 1.950000 1.954000 1.961000 1.961000 1.968000 1.973000 1.976000 1.982000 1.987000 1.992000 1.992000 1.994000 2.000000 2.000000 2.000000 0.000000 0.000000 0.000000 0.000000 0.000000 0.000000 0.000000 
0.000000 0.000000 0.000000 0.000000 0.000000 0.000000 2.004000 1.985000 1.943000 1.930000 1.930000 1.925000 1.923000 1.927000 1.930000 1.937000 1.940000 1.941000 1.947000 1.954000 1.961000 1.961000 1.963000 1.973000 1.976000 1.976000 1.987000 1.992000 1.992000 1.992000 1.992000 1.995000 1.995000 0.000000 0.000000 0.000000 0.000000 0.000000 0.000000 0.000000 
0.000000 0.000000 0.000000 0.000000 0.000000 0.000000 1.298000 1.857000 1.942000 1.932000 1.931000 1.923000 1.923000 1.928000 1.930000 1.936000 1.938000 1.938000 1.947000 1.954000 1.961000 1.961000 1.961000 1.968000 1.974000 1.976000 1.984000 1.984000 1.984000 1.984000 1.984000 1.990000 1.990000 0.000000 0.000000 0.000000 0.000000 0.000000 0.000000 0.000000 
0.000000 0.000000 0.000000 0.000000 0.000000 0.000000 0.000000 1.836000 1.958000 1.944000 1.934000 1.929000 1.929000 1.937000 1.937000 1.938000 1.940000 1.944000 1.953000 1.960000 1.961000 1.961000 1.961000 1.968000 1.968000 1.974000 1.984000 1.984000 1.984000 1.986000 1.985000 1.981000 1.977000 0.000000 0.000000 0.000000 0.000000 0.000000 0.000000 0.000000 
0.000000 0.000000 0.000000 0.000000 0.000000 0.000000 0.000000 0.000000 1.978000 1.964000 1.967000 1.976000 1.976000 1.970000 1.972000 1.949000 1.943000 1.945000 1.958000 1.968000 1.968000 1.964000 1.968000 1.974000 1.977000 1.980000 1.976000 1.984000 1.984000 1.992000 1.992000 1.981000 1.976000 0.000000 0.000000 0.000000 0.000000 0.000000 0.000000 0.000000 
0.000000 0.000000 0.000000 0.000000 0.000000 0.000000 0.000000 0.000000 2.261000 2.243000 2.247000 2.007000 2.001000 2.007000 1.770000 0.000000 1.817000 1.817000 1.920000 2.000000 1.885000 1.853000 1.990000 1.993000 1.993000 2.228000 2.281000 2.278000 1.993000 2.002000 2.005000 2.295000 0.000000 0.000000 0.000000 0.000000 0.000000 0.000000 0.000000 0.000000 
0.000000 0.000000 0.000000 0.000000 0.000000 0.000000 0.000000 0.000000 0.000000 0.000000 0.000000 0.000000 0.000000 0.000000 0.000000 0.000000 0.000000 0.000000 0.000000 0.000000 0.000000 0.000000 0.000000 0.000000 0.000000 0.000000 0.000000 0.000000 0.000000 0.000000 0.000000 0.000000 0.000000 0.000000 0.000000 0.000000 0.000000 0.000000 0.000000 0.000000 
0.000000 0.000000 0.000000 0.000000 0.000000 0.000000 0.000000 0.000000 0.000000 0.000000 0.000000 0.000000 0.000000 0.000000 0.000000 0.000000 0.000000 0.000000 0.000000 0.000000 0.000000 0.000000 0.000000 0.000000 0.000000 0.000000 0.000000 0.000000 0.000000 0.000000 0.000000 0.000000 0.000000 0.000000 0.000000 0.000000 0.000000 0.000000 0.000000 0.000000 
