40 40
0.000000 0.000000 0.000000 0.000000 0.000000 0.000000 0.000000 0.000000 0.000000 0.000000 0.000000 0.000000 0.000000 0.000000 2.918000 2.669000 2.284000 2.086000 2.086000 2.086000 2.086000 2.086000 2.086000 2.086000 2.086000 2.091000 2.101000 2.107000 2.107000 2.107000 0.000000 0.000000 0.000000 0.000000 0.000000 0.000000 0.000000 0.000000 0.000000 0.000000 
0.000000 0.000000 0.000000 0.000000 0.000000 0.000000 0.000000 0.000000 0.000000 0.000000 0.000000 0.000000 0.000000 2.976000 2.861000 2.627000 2.269000 2.086000 2.086000 2.086000 2.086000 2.086000 2.086000 2.086000 2.086000 2.101000 2.133000 2.151000 2.151000 2.151000 0.000000 0.000000 0.000000 0.000000 0.000000 0.000000 0.000000 0.000000 0.000000 0.000000 
0.000000 0.000000 0.000000 0.000000 0.000000 0.000000 0.000000 0.000000 0.000000 0.000000 0.000000 0.000000 0.000000 2.938000 2.811000 2.580000 2.240000 2.066000 2.066000 2.066000 2.066000 2.071000 2.081000 2.086000 2.086000 2.107000 2.151000 2.174000 2.174000 2.174000 0.000000 0.000000 0.000000 0.000000 0.000000 0.000000 0.000000 0.000000 0.000000 0.000000 
0.000000 0.000000 0.000000 0.000000 0.000000 0.000000 0.000000 0.000000 0.000000 0.000000 0.000000 0.000000 0.000000 2.925000 2.771000 2.529000 2.195000 2.023000 2.023000 2.023000 2.023000 2.038000 2.070000 2.086000 2.086000 2.107000 2.151000 2.174000 2.174000 2.174000 0.000000 0.000000 0.000000 0.000000 0.000000 0.000000 0.000000 0.000000 0.000000 0.000000 
0.000000 0.000000 0.000000 0.000000 0.000000 0.000000 0.000000 0.000000 0.000000 0.000000 0.000000 0.000000 0.000000 2.895000 2.681000 2.432000 2.146000 2.000000 2.000000 2.000000 2.000000 2.016000 2.049000 2.071000 2.081000 2.107000 2.151000 2.174000 2.174000 2.174000 0.000000 0.000000 0.000000 0.000000 0.000000 0.000000 0.000000 0.000000 0.000000 0.000000 
0.000000 0.000000 0.000000 0.000000 0.000000 0.000000 0.000000 0.000000 0.000000 0.000000 0.000000 0.000000 0.000000 2.846000 2.533000 2.282000 2.096000 2.000000 2.000000 2.000000 2.000000 2.006000 2.017000 2.038000 2.069000 2.107000 2.151000 2.174000 2.174000 2.174000 0.000000 0.000000 0.000000 0.000000 0.000000 0.000000 0.000000 0.000000 0.000000 0.000000 
0.000000 0.000000 0.000000 0.000000 0.000000 0.000000 0.000000 0.000000 0.000000 0.000000 0.000000 0.000000 0.000000 2.831000 2.429000 2.170000 2.058000 2.000000 2.000000 2.000000 2.000000 2.000000 2.000000 2.020000 2.063000 2.107000 2.151000 1.876000 1.239000 0.000000 0.000000 0.000000 0.000000 0.000000 0.000000 0.000000 0.000000 0.000000 0.000000 0.000000 
0.000000 0.000000 0.000000 0.000000 0.000000 0.000000 0.000000 0.000000 0.000000 0.000000 0.000000 0.000000 0.000000 2.854000 2.378000 2.102000 2.035000 2.000000 2.000000 2.000000 2.000000 2.000000 2.000000 2.020000 2.063000 2.107000 2.151000 1.229000 0.000000 0.000000 0.000000 0.000000 0.000000 0.000000 0.000000 0.000000 0.000000 0.000000 0.000000 0.000000 
0.000000 0.000000 0.000000 0.000000 0.000000 0.000000 0.000000 0.000000 0.000000 0.000000 0.000000 0.000000 0.000000 2.867000 2.350000 2.065000 2.022000 2.000000 2.000000 2.000000 2.000000 2.000000 2.000000 2.016000 2.049000 1.794000 1.216000 0.000000 0.000000 0.000000 0.000000 0.000000 0.000000 0.000000 0.000000 0.000000 0.000000 0.000000 0.000000 0.000000 
0.000000 0.000000 0.000000 0.000000 0.000000 0.000000 0.000000 0.000000 0.000000 0.000000 0.000000 0.000000 0.000000 2.867000 2.350000 2.065000 2.022000 2.000000 2.000000 2.000000 2.000000 2.000000 2.000000 2.006000 2.017000 1.108000 0.000000 0.000000 0.000000 0.000000 0.000000 0.000000 0.000000 0.000000 0.000000 0.000000 0.000000 0.000000 0.000000 0.000000 
0.000000 0.000000 0.000000 0.000000 0.000000 0.000000 0.000000 0.000000 0.000000 0.000000 0.000000 0.000000 0.000000 2.867000 2.350000 2.065000 2.022000 2.000000 2.000000 2.000000 2.000000 2.000000 2.000000 2.000000 2.000000 0.000000 0.000000 0.000000 0.000000 0.000000 0.000000 0.000000 0.000000 0.000000 0.000000 0.000000 0.000000 0.000000 0.000000 0.000000 
0.000000 0.000000 0.000000 0.000000 0.000000 0.000000 0.000000 0.000000 0.000000 0.000000 0.000000 0.000000 0.000000 2.867000 2.350000 2.065000 2.022000 2.000000 2.000000 2.000000 2.000000 2.000000 2.000000 2.000000 2.000000 0.000000 0.000000 0.000000 0.000000 0.000000 0.000000 0.000000 0.000000 0.000000 0.000000 0.000000 0.000000 0.000000 0.000000 0.000000 
0.000000 0.000000 0.000000 0.000000 0.000000 0.000000 0.000000 0.000000 0.000000 0.000000 0.000000 0.000000 0.000000 2.777000 2.332000 2.085000 2.041000 2.019000 2.019000 2.015000 2.005000 2.000000 2.000000 2.000000 2.000000 0.000000 0.000000 0.000000 0.000000 0.000000 0.000000 0.000000 0.000000 0.000000 0.000000 0.000000 0.000000 0.000000 0.000000 0.000000 
0.000000 0.000000 0.000000 0.000000 0.000000 0.000000 0.000000 0.000000 0.000000 0.000000 0.000000 0.000000 2.818000 2.575000 2.293000 2.128000 2.085000 2.062000 2.062000 2.047000 2.016000 2.000000 2.000000 2.000000 2.000000 0.000000 0.000000 0.000000 0.000000 0.000000 0.000000 0.000000 0.000000 0.000000 0.000000 0.000000 0.000000 0.000000 0.000000 0.000000 
0.000000 0.000000 0.000000 0.000000 0.000000 0.000000 0.000000 0.000000 0.000000 0.000000 0.000000 2.957000 2.678000 2.447000 2.266000 2.152000 2.109000 2.086000 2.086000 2.065000 2.022000 2.000000 2.000000 1.996000 1.986000 0.000000 0.000000 0.000000 0.000000 0.000000 0.000000 0.000000 0.000000 0.000000 0.000000 0.000000 0.000000 0.000000 0.000000 0.000000 
0.000000 0.000000 0.000000 0.000000 0.000000 0.000000 0.000000 0.000000 0.000000 0.000000 0.000000 2.899000 2.625000 2.409000 2.253000 2.152000 2.109000 2.086000 2.086000 2.065000 2.022000 2.000000 2.000000 1.986000 1.956000 1.588000 0.000000 0.000000 0.000000 0.000000 0.000000 0.000000 0.000000 0.000000 0.000000 0.000000 0.000000 0.000000 0.000000 0.000000 
0.000000 0.000000 0.000000 0.000000 0.000000 0.000000 0.000000 0.000000 0.000000 0.000000 2.950000 2.817000 2.551000 2.356000 2.235000 2.152000 2.109000 2.086000 2.086000 2.065000 2.022000 2.000000 2.000000 1.980000 1.939000 1.917000 1.917000 0.000000 0.000000 0.000000 0.000000 0.000000 0.000000 0.000000 0.000000 0.000000 0.000000 0.000000 0.000000 0.000000 
0.000000 0.000000 0.000000 0.000000 0.000000 0.000000 0.000000 0.000000 0.000000 0.000000 2.836000 2.708000 2.450000 2.284000 2.211000 2.152000 2.109000 2.086000 2.086000 2.065000 2.022000 2.000000 2.000000 1.980000 1.939000 1.917000 1.917000 0.000000 0.000000 0.000000 0.000000 0.000000 0.000000 0.000000 0.000000 0.000000 0.000000 0.000000 0.000000 0.000000 
0.000000 0.000000 0.000000 0.000000 0.000000 0.000000 0.000000 0.000000 0.000000 0.000000 2.748000 2.623000 2.373000 2.223000 2.178000 2.138000 2.104000 2.081000 2.072000 2.051000 2.017000 1.996000 1.987000 1.966000 1.934000 1.644000 1.066000 0.000000 0.000000 0.000000 0.000000 0.000000 0.000000 0.000000 0.000000 0.000000 0.000000 0.000000 0.000000 0.000000 
0.000000 0.000000 0.000000 0.000000 0.000000 0.000000 0.000000 0.000000 0.000000 0.000000 2.694000 2.572000 2.325000 2.178000 2.133000 2.105000 2.092000 2.071000 2.040000 2.018000 2.006000 1.986000 1.956000 1.935000 1.923000 1.022000 0.000000 0.000000 0.000000 0.000000 0.000000 0.000000 0.000000 0.000000 0.000000 0.000000 0.000000 0.000000 0.000000 0.000000 
0.000000 0.000000 0.000000 0.000000 0.000000 0.000000 0.000000 0.000000 0.000000 0.000000 2.664000 2.537000 2.283000 2.138000 2.104000 2.081000 2.072000 2.051000 2.017000 2.000000 2.000000 1.980000 1.939000 1.917000 1.917000 0.000000 0.000000 0.000000 0.000000 0.000000 0.000000 0.000000 0.000000 0.000000 0.000000 0.000000 0.000000 0.000000 0.000000 0.000000 
0.000000 0.000000 0.000000 0.000000 0.000000 0.000000 0.000000 0.000000 0.000000 0.000000 2.664000 2.527000 2.251000 2.105000 2.092000 2.071000 2.040000 2.018000 2.006000 2.000000 2.000000 1.980000 1.939000 1.917000 1.917000 0.000000 0.000000 0.000000 0.000000 0.000000 0.000000 0.000000 0.000000 0.000000 0.000000 0.000000 0.000000 0.000000 0.000000 0.000000 
0.000000 0.000000 0.000000 0.000000 0.000000 0.000000 0.000000 0.000000 0.000000 0.000000 2.664000 2.520000 2.232000 2.086000 2.086000 2.065000 2.022000 2.000000 2.000000 2.000000 2.000000 1.984000 1.952000 1.660000 1.083000 0.000000 0.000000 0.000000 0.000000 0.000000 0.000000 0.000000 0.000000 0.000000 0.000000 0.000000 0.000000 0.000000 0.000000 0.000000 
0.000000 0.000000 0.000000 0.000000 0.000000 0.000000 0.000000 0.000000 0.000000 0.000000 2.664000 2.520000 2.232000 2.086000 2.086000 2.065000 2.022000 2.000000 2.000000 2.000000 2.000000 1.994000 1.982000 1.065000 0.000000 0.000000 0.000000 0.000000 0.000000 0.000000 0.000000 0.000000 0.000000 0.000000 0.000000 0.000000 0.000000 0.000000 0.000000 0.000000 
0.000000 0.000000 0.000000 0.000000 0.000000 0.000000 0.000000 0.000000 0.000000 0.000000 2.664000 2.525000 2.246000 2.100000 2.091000 2.065000 2.022000 2.000000 2.000000 2.000000 2.000000 2.000000 2.000000 0.000000 0.000000 0.000000 0.000000 0.000000 0.000000 0.000000 0.000000 0.000000 0.000000 0.000000 0.000000 0.000000 0.000000 0.000000 0.000000 0.000000 
0.000000 0.000000 0.000000 0.000000 0.000000 0.000000 0.000000 0.000000 0.000000 0.000000 2.664000 2.536000 2.279000 2.133000 2.102000 2.065000 2.022000 2.000000 2.000000 2.000000 2.000000 2.000000 2.000000 1.633000 0.000000 0.000000 0.000000 0.000000 0.000000 0.000000 0.000000 0.000000 0.000000 0.000000 0.000000 0.000000 0.000000 0.000000 0.000000 0.000000 
0.000000 0.000000 0.000000 0.000000 0.000000 0.000000 0.000000 0.000000 0.000000 0.000000 2.600000 2.494000 2.281000 2.152000 2.108000 2.065000 2.022000 2.000000 2.000000 2.000000 2.000000 1.992000 1.974000 1.965000 1.965000 0.000000 0.000000 0.000000 0.000000 0.000000 0.000000 0.000000 0.000000 0.000000 0.000000 0.000000 0.000000 0.000000 0.000000 0.000000 
0.000000 0.000000 0.000000 0.000000 0.000000 0.000000 0.000000 0.000000 0.000000 0.000000 2.448000 2.380000 2.243000 2.152000 2.108000 2.065000 2.022000 2.000000 2.000000 2.000000 2.000000 1.972000 1.914000 1.883000 1.883000 0.000000 0.000000 0.000000 0.000000 0.000000 0.000000 0.000000 0.000000 0.000000 0.000000 0.000000 0.000000 0.000000 0.000000 0.000000 
0.000000 0.000000 0.000000 0.000000 0.000000 0.000000 0.000000 0.000000 0.000000 0.000000 2.360000 2.314000 2.221000 2.152000 2.108000 2.065000 2.022000 2.000000 2.000000 1.996000 1.987000 1.948000 1.874000 1.836000 1.836000 0.000000 0.000000 0.000000 0.000000 0.000000 0.000000 0.000000 0.000000 0.000000 0.000000 0.000000 0.000000 0.000000 0.000000 0.000000 
0.000000 0.000000 0.000000 0.000000 0.000000 0.000000 0.000000 0.000000 0.000000 0.000000 2.360000 2.314000 2.221000 2.152000 2.108000 2.065000 2.022000 2.000000 2.000000 1.986000 1.956000 1.916000 1.864000 1.836000 1.836000 0.000000 0.000000 0.000000 0.000000 1.712000 0.000000 0.000000 0.000000 0.000000 0.000000 0.000000 0.000000 0.000000 0.000000 0.000000 
0.000000 0.000000 0.000000 0.000000 0.000000 0.000000 0.000000 0.000000 0.000000 0.000000 2.340000 2.299000 2.216000 2.152000 2.108000 2.065000 2.022000 2.000000 2.000000 1.980000 1.939000 1.902000 1.870000 1.592000 1.044000 0.000000 0.000000 0.000000 1.886000 0.000000 0.000000 0.000000 0.000000 0.000000 0.000000 0.000000 0.000000 0.000000 0.000000 0.000000 
0.000000 0.000000 0.000000 0.000000 0.000000 0.000000 0.000000 0.000000 0.000000 0.000000 2.294000 2.264000 2.204000 2.152000 2.108000 2.065000 2.022000 2.000000 2.000000 1.980000 1.939000 1.911000 1.899000 1.005000 0.000000 0.000000 0.000000 0.000000 1.886000 0.000000 0.000000 0.000000 0.000000 0.000000 0.000000 0.000000 0.000000 0.000000 0.000000 0.000000 
0.000000 0.000000 0.000000 0.000000 0.000000 0.000000 0.000000 0.000000 0.000000 0.000000 2.266000 2.243000 2.197000 2.152000 2.108000 2.065000 2.022000 2.000000 2.000000 1.980000 1.939000 1.917000 1.917000 0.000000 0.000000 0.000000 0.000000 0.000000 1.886000 0.000000 0.000000 0.000000 0.000000 0.000000 0.000000 0.000000 0.000000 0.000000 0.000000 0.000000 
0.000000 0.000000 0.000000 0.000000 0.000000 0.000000 0.000000 0.000000 0.000000 0.000000 2.266000 2.243000 2.197000 2.152000 2.108000 2.065000 2.022000 2.000000 2.000000 1.980000 1.939000 1.917000 1.917000 0.000000 0.000000 0.000000 0.000000 0.000000 1.886000 0.000000 0.000000 0.000000 0.000000 0.000000 0.000000 0.000000 0.000000 0.000000 0.000000 0.000000 
0.000000 0.000000 0.000000 0.000000 0.000000 0.000000 0.000000 0.000000 0.000000 0.000000 2.266000 2.243000 2.197000 2.152000 2.108000 2.069000 2.035000 2.013000 2.005000 1.984000 1.951000 1.934000 1.934000 0.000000 0.000000 0.000000 0.000000 0.000000 1.864000 0.000000 0.000000 0.000000 0.000000 0.000000 0.000000 0.000000 0.000000 0.000000 0.000000 0.000000 
0.000000 0.000000 0.000000 0.000000 0.000000 0.000000 0.000000 0.000000 0.000000 0.000000 2.266000 2.243000 2.197000 2.152000 2.108000 2.080000 2.067000 2.046000 2.016000 1.994000 1.982000 1.975000 1.975000 0.000000 0.000000 0.000000 0.000000 0.000000 1.810000 0.000000 0.000000 0.000000 0.000000 0.000000 0.000000 0.000000 0.000000 0.000000 0.000000 0.000000 
0.000000 0.000000 0.000000 0.000000 0.000000 0.000000 0.000000 0.000000 0.000000 0.000000 2.266000 2.243000 2.197000 2.152000 2.108000 2.086000 2.086000 2.065000 2.022000 2.000000 2.000000 2.000000 2.000000 0.000000 0.000000 0.000000 0.000000 0.000000 0.000000 2.235000 0.000000 0.000000 0.000000 0.000000 0.000000 0.000000 0.000000 0.000000 0.000000 0.000000 
0.000000 0.000000 0.000000 0.000000 0.000000 0.000000 0.000000 0.000000 0.000000 0.000000 2.266000 2.243000 2.197000 2.152000 2.108000 2.086000 2.086000 2.065000 2.022000 2.000000 2.000000 2.000000 2.000000 0.000000 0.000000 0.000000 0.000000 0.000000 0.000000 0.000000 0.000000 0.000000 0.000000 0.000000 0.000000 0.000000 0.000000 0.000000 0.000000 0.000000 
0.000000 0.000000 0.000000 0.000000 0.000000 0.000000 0.000000 0.000000 0.000000 0.000000 2.266000 2.243000 2.197000 2.152000 2.108000 2.086000 2.086000 2.065000 2.022000 2.000000 2.000000 1.743000 1.206000 0.000000 0.000000 0.000000 0.000000 0.000000 0.000000 0.000000 0.000000 0.000000 0.000000 0.000000 0.000000 0.000000 0.000000 0.000000 0.000000 0.000000 
0.000000 0.000000 0.000000 0.000000 0.000000 0.000000 0.000000 0.000000 0.000000 0.000000 2.266000 2.243000 2.197000 2.152000 2.108000 2.086000 2.086000 2.065000 2.022000 2.000000 2.000000 1.101000 0.000000 0.000000 0.000000 0.000000 0.000000 0.000000 0.000000 0.000000 0.000000 0.000000 0.000000 0.000000 0.000000 0.000000 0.000000 0.000000 0.000000 0.000000 
