0.000000,0.000000,0.000000,0.000000,0.000000,0.000000,0.000000,0.000000,0.000000,0.000000,0.000000,0.000000,0.000000,0.000000,0.000000,0.000000,0.000000,0.000000,0.000000,0.000000,0.000000,0.000000,0.000000,0.000000,0.000000,0.000000,0.000000,0.000000,0.000000,0.000000,0.000000,0.000000,0.000000,0.000000,0.000000,0.000000,0.000000,0.000000,0.000000,0.000000,
0.000000,0.000000,0.000000,0.000000,0.000000,0.000000,0.000000,0.000000,0.000000,0.000000,0.000000,0.000000,0.000000,0.000000,0.000000,0.000000,0.000000,0.000000,0.000000,0.000000,0.000000,0.000000,0.000000,0.000000,0.000000,0.000000,0.000000,0.000000,0.000000,0.000000,0.000000,0.000000,0.000000,0.000000,0.000000,0.000000,0.000000,0.000000,0.000000,0.000000,
0.000000,0.000000,0.000000,0.000000,0.000000,0.000000,0.000000,0.000000,0.000000,0.000000,0.000000,0.000000,0.000000,0.000000,0.000000,0.000000,0.000000,0.000000,0.000000,0.000000,0.000000,0.000000,0.000000,0.000000,0.000000,0.000000,0.000000,0.000000,0.000000,0.000000,0.000000,0.000000,0.000000,0.000000,0.000000,0.000000,0.000000,0.000000,0.000000,0.000000,
0.000000,0.000000,0.000000,0.000000,0.000000,0.000000,0.000000,0.000000,0.000000,0.000000,0.000000,0.000000,0.000000,0.000000,0.000000,0.000000,0.000000,0.000000,0.000000,0.000000,0.000000,0.000000,0.000000,0.000000,0.000000,0.000000,0.000000,0.000000,0.000000,0.000000,0.000000,0.000000,0.000000,0.000000,0.000000,0.000000,0.000000,0.000000,0.000000,0.000000,
0.000000,0.000000,0.000000,0.000000,0.000000,0.000000,0.000000,0.000000,0.000000,0.000000,0.000000,0.000000,0.000000,0.000000,0.000000,0.000000,0.000000,0.000000,0.000000,0.000000,0.000000,0.000000,0.000000,0.000000,0.000000,0.000000,0.000000,0.000000,0.000000,0.000000,0.000000,0.000000,0.000000,0.000000,0.000000,0.000000,0.000000,0.000000,0.000000,0.000000,
0.000000,0.000000,0.000000,0.000000,0.000000,0.000000,0.000000,0.000000,0.000000,0.000000,0.000000,0.000000,0.000000,0.000000,0.000000,0.000000,0.000000,0.000000,0.000000,0.000000,0.000000,0.000000,0.000000,0.000000,0.000000,0.000000,0.000000,0.000000,0.000000,0.000000,0.000000,0.000000,0.000000,0.000000,0.000000,0.000000,0.000000,0.000000,0.000000,0.000000,
0.000000,0.000000,0.000000,0.000000,0.000000,0.000000,0.000000,2.996000,2.042000,2.033000,2.051000,2.049000,2.035000,2.033000,2.033000,0.000000,0.000000,0.000000,0.000000,0.000000,0.000000,0.000000,0.000000,0.000000,0.000000,0.000000,0.000000,0.000000,0.000000,0.000000,0.000000,0.000000,0.000000,0.000000,0.000000,0.000000,0.000000,0.000000,0.000000,0.000000,
0.000000,0.000000,0.000000,0.000000,0.000000,0.000000,0.000000,2.996000,2.044000,2.036000,2.064000,2.064000,2.056000,2.035000,2.033000,2.044000,2.036000,2.033000,0.000000,0.000000,0.000000,0.000000,0.000000,0.000000,0.000000,0.000000,0.000000,0.000000,0.000000,0.000000,0.000000,0.000000,0.000000,0.000000,0.000000,0.000000,0.000000,0.000000,0.000000,0.000000,
0.000000,0.000000,0.000000,0.000000,0.000000,0.000000,0.000000,2.690000,2.054000,2.045000,2.044000,2.050000,2.048000,2.040000,2.033000,2.041000,2.035000,2.033000,2.027000,2.491000,0.000000,0.000000,0.000000,0.000000,0.000000,0.000000,0.000000,0.000000,0.000000,0.000000,0.000000,0.000000,0.000000,0.000000,0.000000,0.000000,0.000000,0.000000,0.000000,0.000000,
0.000000,0.000000,0.000000,0.000000,0.000000,0.000000,2.761000,2.086000,2.063000,2.036000,2.033000,2.042000,2.040000,2.033000,2.033000,2.033000,2.033000,2.033000,2.016000,2.263000,0.000000,0.000000,0.000000,0.000000,0.000000,0.000000,0.000000,0.000000,0.000000,0.000000,0.000000,0.000000,0.000000,0.000000,0.000000,0.000000,0.000000,0.000000,0.000000,0.000000,
0.000000,0.000000,0.000000,0.000000,0.000000,2.763000,2.126000,2.096000,2.072000,2.037000,2.033000,2.033000,2.033000,2.033000,2.033000,2.033000,2.033000,2.033000,2.016000,2.016000,2.016000,2.016000,2.526000,2.846000,0.000000,0.000000,0.000000,0.000000,0.000000,0.000000,0.000000,0.000000,0.000000,0.000000,0.000000,0.000000,0.000000,0.000000,0.000000,0.000000,
0.000000,0.000000,0.000000,0.000000,2.689000,2.155000,2.137000,2.099000,2.072000,2.037000,2.033000,2.033000,2.033000,2.033000,2.033000,2.033000,2.033000,2.033000,2.016000,2.016000,2.016000,2.016000,1.996000,1.984000,2.477000,2.543000,2.795000,0.000000,0.000000,0.000000,0.000000,0.000000,0.000000,0.000000,0.000000,0.000000,0.000000,0.000000,0.000000,0.000000,
0.000000,0.000000,0.000000,0.000000,2.208000,2.162000,2.109000,2.062000,2.042000,2.034000,2.033000,2.033000,2.033000,2.033000,2.033000,2.033000,2.033000,2.019000,2.016000,2.016000,2.016000,2.016000,1.996000,1.984000,1.970000,1.968000,2.026000,2.785000,0.000000,0.000000,0.000000,0.000000,0.000000,0.000000,0.000000,0.000000,0.000000,0.000000,0.000000,0.000000,
0.000000,0.000000,0.000000,2.232000,2.206000,2.151000,2.078000,2.040000,2.033000,2.033000,2.033000,2.033000,2.033000,2.033000,2.024000,2.016000,2.016000,2.016000,2.016000,2.016000,2.016000,2.008000,2.000000,1.988000,1.984000,1.984000,1.984000,1.979000,1.968000,1.968000,1.968000,0.000000,0.000000,0.000000,0.000000,0.000000,0.000000,0.000000,0.000000,0.000000,
0.000000,0.000000,0.000000,2.231000,2.190000,2.106000,2.067000,2.040000,2.033000,2.033000,2.033000,2.035000,2.035000,2.033000,2.024000,2.016000,2.016000,2.016000,2.016000,2.013000,2.000000,2.000000,2.000000,2.000000,1.988000,1.984000,1.996000,1.980000,1.970000,1.969000,1.968000,1.981000,1.984000,0.000000,0.000000,0.000000,0.000000,0.000000,0.000000,0.000000,
0.000000,0.000000,0.000000,2.229000,2.157000,2.090000,2.061000,2.044000,2.038000,2.038000,2.038000,2.050000,2.045000,2.033000,2.024000,2.016000,2.016000,2.016000,2.016000,2.013000,2.000000,2.000000,2.000000,2.000000,2.000000,1.984000,1.980000,1.980000,1.980000,1.973000,1.968000,1.978000,1.980000,1.983000,1.975000,2.696000,0.000000,0.000000,0.000000,0.000000,
0.000000,0.000000,0.000000,2.228000,2.147000,2.098000,2.071000,2.061000,2.057000,2.057000,2.057000,2.056000,2.045000,2.033000,2.024000,2.016000,2.016000,2.016000,2.015000,2.007000,2.000000,2.000000,2.000000,2.000000,2.000000,1.984000,1.968000,1.968000,1.968000,1.968000,1.968000,1.968000,1.968000,1.975000,1.952000,2.393000,0.000000,0.000000,0.000000,0.000000,
0.000000,0.000000,0.000000,0.000000,2.143000,2.118000,2.086000,2.077000,2.077000,2.077000,2.077000,2.066000,2.055000,2.038000,2.024000,2.016000,2.016000,2.016000,2.015000,2.000000,1.997000,1.991000,1.991000,1.991000,1.991000,1.984000,1.975000,1.968000,1.968000,1.968000,1.968000,1.968000,1.960000,1.959000,1.952000,1.949000,1.943000,0.000000,0.000000,0.000000,
0.000000,0.000000,0.000000,2.995000,2.148000,2.130000,2.112000,2.109000,2.100000,2.086000,2.085000,2.077000,2.065000,2.050000,2.030000,2.020000,2.016000,2.016000,2.015000,2.000000,1.994000,1.984000,1.977000,1.973000,1.973000,1.973000,1.972000,1.968000,1.968000,1.968000,1.968000,1.959000,1.952000,1.952000,1.952000,1.946000,1.936000,0.000000,0.000000,0.000000,
0.000000,0.000000,0.000000,2.214000,2.156000,2.147000,2.135000,2.135000,2.121000,2.101000,2.099000,2.096000,2.078000,2.059000,2.039000,2.031000,2.019000,2.016000,2.016000,2.010000,1.994000,1.984000,1.974000,1.968000,1.968000,1.968000,1.968000,1.968000,1.968000,1.968000,1.968000,1.955000,1.952000,1.952000,1.952000,1.951000,1.949000,0.000000,0.000000,0.000000,
0.000000,0.000000,0.000000,2.211000,2.175000,2.169000,2.156000,2.156000,2.142000,2.136000,2.119000,2.102000,2.101000,2.093000,2.073000,2.054000,2.035000,2.032000,2.016000,2.013000,1.994000,1.984000,1.974000,1.968000,1.968000,1.968000,1.968000,1.968000,1.968000,1.968000,1.968000,1.955000,1.952000,1.952000,1.952000,1.952000,1.952000,0.000000,0.000000,0.000000,
0.000000,0.000000,0.000000,2.388000,2.212000,2.190000,2.169000,2.158000,2.144000,2.139000,2.139000,2.139000,2.135000,2.114000,2.094000,2.074000,2.042000,2.034000,2.032000,2.014000,2.001000,1.993000,1.984000,1.973000,1.969000,1.968000,1.968000,1.968000,1.961000,1.952000,1.952000,1.952000,1.952000,1.952000,1.952000,1.946000,1.936000,0.000000,0.000000,0.000000,
0.000000,0.000000,0.000000,0.000000,2.645000,2.209000,2.190000,2.171000,2.162000,2.158000,2.157000,2.157000,2.153000,2.135000,2.114000,2.094000,2.074000,2.055000,2.036000,2.030000,2.014000,2.003000,1.994000,1.987000,1.984000,1.971000,1.971000,1.968000,1.963000,1.955000,1.955000,1.953000,1.952000,1.952000,1.948000,1.936000,1.936000,0.000000,0.000000,0.000000,
0.000000,0.000000,0.000000,0.000000,0.000000,0.000000,0.000000,2.531000,2.188000,2.166000,2.164000,2.164000,2.162000,2.152000,2.135000,2.114000,2.094000,2.080000,2.061000,2.044000,2.033000,2.022000,2.012000,2.006000,1.991000,1.989000,1.982000,1.972000,1.968000,1.968000,1.968000,1.955000,1.952000,1.952000,1.948000,1.936000,1.936000,0.000000,0.000000,0.000000,
0.000000,0.000000,0.000000,0.000000,0.000000,0.000000,0.000000,0.000000,0.000000,2.336000,2.185000,2.176000,2.171000,2.157000,2.152000,2.135000,2.121000,2.103000,2.092000,2.072000,2.052000,2.041000,2.031000,2.024000,2.010000,2.008000,1.998000,1.987000,1.972000,1.968000,1.968000,1.955000,1.952000,1.952000,1.950000,1.941000,1.936000,0.000000,0.000000,0.000000,
0.000000,0.000000,0.000000,0.000000,0.000000,0.000000,0.000000,0.000000,0.000000,2.507000,2.195000,2.186000,2.174000,2.164000,2.157000,2.152000,2.140000,2.104000,2.101000,2.084000,2.076000,2.066000,2.050000,2.043000,2.028000,2.026000,2.014000,1.995000,1.981000,1.978000,1.971000,1.963000,1.952000,1.952000,1.952000,1.946000,1.936000,0.000000,0.000000,0.000000,
0.000000,0.000000,0.000000,0.000000,0.000000,0.000000,0.000000,0.000000,0.000000,0.000000,0.000000,0.000000,0.000000,2.168000,2.157000,2.157000,2.153000,2.130000,2.126000,2.098000,2.098000,2.089000,2.078000,2.066000,2.048000,2.045000,2.026000,2.007000,1.991000,1.984000,1.981000,1.970000,1.953000,1.952000,1.952000,1.951000,1.948000,0.000000,0.000000,0.000000,
0.000000,0.000000,0.000000,0.000000,0.000000,0.000000,0.000000,0.000000,0.000000,0.000000,0.000000,0.000000,0.000000,0.000000,0.000000,2.873000,2.174000,2.156000,2.153000,2.130000,2.112000,2.094000,2.085000,2.083000,2.067000,2.050000,2.033000,2.026000,2.007000,1.990000,1.984000,1.971000,1.966000,1.952000,1.952000,1.952000,1.952000,0.000000,0.000000,0.000000,
0.000000,0.000000,0.000000,0.000000,0.000000,0.000000,0.000000,0.000000,0.000000,0.000000,0.000000,0.000000,0.000000,0.000000,0.000000,0.000000,2.673000,2.215000,2.175000,2.153000,2.132000,2.112000,2.102000,2.089000,2.085000,2.085000,2.067000,2.058000,2.033000,2.015000,1.990000,1.985000,1.969000,1.967000,1.952000,1.952000,1.952000,0.000000,0.000000,0.000000,
0.000000,0.000000,0.000000,0.000000,0.000000,0.000000,0.000000,0.000000,0.000000,0.000000,0.000000,0.000000,0.000000,0.000000,0.000000,0.000000,0.000000,0.000000,2.530000,2.439000,2.151000,2.139000,2.118000,2.103000,2.102000,2.088000,2.088000,2.082000,2.063000,2.043000,2.024000,2.019000,1.988000,1.972000,1.968000,1.963000,1.954000,0.000000,0.000000,0.000000,
0.000000,0.000000,0.000000,0.000000,0.000000,0.000000,0.000000,0.000000,0.000000,0.000000,0.000000,0.000000,0.000000,0.000000,0.000000,0.000000,0.000000,0.000000,0.000000,0.000000,2.835000,2.501000,2.130000,2.112000,2.103000,2.102000,2.102000,2.099000,2.082000,2.065000,2.048000,2.035000,2.006000,2.002000,1.972000,1.968000,1.968000,0.000000,0.000000,0.000000,
0.000000,0.000000,0.000000,0.000000,0.000000,0.000000,0.000000,0.000000,0.000000,0.000000,0.000000,0.000000,0.000000,0.000000,0.000000,0.000000,0.000000,0.000000,0.000000,0.000000,0.000000,0.000000,2.516000,2.130000,2.112000,2.110000,2.108000,2.102000,2.098000,2.088000,2.073000,2.045000,2.024000,2.021000,1.994000,1.979000,1.975000,0.000000,0.000000,0.000000,
0.000000,0.000000,0.000000,0.000000,0.000000,0.000000,0.000000,0.000000,0.000000,0.000000,0.000000,0.000000,0.000000,0.000000,0.000000,0.000000,0.000000,0.000000,0.000000,0.000000,0.000000,0.000000,0.000000,0.000000,0.000000,0.000000,2.127000,2.109000,2.102000,2.098000,2.082000,2.063000,2.043000,2.032000,2.024000,2.016000,2.011000,0.000000,0.000000,0.000000,
0.000000,0.000000,0.000000,0.000000,0.000000,0.000000,0.000000,0.000000,0.000000,0.000000,0.000000,0.000000,0.000000,0.000000,0.000000,0.000000,0.000000,0.000000,0.000000,0.000000,0.000000,0.000000,0.000000,0.000000,0.000000,0.000000,0.000000,0.000000,2.102000,2.102000,2.098000,2.082000,2.062000,2.056000,2.413000,0.000000,0.000000,0.000000,0.000000,0.000000,
0.000000,0.000000,0.000000,0.000000,0.000000,0.000000,0.000000,0.000000,0.000000,0.000000,0.000000,0.000000,0.000000,0.000000,0.000000,0.000000,0.000000,0.000000,0.000000,0.000000,0.000000,0.000000,0.000000,0.000000,0.000000,0.000000,0.000000,0.000000,0.000000,0.000000,0.000000,0.000000,0.000000,0.000000,0.000000,0.000000,0.000000,0.000000,0.000000,0.000000,
0.000000,0.000000,0.000000,0.000000,0.000000,0.000000,0.000000,0.000000,0.000000,0.000000,0.000000,0.000000,0.000000,0.000000,0.000000,0.000000,0.000000,0.000000,0.000000,0.000000,0.000000,0.000000,0.000000,0.000000,0.000000,0.000000,0.000000,0.000000,0.000000,0.000000,0.000000,0.000000,0.000000,0.000000,0.000000,0.000000,0.000000,0.000000,0.000000,0.000000,
0.000000,0.000000,0.000000,0.000000,0.000000,0.000000,0.000000,0.000000,0.000000,0.000000,0.000000,0.000000,0.000000,0.000000,0.000000,0.000000,0.000000,0.000000,0.000000,0.000000,0.000000,0.000000,0.000000,0.000000,0.000000,0.000000,0.000000,0.000000,0.000000,0.000000,0.000000,0.000000,0.000000,0.000000,0.000000,0.000000,0.000000,0.000000,0.000000,0.000000,
0.000000,0.000000,0.000000,0.000000,0.000000,0.000000,0.000000,0.000000,0.000000,0.000000,0.000000,0.000000,0.000000,0.000000,0.000000,0.000000,0.000000,0.000000,0.000000,0.000000,0.000000,0.000000,0.000000,0.000000,0.000000,0.000000,0.000000,0.000000,0.000000,0.000000,0.000000,0.000000,0.000000,0.000000,0.000000,0.000000,0.000000,0.000000,0.000000,0.000000,
0.000000,0.000000,0.000000,0.000000,0.000000,0.000000,0.000000,0.000000,0.000000,0.000000,0.000000,0.000000,0.000000,0.000000,0.000000,0.000000,0.000000,0.000000,0.000000,0.000000,0.000000,0.000000,0.000000,0.000000,0.000000,0.000000,0.000000,0.000000,0.000000,0.000000,0.000000,0.000000,0.000000,0.000000,0.000000,0.000000,0.000000,0.000000,0.000000,0.000000,
0.000000,0.000000,0.000000,0.000000,0.000000,0.000000,0.000000,0.000000,0.000000,0.000000,0.000000,0.000000,0.000000,0.000000,0.000000,0.000000,0.000000,0.000000,0.000000,0.000000,0.000000,0.000000,0.000000,0.000000,0.000000,0.000000,0.000000,0.000000,0.000000,0.000000,0.000000,0.000000,0.000000,0.000000,0.000000,0.000000,0.000000,0.000000,0.000000,0.000000,
