0.000000,0.000000,0.000000,0.000000,0.000000,0.000000,0.000000,0.000000,0.000000,0.000000,0.000000,0.000000,0.000000,0.000000,0.000000,0.000000,0.000000,0.000000,0.000000,0.000000,0.000000,0.000000,0.000000,0.000000,0.000000,0.000000,0.000000,0.000000,0.000000,0.000000,0.000000,0.000000,0.000000,0.000000,0.000000,0.000000,0.000000,0.000000,0.000000,0.000000,
0.000000,0.000000,0.000000,0.000000,0.000000,0.000000,0.000000,0.000000,0.000000,0.000000,0.000000,0.000000,0.000000,0.000000,0.000000,0.000000,0.000000,0.000000,0.000000,0.000000,0.000000,0.000000,0.000000,0.000000,0.000000,0.000000,0.000000,0.000000,0.000000,0.000000,0.000000,0.000000,0.000000,0.000000,0.000000,0.000000,0.000000,0.000000,0.000000,0.000000,
0.000000,0.000000,0.000000,0.000000,0.000000,0.000000,0.000000,0.000000,0.000000,0.000000,0.000000,0.000000,0.000000,0.000000,0.000000,0.000000,0.000000,0.000000,0.000000,0.000000,0.000000,0.000000,0.000000,0.000000,0.000000,0.000000,0.000000,0.000000,0.000000,0.000000,0.000000,0.000000,0.000000,0.000000,0.000000,0.000000,0.000000,0.000000,0.000000,0.000000,
0.000000,0.000000,0.000000,0.000000,0.000000,0.000000,0.000000,0.000000,0.000000,0.000000,0.000000,0.000000,0.000000,0.000000,0.000000,0.000000,0.000000,0.000000,0.000000,0.000000,0.000000,0.000000,0.000000,0.000000,0.000000,0.000000,0.000000,0.000000,0.000000,0.000000,0.000000,0.000000,0.000000,0.000000,0.000000,0.000000,0.000000,0.000000,0.000000,0.000000,
0.000000,0.000000,0.000000,0.000000,0.000000,0.000000,0.000000,0.000000,0.000000,0.000000,0.000000,0.000000,0.000000,0.000000,0.000000,0.000000,0.000000,0.000000,0.000000,0.000000,0.000000,0.000000,0.000000,0.000000,0.000000,0.000000,0.000000,0.000000,0.000000,0.000000,0.000000,0.000000,0.000000,0.000000,0.000000,0.000000,0.000000,0.000000,0.000000,0.000000,
0.000000,0.000000,0.000000,0.000000,0.000000,0.000000,0.000000,0.000000,0.000000,0.000000,0.000000,0.000000,0.000000,0.000000,0.000000,0.000000,0.000000,0.000000,0.000000,0.000000,0.000000,0.000000,0.000000,0.000000,0.000000,0.000000,0.000000,0.000000,0.000000,0.000000,0.000000,0.000000,0.000000,0.000000,0.000000,0.000000,0.000000,0.000000,0.000000,0.000000,
0.000000,0.000000,0.000000,0.000000,0.000000,0.000000,0.000000,0.000000,0.000000,0.000000,0.000000,0.000000,0.000000,0.000000,0.000000,0.000000,0.000000,0.000000,0.000000,0.000000,0.000000,0.000000,0.000000,0.000000,0.000000,0.000000,0.000000,0.000000,0.000000,0.000000,0.000000,0.000000,0.000000,0.000000,0.000000,0.000000,0.000000,0.000000,0.000000,0.000000,
0.000000,0.000000,0.000000,0.000000,0.000000,0.000000,0.000000,0.000000,0.000000,0.000000,0.000000,0.000000,0.000000,0.000000,0.000000,0.000000,0.000000,2.088000,2.073000,2.074000,2.074000,2.115000,2.147000,2.148000,2.165000,2.168000,2.259000,0.000000,0.000000,0.000000,0.000000,0.000000,0.000000,0.000000,0.000000,0.000000,0.000000,0.000000,0.000000,0.000000,
0.000000,0.000000,0.000000,0.000000,0.000000,0.000000,0.000000,0.000000,0.000000,0.000000,0.000000,0.000000,0.000000,0.000000,2.316000,2.072000,2.074000,2.091000,2.096000,2.107000,2.107000,2.120000,2.129000,2.143000,2.165000,2.168000,2.148000,2.148000,2.734000,0.000000,0.000000,0.000000,0.000000,0.000000,0.000000,0.000000,0.000000,0.000000,0.000000,0.000000,
0.000000,0.000000,0.000000,0.000000,0.000000,0.000000,0.000000,0.000000,0.000000,0.000000,0.000000,0.000000,0.000000,0.000000,2.268000,2.077000,2.078000,2.091000,2.091000,2.091000,2.091000,2.110000,2.127000,2.143000,2.161000,2.163000,2.153000,2.148000,2.719000,0.000000,0.000000,0.000000,0.000000,0.000000,0.000000,0.000000,0.000000,0.000000,0.000000,0.000000,
0.000000,0.000000,0.000000,0.000000,0.000000,0.000000,0.000000,0.000000,0.000000,0.000000,0.000000,0.000000,2.548000,2.102000,2.086000,2.085000,2.085000,2.085000,2.085000,2.085000,2.085000,2.095000,2.112000,2.131000,2.141000,2.148000,2.168000,2.155000,2.536000,0.000000,0.000000,0.000000,0.000000,0.000000,0.000000,0.000000,0.000000,0.000000,0.000000,0.000000,
0.000000,0.000000,0.000000,0.000000,0.000000,0.000000,0.000000,0.000000,0.000000,0.000000,0.000000,2.538000,2.110000,2.079000,2.051000,2.049000,2.049000,2.049000,2.053000,2.064000,2.064000,2.075000,2.083000,2.091000,2.110000,2.131000,2.159000,2.161000,2.168000,2.972000,0.000000,0.000000,0.000000,0.000000,0.000000,0.000000,0.000000,0.000000,0.000000,0.000000,
0.000000,0.000000,0.000000,0.000000,0.000000,0.000000,0.000000,0.000000,0.000000,2.570000,2.000000,2.032000,2.053000,2.045000,2.020000,2.017000,2.017000,2.017000,2.024000,2.044000,2.048000,2.058000,2.062000,2.062000,2.078000,2.090000,2.138000,2.149000,2.158000,2.941000,0.000000,0.000000,0.000000,0.000000,0.000000,0.000000,0.000000,0.000000,0.000000,0.000000,
0.000000,0.000000,0.000000,0.000000,0.000000,0.000000,0.000000,0.000000,2.543000,2.006000,2.000000,2.000000,2.000000,2.005000,2.007000,2.017000,2.017000,2.017000,2.019000,2.024000,2.032000,2.042000,2.049000,2.053000,2.069000,2.072000,2.106000,2.126000,2.139000,2.911000,0.000000,0.000000,0.000000,0.000000,0.000000,0.000000,0.000000,0.000000,0.000000,0.000000,
0.000000,0.000000,0.000000,0.000000,0.000000,0.000000,0.000000,2.491000,2.017000,2.010000,2.000000,2.000000,2.000000,2.000000,2.000000,2.017000,2.017000,2.017000,2.017000,2.017000,2.025000,2.035000,2.047000,2.053000,2.069000,2.072000,2.078000,2.085000,2.109000,2.356000,0.000000,0.000000,0.000000,0.000000,0.000000,0.000000,0.000000,0.000000,0.000000,0.000000,
0.000000,0.000000,0.000000,0.000000,0.000000,2.450000,2.381000,2.044000,2.017000,2.016000,2.014000,2.014000,2.014000,2.003000,2.000000,2.003000,2.003000,2.006000,2.017000,2.017000,2.025000,2.043000,2.052000,2.053000,2.056000,2.057000,2.072000,2.072000,2.081000,2.103000,0.000000,0.000000,0.000000,0.000000,0.000000,0.000000,0.000000,0.000000,0.000000,0.000000,
0.000000,0.000000,0.000000,0.000000,0.000000,2.069000,2.005000,2.008000,2.017000,2.017000,2.017000,2.017000,2.017000,2.003000,2.000000,2.000000,1.984000,1.987000,2.002000,2.007000,2.025000,2.036000,2.037000,2.037000,2.037000,2.037000,2.056000,2.072000,2.072000,2.080000,2.197000,0.000000,0.000000,0.000000,0.000000,0.000000,0.000000,0.000000,0.000000,0.000000,
0.000000,0.000000,0.000000,0.000000,0.000000,1.982000,1.985000,1.996000,1.982000,1.982000,1.992000,2.011000,2.017000,2.003000,2.000000,2.000000,1.982000,1.985000,2.000000,2.006000,2.017000,2.017000,2.017000,2.017000,2.017000,2.034000,2.036000,2.053000,2.057000,2.072000,2.080000,2.098000,0.000000,0.000000,0.000000,0.000000,0.000000,0.000000,0.000000,0.000000,
0.000000,0.000000,0.000000,0.000000,0.000000,1.963000,1.968000,1.995000,1.981000,1.980000,1.990000,1.999000,2.000000,2.000000,1.999000,1.998000,1.982000,1.985000,2.000000,2.006000,2.015000,2.015000,2.015000,2.015000,2.015000,2.017000,2.033000,2.037000,2.056000,2.070000,2.070000,2.070000,0.000000,0.000000,0.000000,0.000000,0.000000,0.000000,0.000000,0.000000,
0.000000,0.000000,0.000000,0.000000,0.000000,1.948000,1.952000,1.979000,1.974000,1.965000,1.972000,1.988000,1.994000,1.994000,1.980000,1.982000,1.982000,1.985000,1.998000,2.000000,2.000000,2.000000,2.000000,2.000000,2.000000,2.013000,2.018000,2.032000,2.038000,2.050000,2.051000,2.053000,2.053000,0.000000,0.000000,0.000000,0.000000,0.000000,0.000000,0.000000,
0.000000,0.000000,0.000000,0.000000,0.000000,1.948000,1.950000,1.965000,1.965000,1.965000,1.965000,1.965000,1.965000,1.965000,1.965000,1.977000,1.978000,1.982000,1.987000,2.000000,2.000000,2.000000,2.000000,2.000000,2.000000,2.000000,2.017000,2.019000,2.035000,2.035000,2.040000,2.048000,2.048000,0.000000,0.000000,0.000000,0.000000,0.000000,0.000000,0.000000,
0.000000,0.000000,0.000000,0.000000,0.000000,1.942000,1.945000,1.963000,1.959000,1.959000,1.959000,1.959000,1.959000,1.964000,1.965000,1.965000,1.966000,1.976000,1.979000,1.987000,1.990000,1.997000,2.000000,2.000000,2.000000,2.000000,2.017000,2.018000,2.030000,2.035000,2.035000,2.035000,2.035000,2.035000,0.000000,0.000000,0.000000,0.000000,0.000000,0.000000,
0.000000,0.000000,0.000000,0.000000,0.000000,1.931000,1.935000,1.955000,1.948000,1.948000,1.948000,1.948000,1.948000,1.962000,1.965000,1.965000,1.972000,1.965000,1.965000,1.965000,1.973000,1.992000,2.000000,2.000000,2.000000,2.000000,2.017000,2.017000,2.019000,2.029000,2.035000,2.035000,2.030000,2.027000,0.000000,0.000000,0.000000,0.000000,0.000000,0.000000,
0.000000,0.000000,0.000000,0.000000,0.000000,1.931000,1.933000,1.948000,1.948000,1.948000,1.948000,1.948000,1.948000,1.962000,1.965000,1.965000,1.981000,1.975000,1.975000,1.975000,1.983000,1.997000,2.000000,2.000000,2.000000,2.000000,2.017000,2.017000,2.017000,2.020000,2.025000,2.030000,2.024000,2.017000,0.000000,0.000000,0.000000,0.000000,0.000000,0.000000,
0.000000,0.000000,0.000000,0.000000,0.000000,1.931000,1.932000,1.934000,1.926000,1.936000,1.948000,1.962000,1.962000,1.964000,1.965000,1.976000,1.982000,1.982000,1.982000,1.982000,1.990000,1.993000,1.988000,1.988000,1.988000,1.999000,2.006000,2.017000,2.017000,2.017000,2.017000,2.026000,2.031000,2.029000,0.000000,0.000000,0.000000,0.000000,0.000000,0.000000,
0.000000,0.000000,0.000000,0.000000,0.000000,1.931000,1.931000,1.927000,1.915000,1.929000,1.948000,1.969000,1.979000,1.967000,1.965000,1.982000,1.982000,1.980000,1.969000,1.974000,1.984000,1.984000,1.982000,1.982000,1.982000,1.999000,2.001000,2.017000,2.017000,2.017000,2.017000,2.026000,2.035000,2.035000,0.000000,0.000000,0.000000,0.000000,0.000000,0.000000,
0.000000,0.000000,0.000000,0.000000,0.000000,1.960000,1.958000,1.941000,1.929000,1.937000,1.948000,1.951000,1.953000,1.951000,1.951000,1.997000,1.996000,1.979000,1.965000,1.971000,1.975000,1.968000,1.977000,1.982000,1.995000,2.000000,2.000000,2.004000,2.017000,2.017000,2.017000,2.026000,2.035000,2.035000,0.000000,0.000000,0.000000,0.000000,0.000000,0.000000,
0.000000,0.000000,0.000000,0.000000,0.000000,0.000000,1.993000,1.960000,1.947000,1.947000,1.948000,1.948000,1.948000,1.935000,1.932000,1.951000,1.998000,1.979000,1.965000,1.971000,1.974000,1.965000,1.976000,1.982000,1.983000,1.999000,2.000000,2.000000,2.001000,2.001000,2.001000,2.010000,2.028000,0.000000,0.000000,0.000000,0.000000,0.000000,0.000000,0.000000,
0.000000,0.000000,0.000000,0.000000,0.000000,0.000000,1.998000,1.982000,1.976000,1.958000,1.939000,1.931000,1.943000,1.935000,1.932000,1.948000,1.998000,1.982000,1.982000,1.982000,1.982000,1.982000,1.982000,1.956000,1.948000,1.948000,1.982000,1.999000,2.000000,2.000000,2.000000,2.000000,2.060000,0.000000,0.000000,0.000000,0.000000,0.000000,0.000000,0.000000,
0.000000,0.000000,0.000000,0.000000,0.000000,0.000000,2.178000,2.131000,1.973000,1.956000,1.940000,1.933000,1.944000,1.948000,1.948000,1.948000,1.992000,1.978000,1.982000,1.982000,1.982000,1.982000,1.982000,1.956000,1.948000,1.948000,1.966000,1.984000,1.998000,2.000000,1.999000,1.998000,0.000000,0.000000,0.000000,0.000000,0.000000,0.000000,0.000000,0.000000,
0.000000,0.000000,0.000000,0.000000,0.000000,0.000000,0.000000,0.000000,1.948000,1.946000,1.944000,1.944000,1.947000,1.951000,1.952000,1.948000,1.948000,1.953000,1.974000,1.974000,1.974000,1.974000,1.974000,1.955000,1.948000,1.948000,1.965000,1.978000,1.981000,1.993000,1.990000,1.982000,2.856000,0.000000,0.000000,0.000000,0.000000,0.000000,0.000000,0.000000,
0.000000,0.000000,0.000000,0.000000,0.000000,0.000000,0.000000,0.000000,1.948000,1.941000,1.931000,1.931000,1.943000,1.962000,1.965000,1.948000,1.948000,1.948000,1.948000,1.948000,1.948000,1.948000,1.948000,1.948000,1.948000,1.948000,1.965000,1.965000,1.965000,1.970000,1.982000,1.982000,1.993000,0.000000,0.000000,0.000000,0.000000,0.000000,0.000000,0.000000,
0.000000,0.000000,0.000000,0.000000,0.000000,0.000000,0.000000,0.000000,0.000000,0.000000,0.000000,0.000000,0.000000,0.000000,0.000000,0.000000,0.000000,0.000000,0.000000,0.000000,0.000000,0.000000,0.000000,0.000000,0.000000,0.000000,0.000000,0.000000,0.000000,0.000000,0.000000,0.000000,0.000000,0.000000,0.000000,0.000000,0.000000,0.000000,0.000000,0.000000,
0.000000,0.000000,0.000000,0.000000,0.000000,0.000000,0.000000,0.000000,0.000000,0.000000,0.000000,0.000000,0.000000,0.000000,0.000000,0.000000,0.000000,0.000000,0.000000,0.000000,0.000000,0.000000,0.000000,0.000000,0.000000,0.000000,0.000000,0.000000,0.000000,0.000000,0.000000,0.000000,0.000000,0.000000,0.000000,0.000000,0.000000,0.000000,0.000000,0.000000,
0.000000,0.000000,0.000000,0.000000,0.000000,0.000000,0.000000,0.000000,0.000000,0.000000,0.000000,0.000000,0.000000,0.000000,0.000000,0.000000,0.000000,0.000000,0.000000,0.000000,0.000000,0.000000,0.000000,0.000000,0.000000,0.000000,0.000000,0.000000,0.000000,0.000000,0.000000,0.000000,0.000000,0.000000,0.000000,0.000000,0.000000,0.000000,0.000000,0.000000,
0.000000,0.000000,0.000000,0.000000,0.000000,0.000000,0.000000,0.000000,0.000000,0.000000,0.000000,0.000000,0.000000,0.000000,0.000000,0.000000,0.000000,0.000000,0.000000,0.000000,0.000000,0.000000,0.000000,0.000000,0.000000,0.000000,0.000000,0.000000,0.000000,0.000000,0.000000,0.000000,0.000000,0.000000,0.000000,0.000000,0.000000,0.000000,0.000000,0.000000,
0.000000,0.000000,0.000000,0.000000,0.000000,0.000000,0.000000,0.000000,0.000000,0.000000,0.000000,0.000000,0.000000,0.000000,0.000000,0.000000,0.000000,0.000000,0.000000,0.000000,0.000000,0.000000,0.000000,0.000000,0.000000,0.000000,0.000000,0.000000,0.000000,0.000000,0.000000,0.000000,0.000000,0.000000,0.000000,0.000000,0.000000,0.000000,0.000000,0.000000,
0.000000,0.000000,0.000000,0.000000,0.000000,0.000000,0.000000,0.000000,0.000000,0.000000,0.000000,0.000000,0.000000,0.000000,0.000000,0.000000,0.000000,0.000000,0.000000,0.000000,0.000000,0.000000,0.000000,0.000000,0.000000,0.000000,0.000000,0.000000,0.000000,0.000000,0.000000,0.000000,0.000000,0.000000,0.000000,0.000000,0.000000,0.000000,0.000000,0.000000,
0.000000,0.000000,0.000000,0.000000,0.000000,0.000000,0.000000,0.000000,0.000000,0.000000,0.000000,0.000000,0.000000,0.000000,0.000000,0.000000,0.000000,0.000000,0.000000,0.000000,0.000000,0.000000,0.000000,0.000000,0.000000,0.000000,0.000000,0.000000,0.000000,0.000000,0.000000,0.000000,0.000000,0.000000,0.000000,0.000000,0.000000,0.000000,0.000000,0.000000,
0.000000,0.000000,0.000000,0.000000,0.000000,0.000000,0.000000,0.000000,0.000000,0.000000,0.000000,0.000000,0.000000,0.000000,0.000000,0.000000,0.000000,0.000000,0.000000,0.000000,0.000000,0.000000,0.000000,0.000000,0.000000,0.000000,0.000000,0.000000,0.000000,0.000000,0.000000,0.000000,0.000000,0.000000,0.000000,0.000000,0.000000,0.000000,0.000000,0.000000,
