40 40
0.000000 0.000000 0.000000 0.000000 0.000000 0.000000 0.000000 0.000000 0.000000 0.000000 0.000000 0.000000 0.000000 0.000000 0.000000 0.000000 0.000000 0.000000 0.000000 0.000000 0.000000 0.000000 0.000000 0.000000 0.000000 0.000000 0.000000 0.000000 0.000000 0.000000 0.000000 0.000000 0.000000 0.000000 0.000000 0.000000 0.000000 0.000000 0.000000 0.000000 
0.000000 0.000000 0.000000 0.000000 0.000000 0.000000 0.000000 0.000000 0.000000 0.000000 0.000000 0.000000 0.000000 0.000000 0.000000 0.000000 0.000000 0.000000 0.000000 0.000000 0.000000 0.000000 0.000000 0.000000 0.000000 0.000000 0.000000 0.000000 0.000000 0.000000 0.000000 0.000000 0.000000 0.000000 0.000000 0.000000 0.000000 0.000000 0.000000 0.000000 
0.000000 0.000000 0.000000 0.000000 0.000000 0.000000 0.000000 0.000000 0.000000 0.000000 0.000000 0.000000 0.000000 0.000000 0.000000 0.000000 0.000000 0.000000 0.000000 0.000000 0.000000 0.000000 0.000000 0.000000 0.000000 0.000000 0.000000 0.000000 0.000000 0.000000 0.000000 0.000000 0.000000 0.000000 0.000000 0.000000 0.000000 0.000000 0.000000 0.000000 
0.000000 0.000000 0.000000 0.000000 0.000000 0.000000 0.000000 0.000000 0.000000 0.000000 0.000000 0.000000 0.000000 0.000000 0.000000 0.000000 0.000000 0.000000 0.000000 0.000000 0.000000 0.000000 0.000000 0.000000 0.000000 0.000000 0.000000 0.000000 0.000000 0.000000 0.000000 0.000000 0.000000 0.000000 0.000000 0.000000 0.000000 0.000000 0.000000 0.000000 
0.000000 0.000000 0.000000 0.000000 0.000000 0.000000 0.000000 0.000000 0.000000 0.000000 0.000000 0.000000 0.000000 0.000000 0.000000 0.000000 0.000000 0.000000 0.000000 0.000000 0.000000 0.000000 0.000000 0.000000 0.000000 0.000000 0.000000 0.000000 0.000000 0.000000 0.000000 0.000000 0.000000 0.000000 0.000000 0.000000 0.000000 0.000000 0.000000 0.000000 
0.000000 0.000000 0.000000 0.000000 0.000000 0.000000 0.000000 0.000000 0.000000 0.000000 0.000000 0.000000 0.000000 0.000000 0.000000 0.000000 0.000000 0.000000 0.000000 0.000000 0.000000 0.000000 0.000000 0.000000 0.000000 0.000000 0.000000 0.000000 0.000000 0.000000 0.000000 0.000000 0.000000 0.000000 0.000000 0.000000 0.000000 0.000000 0.000000 0.000000 
0.000000 0.000000 0.000000 0.000000 0.000000 0.000000 0.000000 0.000000 0.000000 0.000000 0.000000 0.000000 0.000000 0.000000 0.000000 0.000000 0.000000 0.000000 0.000000 0.000000 0.000000 0.000000 0.000000 0.000000 0.000000 0.000000 0.000000 0.000000 0.000000 0.000000 0.000000 0.000000 0.000000 0.000000 0.000000 0.000000 0.000000 0.000000 0.000000 0.000000 
0.000000 0.000000 0.000000 0.000000 0.000000 0.000000 0.000000 0.000000 0.000000 0.000000 0.000000 0.000000 0.000000 0.000000 0.000000 0.000000 0.000000 0.000000 0.000000 0.000000 0.000000 0.000000 0.000000 0.000000 0.000000 0.000000 0.000000 0.000000 0.000000 0.000000 0.000000 0.000000 0.000000 0.000000 0.000000 0.000000 0.000000 0.000000 0.000000 0.000000 
0.000000 0.000000 0.000000 0.000000 0.000000 0.000000 0.000000 0.000000 0.000000 0.000000 0.000000 0.000000 0.000000 0.000000 0.000000 0.000000 0.000000 0.000000 0.000000 0.000000 0.000000 0.000000 0.000000 0.000000 0.000000 0.000000 0.000000 0.000000 0.000000 0.000000 0.000000 0.000000 0.000000 0.000000 0.000000 0.000000 0.000000 0.000000 0.000000 0.000000 
0.000000 0.000000 0.000000 0.000000 0.000000 0.000000 0.000000 0.000000 0.000000 0.000000 0.000000 0.000000 0.000000 0.000000 0.000000 0.000000 0.000000 0.000000 0.000000 0.000000 0.000000 0.000000 0.000000 0.000000 0.000000 0.000000 0.000000 0.000000 0.000000 0.000000 0.000000 0.000000 0.000000 0.000000 0.000000 0.000000 0.000000 0.000000 0.000000 0.000000 
1.628000 1.628000 1.628000 1.628000 1.628000 1.628000 1.643000 1.683000 1.716000 1.716000 1.716000 1.716000 1.716000 1.716000 1.716000 1.716000 1.716000 1.737000 1.779000 1.851000 1.986000 2.094000 2.048000 2.001000 2.000000 2.000000 2.000000 2.000000 2.302000 2.788000 0.000000 0.000000 0.000000 0.000000 0.000000 0.000000 0.000000 0.000000 0.000000 0.000000 
1.645000 1.645000 1.645000 1.645000 1.645000 1.645000 1.657000 1.689000 1.716000 1.716000 1.716000 1.716000 1.716000 1.716000 1.716000 1.716000 1.716000 1.737000 1.779000 1.848000 1.974000 2.076000 2.039000 2.001000 2.000000 2.000000 1.987000 1.970000 2.208000 2.602000 2.869000 2.978000 0.000000 0.000000 0.000000 0.000000 0.000000 0.000000 0.000000 0.000000 
1.685000 1.685000 1.685000 1.685000 1.685000 1.685000 1.690000 1.705000 1.716000 1.716000 1.716000 1.716000 1.716000 1.716000 1.716000 1.716000 1.716000 1.737000 1.779000 1.841000 1.946000 2.033000 2.017000 2.000000 2.000000 2.000000 1.954000 1.897000 1.981000 2.151000 2.412000 2.785000 0.000000 0.000000 0.000000 0.000000 0.000000 0.000000 0.000000 0.000000 
1.716000 1.716000 1.716000 1.716000 1.716000 1.716000 1.716000 1.716000 1.716000 1.716000 1.716000 1.716000 1.716000 1.716000 1.716000 1.719000 1.724000 1.747000 1.789000 1.845000 1.928000 2.000000 2.000000 2.000000 2.000000 2.000000 1.930000 1.841000 1.808000 1.808000 2.036000 2.548000 2.920000 2.920000 2.926000 2.989000 0.000000 0.000000 0.000000 0.000000 
1.716000 1.716000 1.716000 1.716000 1.716000 1.716000 1.716000 1.716000 1.716000 1.716000 1.716000 1.716000 1.716000 1.716000 1.716000 1.732000 1.756000 1.790000 1.832000 1.882000 1.946000 2.000000 2.000000 2.000000 2.000000 2.000000 1.930000 1.841000 1.808000 1.808000 1.918000 2.166000 2.346000 2.346000 2.378000 2.705000 0.000000 0.000000 0.000000 0.000000 
1.716000 1.716000 1.716000 1.716000 1.716000 1.716000 1.716000 1.716000 1.716000 1.716000 1.716000 1.716000 1.716000 1.717000 1.718000 1.746000 1.787000 1.829000 1.873000 1.916000 1.961000 2.000000 2.000000 2.000000 1.999000 1.997000 1.928000 1.841000 1.808000 1.808000 1.808000 1.808000 1.808000 1.808000 1.862000 2.421000 2.980000 0.000000 0.000000 0.000000 
1.716000 1.716000 1.716000 1.716000 1.716000 1.716000 1.716000 1.716000 1.716000 1.716000 1.716000 1.716000 1.716000 1.733000 1.754000 1.775000 1.797000 1.829000 1.873000 1.916000 1.961000 2.000000 2.000000 2.000000 1.979000 1.957000 1.899000 1.833000 1.808000 1.808000 1.808000 1.808000 1.808000 1.808000 1.839000 2.153000 2.468000 2.492000 2.492000 2.492000 
1.716000 1.716000 1.716000 1.716000 1.716000 1.716000 1.716000 1.716000 1.716000 1.716000 1.716000 1.716000 1.716000 1.750000 1.790000 1.805000 1.807000 1.829000 1.873000 1.916000 1.961000 2.000000 2.000000 2.000000 1.959000 1.916000 1.871000 1.825000 1.808000 1.808000 1.808000 1.808000 1.808000 1.808000 1.815000 1.885000 1.955000 1.961000 1.961000 1.961000 
1.738000 1.721000 1.716000 1.716000 1.716000 1.716000 1.716000 1.716000 1.716000 1.716000 1.716000 1.716000 1.716000 1.752000 1.794000 1.820000 1.837000 1.859000 1.885000 1.916000 1.961000 2.000000 2.000000 2.000000 1.956000 1.911000 1.868000 1.824000 1.808000 1.808000 1.816000 1.834000 1.846000 1.846000 1.847000 1.855000 1.863000 1.864000 1.864000 1.877000 
1.763000 1.726000 1.716000 1.716000 1.716000 1.716000 1.716000 1.716000 1.716000 1.716000 1.716000 1.716000 1.716000 1.752000 1.794000 1.833000 1.871000 1.892000 1.898000 1.916000 1.961000 2.000000 2.000000 2.000000 1.956000 1.911000 1.868000 1.824000 1.808000 1.808000 1.825000 1.862000 1.890000 1.890000 1.887000 1.855000 1.823000 1.820000 1.820000 1.848000 
1.846000 1.817000 1.179000 0.000000 0.000000 1.184000 1.716000 1.716000 1.716000 1.716000 1.716000 1.730000 1.744000 1.770000 1.799000 1.837000 1.880000 1.902000 1.902000 1.916000 1.961000 2.000000 2.000000 2.000000 1.971000 1.940000 1.899000 1.856000 1.839000 1.839000 1.852000 1.881000 1.898000 1.884000 1.868000 1.839000 1.810000 1.808000 1.808000 1.830000 
1.951000 1.943000 0.000000 0.000000 0.000000 0.000000 1.716000 1.716000 1.716000 1.716000 1.717000 1.750000 1.783000 1.796000 1.805000 1.837000 1.880000 1.902000 1.902000 1.916000 1.961000 2.000000 2.000000 2.000000 1.991000 1.981000 1.944000 1.899000 1.882000 1.882000 1.886000 1.895000 1.893000 1.859000 1.827000 1.818000 1.809000 1.808000 1.808000 1.815000 
0.000000 0.000000 0.000000 0.000000 0.000000 0.000000 0.000000 0.000000 0.000000 0.000000 0.000000 1.025000 1.701000 1.808000 1.808000 1.837000 1.880000 1.902000 1.902000 1.913000 1.947000 1.976000 1.976000 1.976000 1.976000 1.976000 1.949000 1.915000 1.902000 1.902000 1.902000 1.902000 1.890000 1.847000 1.808000 1.808000 1.808000 1.808000 1.808000 1.808000 
0.000000 0.000000 0.000000 0.000000 0.000000 0.000000 0.000000 0.000000 0.000000 0.000000 0.000000 0.000000 1.516000 1.808000 1.808000 1.837000 1.880000 1.902000 1.902000 1.906000 1.919000 1.931000 1.931000 1.931000 1.931000 1.931000 1.920000 1.907000 1.902000 1.902000 1.902000 1.902000 1.890000 1.847000 1.808000 1.808000 1.808000 1.808000 1.808000 1.808000 
0.000000 0.000000 0.000000 0.000000 0.000000 0.000000 0.000000 0.000000 0.000000 0.000000 0.000000 0.000000 0.000000 1.233000 1.676000 1.848000 1.884000 1.902000 1.902000 1.902000 1.902000 1.902000 1.902000 1.902000 1.902000 1.902000 1.902000 1.902000 1.902000 1.902000 1.902000 1.902000 1.890000 1.847000 1.808000 1.808000 1.808000 1.808000 1.808000 1.813000 
0.000000 0.000000 0.000000 0.000000 0.000000 0.000000 0.000000 0.000000 0.000000 0.000000 0.000000 0.000000 0.000000 0.000000 1.317000 1.878000 1.894000 1.902000 1.902000 1.902000 1.902000 1.902000 1.902000 1.902000 1.902000 1.902000 1.902000 1.902000 1.902000 1.902000 1.902000 1.902000 1.890000 1.847000 1.808000 1.808000 1.808000 1.808000 1.808000 1.828000 
0.000000 0.000000 0.000000 0.000000 0.000000 0.000000 0.000000 0.000000 0.000000 0.000000 0.000000 0.000000 0.000000 0.000000 0.000000 1.398000 1.398000 1.398000 1.398000 1.398000 1.398000 1.398000 1.398000 1.398000 1.398000 1.398000 1.398000 1.398000 1.542000 1.774000 1.902000 1.902000 1.890000 1.847000 1.808000 1.808000 1.808000 1.808000 1.808000 1.840000 
0.000000 0.000000 0.000000 0.000000 0.000000 0.000000 0.000000 0.000000 0.000000 0.000000 0.000000 0.000000 0.000000 0.000000 0.000000 0.000000 0.000000 0.000000 0.000000 0.000000 0.000000 0.000000 0.000000 0.000000 0.000000 0.000000 0.000000 0.000000 0.000000 1.102000 1.902000 1.902000 1.890000 1.847000 1.808000 1.808000 1.808000 1.808000 1.808000 1.840000 
0.000000 0.000000 0.000000 0.000000 0.000000 0.000000 0.000000 0.000000 0.000000 0.000000 0.000000 0.000000 0.000000 0.000000 0.000000 0.000000 0.000000 0.000000 0.000000 0.000000 0.000000 0.000000 0.000000 0.000000 0.000000 0.000000 0.000000 0.000000 0.000000 0.000000 1.902000 1.902000 1.890000 1.847000 1.808000 1.808000 1.808000 1.808000 1.808000 1.840000 
0.000000 0.000000 0.000000 0.000000 0.000000 0.000000 0.000000 0.000000 0.000000 0.000000 0.000000 0.000000 0.000000 0.000000 0.000000 0.000000 0.000000 0.000000 0.000000 0.000000 0.000000 0.000000 0.000000 0.000000 0.000000 0.000000 0.000000 0.000000 0.000000 0.000000 1.902000 1.902000 1.890000 1.847000 1.808000 1.808000 1.808000 1.808000 1.808000 1.840000 
0.000000 0.000000 0.000000 0.000000 0.000000 0.000000 0.000000 0.000000 0.000000 0.000000 0.000000 0.000000 0.000000 0.000000 0.000000 0.000000 0.000000 0.000000 0.000000 0.000000 0.000000 0.000000 0.000000 0.000000 0.000000 0.000000 0.000000 0.000000 0.000000 0.000000 0.000000 0.000000 0.000000 0.000000 0.000000 0.000000 0.000000 0.000000 0.000000 0.000000 
0.000000 0.000000 0.000000 0.000000 0.000000 0.000000 0.000000 0.000000 0.000000 0.000000 0.000000 0.000000 0.000000 0.000000 0.000000 0.000000 0.000000 0.000000 0.000000 0.000000 0.000000 0.000000 0.000000 0.000000 0.000000 0.000000 0.000000 0.000000 0.000000 0.000000 0.000000 0.000000 0.000000 0.000000 0.000000 0.000000 0.000000 0.000000 0.000000 0.000000 
0.000000 0.000000 0.000000 0.000000 0.000000 0.000000 0.000000 0.000000 0.000000 0.000000 0.000000 0.000000 0.000000 0.000000 0.000000 0.000000 0.000000 0.000000 0.000000 0.000000 0.000000 0.000000 0.000000 0.000000 0.000000 0.000000 0.000000 0.000000 0.000000 0.000000 0.000000 0.000000 0.000000 0.000000 0.000000 0.000000 0.000000 0.000000 0.000000 0.000000 
0.000000 0.000000 0.000000 0.000000 0.000000 0.000000 0.000000 0.000000 0.000000 0.000000 0.000000 0.000000 0.000000 0.000000 0.000000 0.000000 0.000000 0.000000 0.000000 0.000000 0.000000 0.000000 0.000000 0.000000 0.000000 0.000000 0.000000 0.000000 0.000000 0.000000 0.000000 0.000000 0.000000 0.000000 0.000000 0.000000 0.000000 0.000000 0.000000 0.000000 
0.000000 0.000000 0.000000 0.000000 0.000000 0.000000 0.000000 0.000000 0.000000 0.000000 0.000000 0.000000 0.000000 0.000000 0.000000 0.000000 0.000000 0.000000 0.000000 0.000000 0.000000 0.000000 0.000000 0.000000 0.000000 0.000000 0.000000 0.000000 0.000000 0.000000 0.000000 0.000000 0.000000 0.000000 0.000000 0.000000 0.000000 0.000000 0.000000 0.000000 
0.000000 0.000000 0.000000 0.000000 0.000000 0.000000 0.000000 0.000000 0.000000 0.000000 0.000000 0.000000 0.000000 0.000000 0.000000 0.000000 0.000000 0.000000 0.000000 0.000000 0.000000 0.000000 0.000000 0.000000 0.000000 0.000000 0.000000 0.000000 0.000000 0.000000 0.000000 0.000000 0.000000 0.000000 0.000000 0.000000 0.000000 0.000000 0.000000 0.000000 
0.000000 0.000000 0.000000 0.000000 0.000000 0.000000 0.000000 0.000000 0.000000 0.000000 0.000000 0.000000 0.000000 0.000000 0.000000 0.000000 0.000000 0.000000 0.000000 0.000000 0.000000 0.000000 0.000000 0.000000 0.000000 0.000000 0.000000 0.000000 0.000000 0.000000 0.000000 0.000000 0.000000 0.000000 0.000000 0.000000 0.000000 0.000000 0.000000 0.000000 
0.000000 0.000000 0.000000 0.000000 0.000000 0.000000 0.000000 0.000000 0.000000 0.000000 0.000000 0.000000 0.000000 0.000000 0.000000 0.000000 0.000000 0.000000 0.000000 0.000000 0.000000 0.000000 0.000000 0.000000 0.000000 0.000000 0.000000 0.000000 0.000000 0.000000 0.000000 0.000000 0.000000 0.000000 0.000000 0.000000 0.000000 0.000000 0.000000 0.000000 
0.000000 0.000000 0.000000 0.000000 0.000000 0.000000 0.000000 0.000000 0.000000 0.000000 0.000000 0.000000 0.000000 0.000000 0.000000 0.000000 0.000000 0.000000 0.000000 0.000000 0.000000 0.000000 0.000000 0.000000 0.000000 0.000000 0.000000 0.000000 0.000000 0.000000 0.000000 0.000000 0.000000 0.000000 0.000000 0.000000 0.000000 0.000000 0.000000 0.000000 
0.000000 0.000000 0.000000 0.000000 0.000000 0.000000 0.000000 0.000000 0.000000 0.000000 0.000000 0.000000 0.000000 0.000000 0.000000 0.000000 0.000000 0.000000 0.000000 0.000000 0.000000 0.000000 0.000000 0.000000 0.000000 0.000000 0.000000 0.000000 0.000000 0.000000 0.000000 0.000000 0.000000 0.000000 0.000000 0.000000 0.000000 0.000000 0.000000 0.000000 
