0.000000,0.000000,0.000000,0.000000,0.000000,0.000000,0.000000,0.000000,0.000000,0.000000,0.000000,0.000000,0.000000,0.000000,0.000000,0.000000,0.000000,0.000000,0.000000,0.000000,0.000000,0.000000,0.000000,0.000000,0.000000,0.000000,0.000000,0.000000,0.000000,0.000000,0.000000,0.000000,0.000000,0.000000,0.000000,0.000000,0.000000,0.000000,0.000000,0.000000,
0.000000,0.000000,0.000000,0.000000,0.000000,0.000000,0.000000,0.000000,0.000000,0.000000,0.000000,0.000000,0.000000,0.000000,0.000000,0.000000,0.000000,0.000000,0.000000,0.000000,2.874000,2.037000,2.033000,0.000000,0.000000,0.000000,0.000000,0.000000,0.000000,0.000000,0.000000,0.000000,0.000000,0.000000,0.000000,0.000000,0.000000,0.000000,0.000000,0.000000,
0.000000,0.000000,0.000000,0.000000,0.000000,0.000000,0.000000,0.000000,0.000000,2.212000,2.207000,2.207000,2.212000,2.207000,2.202000,2.201000,2.201000,2.201000,2.087000,2.074000,2.056000,2.031000,2.028000,2.024000,2.088000,0.000000,0.000000,0.000000,0.000000,0.000000,0.000000,0.000000,0.000000,0.000000,0.000000,0.000000,0.000000,0.000000,0.000000,0.000000,
0.000000,0.000000,0.000000,0.000000,0.000000,0.000000,0.000000,0.000000,2.973000,2.211000,2.207000,2.189000,2.185000,2.115000,2.159000,2.105000,2.000000,2.060000,2.033000,2.019000,2.022000,2.020000,2.027000,2.028000,2.028000,2.028000,0.000000,0.000000,0.000000,0.000000,0.000000,0.000000,0.000000,0.000000,0.000000,0.000000,0.000000,0.000000,0.000000,0.000000,
0.000000,0.000000,0.000000,0.000000,0.000000,0.000000,0.000000,0.000000,2.211000,2.186000,2.146000,2.123000,2.087000,2.062000,2.022000,2.006000,2.008000,2.004000,2.014000,2.016000,2.014000,2.018000,2.021000,2.024000,2.028000,2.031000,0.000000,0.000000,0.000000,0.000000,0.000000,0.000000,0.000000,0.000000,0.000000,0.000000,0.000000,0.000000,0.000000,0.000000,
0.000000,0.000000,0.000000,0.000000,0.000000,0.000000,0.000000,0.000000,2.214000,2.190000,2.157000,2.107000,2.074000,2.044000,2.019000,2.002000,2.001000,2.009000,2.012000,2.013000,2.015000,2.016000,2.020000,2.020000,2.026000,2.029000,0.000000,0.000000,0.000000,0.000000,0.000000,0.000000,0.000000,0.000000,0.000000,0.000000,0.000000,0.000000,0.000000,0.000000,
0.000000,0.000000,0.000000,0.000000,0.000000,0.000000,0.000000,0.000000,2.214000,2.191000,2.161000,2.113000,2.080000,2.056000,2.028000,2.004000,2.004000,2.005000,2.010000,2.012000,2.012000,2.016000,2.019000,2.020000,2.028000,1.342000,1.305000,0.000000,0.000000,0.000000,0.000000,0.000000,0.000000,0.000000,0.000000,0.000000,0.000000,0.000000,0.000000,0.000000,
0.000000,0.000000,0.000000,0.000000,0.000000,0.000000,0.000000,0.000000,2.207000,2.194000,2.167000,2.122000,2.088000,2.059000,2.032000,2.005000,2.004000,2.004000,2.008000,2.008000,2.012000,2.014000,2.016000,2.020000,2.024000,1.250000,0.000000,0.000000,0.000000,0.000000,0.000000,0.000000,0.000000,0.000000,0.000000,0.000000,0.000000,0.000000,0.000000,0.000000,
0.000000,0.000000,0.000000,0.000000,0.000000,0.000000,0.000000,0.000000,0.000000,2.191000,2.168000,2.131000,2.089000,2.062000,2.041000,2.005000,2.000000,2.004000,2.006000,2.008000,2.012000,2.015000,2.016000,2.016000,2.022000,1.797000,0.000000,0.000000,0.000000,0.000000,0.000000,0.000000,0.000000,0.000000,0.000000,0.000000,0.000000,0.000000,0.000000,0.000000,
0.000000,0.000000,0.000000,0.000000,0.000000,0.000000,0.000000,0.000000,0.000000,2.196000,2.172000,2.145000,2.094000,2.066000,2.046000,2.006000,2.000000,2.001000,2.004000,2.008000,2.012000,2.012000,2.016000,2.016000,2.024000,2.030000,0.000000,1.821000,0.000000,0.000000,0.000000,0.000000,0.000000,0.000000,0.000000,0.000000,0.000000,0.000000,0.000000,0.000000,
0.000000,0.000000,0.000000,0.000000,0.000000,0.000000,0.000000,0.000000,1.093000,2.201000,2.185000,2.146000,2.107000,2.066000,2.047000,2.010000,2.000000,2.001000,2.004000,2.008000,2.012000,2.012000,2.015000,2.019000,2.023000,2.027000,2.028000,0.000000,0.000000,0.000000,0.000000,0.000000,0.000000,0.000000,0.000000,0.000000,0.000000,0.000000,0.000000,0.000000,
0.000000,0.000000,0.000000,0.000000,0.000000,0.000000,0.000000,0.000000,0.000000,2.207000,2.189000,2.152000,2.114000,2.076000,2.050000,2.019000,2.002000,2.001000,2.004000,2.008000,2.009000,2.012000,2.015000,2.016000,2.020000,2.027000,2.028000,1.829000,0.000000,0.000000,0.000000,0.000000,0.000000,0.000000,0.000000,0.000000,0.000000,0.000000,0.000000,0.000000,
0.000000,0.000000,0.000000,0.000000,0.000000,0.000000,0.000000,0.000000,2.257000,2.207000,2.192000,2.158000,2.122000,2.092000,2.057000,2.023000,2.000000,2.000000,2.004000,2.004000,2.008000,2.012000,2.015000,2.016000,2.020000,2.024000,2.021000,2.723000,0.000000,0.000000,0.000000,0.000000,0.000000,0.000000,0.000000,0.000000,0.000000,0.000000,0.000000,0.000000,
0.000000,0.000000,0.000000,0.000000,0.000000,0.000000,0.000000,0.000000,2.701000,1.062000,2.200000,2.169000,2.123000,2.098000,2.066000,2.027000,2.004000,2.000000,2.004000,2.004000,2.004000,2.010000,2.012000,2.016000,2.020000,2.020000,2.020000,2.735000,0.000000,0.000000,0.000000,0.000000,0.000000,0.000000,0.000000,0.000000,0.000000,0.000000,0.000000,0.000000,
0.000000,0.000000,0.000000,0.000000,0.000000,0.000000,0.000000,0.000000,0.000000,2.126000,2.202000,2.175000,2.127000,2.100000,2.071000,2.039000,2.008000,1.996000,2.001000,2.004000,2.005000,2.008000,2.011000,2.012000,2.020000,2.020000,2.020000,2.726000,0.000000,0.000000,0.000000,0.000000,0.000000,0.000000,0.000000,0.000000,0.000000,0.000000,0.000000,0.000000,
0.000000,0.000000,0.000000,0.000000,0.000000,0.000000,0.000000,0.000000,0.000000,1.068000,2.206000,2.181000,2.130000,2.106000,2.072000,2.038000,2.008000,2.000000,2.002000,2.004000,2.005000,2.008000,2.008000,2.012000,2.017000,2.020000,2.020000,2.027000,0.000000,0.000000,0.000000,0.000000,0.000000,0.000000,0.000000,0.000000,0.000000,0.000000,0.000000,0.000000,
0.000000,0.000000,0.000000,0.000000,0.000000,0.000000,0.000000,0.000000,0.000000,1.068000,2.209000,2.188000,2.141000,2.117000,2.077000,2.041000,2.012000,2.000000,2.000000,2.000000,2.004000,2.004000,2.008000,2.012000,2.016000,2.016000,2.020000,2.024000,0.000000,0.000000,0.000000,0.000000,0.000000,0.000000,0.000000,0.000000,0.000000,0.000000,0.000000,0.000000,
0.000000,0.000000,0.000000,0.000000,0.000000,0.000000,0.000000,0.000000,0.000000,2.420000,2.207000,2.187000,2.149000,2.121000,2.086000,2.049000,2.021000,2.000000,2.000000,2.000000,2.000000,2.004000,2.011000,2.015000,2.016000,2.016000,2.022000,2.020000,0.000000,0.000000,0.000000,0.000000,0.000000,0.000000,0.000000,0.000000,0.000000,0.000000,0.000000,0.000000,
0.000000,0.000000,0.000000,0.000000,0.000000,0.000000,0.000000,0.000000,0.000000,0.000000,2.216000,2.191000,2.151000,2.121000,2.092000,2.049000,2.027000,2.002000,2.000000,2.000000,2.004000,2.004000,2.011000,2.012000,2.016000,2.016000,2.020000,2.020000,2.159000,0.000000,0.000000,0.000000,0.000000,0.000000,0.000000,0.000000,0.000000,0.000000,0.000000,0.000000,
0.000000,0.000000,0.000000,0.000000,0.000000,0.000000,0.000000,0.000000,0.000000,0.000000,2.212000,2.195000,2.156000,2.126000,2.096000,2.054000,2.033000,2.010000,2.000000,2.000000,2.004000,2.004000,2.011000,2.012000,2.016000,2.016000,2.016000,2.023000,2.020000,0.000000,0.000000,0.000000,0.000000,0.000000,0.000000,0.000000,0.000000,0.000000,0.000000,0.000000,
0.000000,0.000000,0.000000,0.000000,0.000000,0.000000,0.000000,0.000000,0.000000,0.000000,2.714000,2.204000,2.156000,2.128000,2.105000,2.063000,2.034000,2.016000,1.998000,1.996000,2.001000,2.003000,2.008000,2.011000,2.016000,2.016000,2.019000,2.020000,2.020000,0.000000,0.000000,0.000000,0.000000,0.000000,0.000000,0.000000,0.000000,0.000000,0.000000,0.000000,
0.000000,0.000000,0.000000,0.000000,0.000000,0.000000,0.000000,0.000000,0.000000,0.000000,2.667000,2.204000,2.172000,2.134000,2.108000,2.068000,2.039000,2.019000,1.998000,1.996000,1.998000,2.000000,2.005000,2.008000,2.013000,2.016000,2.016000,2.020000,2.020000,1.497000,0.000000,0.000000,0.000000,0.000000,0.000000,0.000000,0.000000,0.000000,0.000000,0.000000,
0.000000,0.000000,0.000000,0.000000,0.000000,0.000000,0.000000,0.000000,0.000000,0.000000,0.000000,2.221000,2.189000,2.142000,2.115000,2.076000,2.045000,2.024000,2.003000,1.999000,1.996000,1.997000,2.000000,2.008000,2.013000,2.016000,2.016000,2.020000,2.020000,1.037000,0.000000,0.000000,0.000000,0.000000,0.000000,0.000000,0.000000,0.000000,0.000000,0.000000,
0.000000,0.000000,0.000000,0.000000,0.000000,0.000000,0.000000,0.000000,0.000000,0.000000,0.000000,2.226000,2.189000,2.153000,2.123000,2.091000,2.050000,2.025000,2.002000,1.996000,1.997000,2.000000,2.003000,2.008000,2.012000,2.015000,2.016000,2.020000,2.022000,2.028000,0.000000,0.000000,0.000000,0.000000,0.000000,0.000000,0.000000,0.000000,0.000000,0.000000,
0.000000,0.000000,0.000000,0.000000,0.000000,0.000000,0.000000,0.000000,0.000000,0.000000,2.509000,1.557000,2.190000,2.162000,2.131000,2.098000,2.052000,2.030000,2.005000,1.996000,1.996000,2.000000,2.000000,2.003000,2.009000,2.015000,2.016000,2.016000,2.020000,2.024000,0.000000,0.000000,0.000000,0.000000,0.000000,0.000000,0.000000,0.000000,0.000000,0.000000,
0.000000,0.000000,0.000000,0.000000,0.000000,0.000000,0.000000,0.000000,0.000000,0.000000,0.000000,1.043000,2.194000,2.166000,2.140000,2.103000,2.062000,2.034000,2.007000,1.996000,1.996000,1.996000,1.997000,2.000000,2.012000,2.012000,2.012000,2.016000,2.018000,1.322000,2.384000,0.000000,0.000000,0.000000,0.000000,0.000000,0.000000,0.000000,0.000000,0.000000,
0.000000,0.000000,0.000000,0.000000,0.000000,0.000000,0.000000,0.000000,0.000000,0.000000,0.000000,0.000000,2.201000,2.172000,2.139000,2.108000,2.067000,2.040000,2.014000,1.997000,1.996000,1.996000,1.999000,2.004000,2.008000,2.011000,2.016000,2.016000,2.020000,2.020000,1.326000,0.000000,0.000000,0.000000,0.000000,0.000000,0.000000,0.000000,0.000000,0.000000,
0.000000,0.000000,0.000000,0.000000,0.000000,0.000000,0.000000,0.000000,0.000000,0.000000,0.000000,1.559000,2.205000,2.178000,2.147000,2.111000,2.073000,2.045000,2.016000,1.993000,1.992000,1.996000,1.999000,2.000000,2.005000,2.011000,2.016000,2.016000,2.016000,2.018000,1.209000,0.000000,0.000000,0.000000,0.000000,0.000000,0.000000,0.000000,0.000000,0.000000,
0.000000,0.000000,0.000000,0.000000,0.000000,0.000000,0.000000,0.000000,0.000000,0.000000,0.000000,1.956000,2.201000,2.183000,2.156000,2.111000,2.079000,2.050000,2.024000,1.993000,1.992000,1.994000,1.996000,1.996000,2.004000,2.007000,2.012000,2.016000,2.016000,2.018000,1.689000,0.000000,0.000000,0.000000,0.000000,0.000000,0.000000,0.000000,0.000000,0.000000,
0.000000,0.000000,0.000000,0.000000,0.000000,0.000000,0.000000,0.000000,0.000000,0.000000,0.000000,0.000000,1.992000,2.188000,2.159000,2.120000,2.094000,2.056000,2.029000,1.996000,1.992000,1.996000,1.996000,2.000000,2.004000,2.004000,2.008000,2.013000,2.016000,2.016000,1.755000,0.000000,0.000000,0.000000,0.000000,0.000000,0.000000,0.000000,0.000000,0.000000,
0.000000,0.000000,0.000000,0.000000,0.000000,0.000000,0.000000,0.000000,0.000000,0.000000,0.000000,0.000000,2.628000,2.190000,2.160000,2.127000,2.086000,2.061000,2.035000,2.001000,1.992000,1.994000,1.996000,1.996000,2.004000,2.007000,2.008000,2.011000,2.012000,2.016000,1.873000,0.000000,0.000000,0.000000,0.000000,0.000000,0.000000,0.000000,0.000000,0.000000,
0.000000,0.000000,0.000000,0.000000,0.000000,0.000000,0.000000,0.000000,0.000000,0.000000,0.000000,0.000000,2.513000,2.201000,2.166000,2.144000,2.090000,2.067000,2.030000,2.003000,1.994000,1.993000,1.996000,1.996000,2.001000,2.004000,2.006000,2.009000,2.012000,2.016000,2.016000,2.287000,0.000000,0.000000,0.000000,0.000000,0.000000,0.000000,0.000000,0.000000,
0.000000,0.000000,0.000000,0.000000,0.000000,0.000000,0.000000,0.000000,0.000000,0.000000,0.000000,0.000000,0.000000,2.201000,2.189000,2.147000,2.102000,2.070000,2.043000,2.008000,1.995000,1.989000,1.992000,1.996000,2.001000,2.001000,2.004000,2.005000,2.012000,2.015000,2.007000,0.000000,0.000000,0.000000,0.000000,0.000000,0.000000,0.000000,0.000000,0.000000,
0.000000,0.000000,0.000000,0.000000,0.000000,0.000000,0.000000,0.000000,0.000000,0.000000,0.000000,0.000000,0.000000,0.000000,2.192000,2.134000,2.109000,2.080000,2.046000,2.013000,1.995000,1.988000,1.988000,1.996000,2.000000,2.000000,2.004000,2.008000,2.008000,2.011000,2.012000,2.012000,0.000000,0.000000,0.000000,0.000000,0.000000,0.000000,0.000000,0.000000,
0.000000,0.000000,0.000000,0.000000,0.000000,0.000000,0.000000,0.000000,2.093000,0.000000,0.000000,0.000000,0.000000,0.000000,2.376000,1.813000,2.109000,2.082000,2.049000,2.015000,1.997000,1.989000,1.988000,1.992000,1.996000,1.999000,2.004000,2.004000,2.004000,2.011000,2.012000,2.015000,0.000000,0.000000,0.000000,0.000000,0.000000,0.000000,0.000000,0.000000,
0.000000,0.000000,0.000000,0.000000,0.000000,0.000000,0.000000,0.000000,0.000000,0.000000,0.000000,0.000000,0.000000,0.000000,0.000000,0.000000,2.109000,2.090000,2.074000,2.018000,1.999000,1.987000,1.985000,1.988000,1.996000,1.999000,2.000000,2.004000,2.006000,2.011000,2.012000,2.012000,0.000000,0.000000,0.000000,0.000000,0.000000,0.000000,0.000000,0.000000,
0.000000,0.000000,0.000000,0.000000,0.000000,0.000000,0.000000,0.000000,0.000000,0.000000,1.678000,0.000000,0.000000,0.000000,0.000000,0.000000,0.000000,0.000000,0.000000,2.021000,1.999000,1.986000,1.984000,1.985000,1.994000,1.996000,2.000000,2.004000,2.004000,2.011000,2.012000,2.008000,0.000000,0.000000,0.000000,0.000000,0.000000,0.000000,0.000000,0.000000,
0.000000,0.000000,0.000000,0.000000,0.000000,0.000000,0.000000,0.000000,0.000000,0.000000,0.000000,0.000000,0.000000,0.000000,0.000000,0.000000,0.000000,0.000000,0.000000,0.000000,2.003000,1.988000,1.984000,1.984000,1.992000,1.995000,2.000000,2.000000,2.002000,2.004000,2.012000,2.008000,0.000000,0.000000,0.000000,0.000000,0.000000,0.000000,0.000000,0.000000,
0.000000,0.000000,0.000000,0.000000,0.000000,0.000000,0.000000,0.000000,0.000000,0.000000,0.000000,0.000000,0.000000,0.000000,0.000000,0.000000,0.000000,0.000000,0.000000,0.000000,0.000000,0.000000,0.000000,0.000000,0.000000,0.000000,0.000000,0.000000,0.000000,0.000000,0.000000,0.000000,0.000000,0.000000,0.000000,0.000000,0.000000,0.000000,0.000000,0.000000,
0.000000,0.000000,0.000000,0.000000,0.000000,0.000000,0.000000,0.000000,0.000000,0.000000,0.000000,0.000000,0.000000,0.000000,0.000000,0.000000,0.000000,0.000000,0.000000,0.000000,0.000000,0.000000,0.000000,0.000000,0.000000,0.000000,0.000000,0.000000,0.000000,0.000000,0.000000,0.000000,0.000000,0.000000,0.000000,0.000000,0.000000,0.000000,0.000000,0.000000,
