40 40
0.000000 0.000000 0.000000 0.000000 0.000000 0.000000 0.000000 0.000000 0.000000 0.000000 0.000000 0.000000 0.000000 0.000000 0.000000 0.000000 0.000000 0.000000 0.000000 0.000000 0.000000 0.000000 0.000000 0.000000 0.000000 0.000000 0.000000 0.000000 0.000000 0.000000 0.000000 0.000000 0.000000 0.000000 0.000000 0.000000 0.000000 0.000000 0.000000 0.000000 
0.000000 0.000000 0.000000 0.000000 0.000000 0.000000 0.000000 0.000000 0.000000 0.000000 0.000000 0.000000 0.000000 0.000000 0.000000 0.000000 0.000000 0.000000 0.000000 0.000000 0.000000 0.000000 0.000000 0.000000 0.000000 0.000000 0.000000 0.000000 0.000000 0.000000 0.000000 0.000000 0.000000 0.000000 0.000000 0.000000 0.000000 0.000000 0.000000 0.000000 
0.000000 0.000000 0.000000 0.000000 0.000000 0.000000 0.000000 0.000000 0.000000 0.000000 0.000000 0.000000 0.000000 0.000000 0.000000 0.000000 0.000000 0.000000 0.000000 0.000000 0.000000 0.000000 0.000000 0.000000 0.000000 0.000000 0.000000 0.000000 0.000000 0.000000 0.000000 0.000000 0.000000 0.000000 0.000000 0.000000 0.000000 0.000000 0.000000 0.000000 
0.000000 0.000000 0.000000 0.000000 0.000000 0.000000 0.000000 0.000000 0.000000 0.000000 0.000000 0.000000 0.000000 0.000000 0.000000 0.000000 0.000000 0.000000 0.000000 0.000000 0.000000 0.000000 0.000000 0.000000 0.000000 0.000000 0.000000 0.000000 0.000000 0.000000 0.000000 0.000000 0.000000 0.000000 0.000000 0.000000 0.000000 0.000000 0.000000 0.000000 
0.000000 0.000000 0.000000 0.000000 0.000000 0.000000 0.000000 0.000000 0.000000 0.000000 0.000000 0.000000 0.000000 0.000000 0.000000 0.000000 0.000000 0.000000 0.000000 0.000000 0.000000 0.000000 0.000000 0.000000 0.000000 0.000000 0.000000 0.000000 0.000000 0.000000 0.000000 0.000000 0.000000 0.000000 0.000000 0.000000 0.000000 0.000000 0.000000 0.000000 
0.000000 0.000000 0.000000 0.000000 0.000000 0.000000 0.000000 0.000000 0.000000 0.000000 0.000000 0.000000 0.000000 0.000000 0.000000 0.000000 0.000000 0.000000 0.000000 0.000000 0.000000 0.000000 0.000000 0.000000 0.000000 0.000000 0.000000 0.000000 0.000000 0.000000 0.000000 0.000000 0.000000 0.000000 0.000000 0.000000 0.000000 0.000000 0.000000 0.000000 
0.000000 0.000000 0.000000 0.000000 0.000000 0.000000 0.000000 0.000000 0.000000 0.000000 0.000000 0.000000 0.000000 0.000000 0.000000 0.000000 1.048000 1.567000 1.567000 1.567000 1.567000 1.567000 1.567000 1.567000 1.567000 1.567000 1.567000 1.533000 1.229000 1.054000 1.054000 1.054000 0.000000 0.000000 0.000000 0.000000 0.000000 0.000000 0.000000 0.000000 
0.000000 0.000000 0.000000 0.000000 0.000000 0.000000 0.000000 0.000000 0.000000 0.000000 0.000000 0.000000 0.000000 0.000000 0.000000 0.000000 1.062000 1.567000 1.567000 1.573000 1.585000 1.586000 1.586000 1.586000 1.586000 1.586000 1.586000 1.552000 1.236000 1.054000 1.054000 1.054000 0.000000 0.000000 0.000000 0.000000 0.000000 0.000000 0.000000 0.000000 
0.000000 0.000000 0.000000 0.000000 0.000000 0.000000 0.000000 0.000000 0.000000 0.000000 0.000000 0.000000 0.000000 0.000000 0.000000 0.000000 1.084000 1.567000 1.567000 1.583000 1.612000 1.616000 1.616000 1.616000 1.616000 1.616000 1.616000 1.579000 1.246000 1.054000 1.054000 1.054000 0.000000 0.000000 0.000000 0.000000 0.000000 0.000000 0.000000 0.000000 
0.000000 0.000000 0.000000 0.000000 0.000000 0.000000 0.000000 0.000000 1.197000 1.197000 1.197000 1.163000 1.140000 1.147000 1.150000 1.150000 1.391000 1.596000 1.596000 1.612000 1.642000 1.631000 1.617000 1.617000 1.625000 1.643000 1.646000 1.609000 1.271000 1.070000 1.057000 1.054000 0.000000 0.000000 0.000000 0.000000 0.000000 0.000000 0.000000 0.000000 
0.000000 0.000000 0.000000 0.000000 0.000000 0.000000 0.000000 0.000000 1.728000 1.725000 1.719000 1.670000 1.634000 1.634000 1.637000 1.643000 1.643000 1.643000 1.643000 1.657000 1.682000 1.660000 1.634000 1.634000 1.646000 1.671000 1.681000 1.647000 1.295000 1.082000 1.060000 1.054000 0.000000 0.000000 0.000000 0.000000 0.000000 0.000000 0.000000 0.000000 
0.000000 0.000000 0.000000 0.000000 0.000000 0.000000 0.000000 0.000000 1.760000 1.744000 1.720000 1.705000 1.695000 1.695000 1.709000 1.734000 1.736000 1.736000 1.736000 1.740000 1.747000 1.721000 1.695000 1.695000 1.698000 1.705000 1.726000 1.705000 1.316000 1.082000 1.060000 1.054000 0.000000 0.000000 0.000000 0.000000 0.000000 0.000000 0.000000 0.000000 
0.000000 0.000000 0.000000 0.000000 0.000000 0.000000 0.000000 0.000000 1.792000 1.771000 1.739000 1.738000 1.741000 1.753000 1.770000 1.790000 1.792000 1.792000 1.792000 1.786000 1.775000 1.755000 1.738000 1.738000 1.744000 1.755000 1.783000 1.783000 1.523000 1.293000 1.104000 1.054000 0.000000 0.000000 0.000000 0.000000 0.000000 0.000000 0.000000 0.000000 
0.000000 0.000000 0.000000 0.000000 0.000000 0.000000 0.000000 0.000000 1.824000 1.803000 1.771000 1.770000 1.779000 1.809000 1.822000 1.824000 1.824000 1.824000 1.824000 1.808000 1.777000 1.772000 1.770000 1.770000 1.785000 1.815000 1.848000 1.875000 1.854000 1.644000 1.176000 1.054000 0.000000 0.000000 0.000000 0.000000 0.000000 0.000000 0.000000 0.000000 
0.000000 0.000000 0.000000 0.000000 0.000000 0.000000 0.000000 0.000000 1.827000 1.817000 1.803000 1.802000 1.812000 1.844000 1.857000 1.857000 1.857000 1.853000 1.835000 1.819000 1.804000 1.802000 1.802000 1.802000 1.818000 1.851000 1.899000 1.946000 1.946000 1.722000 1.193000 1.054000 0.000000 0.000000 0.000000 0.000000 0.000000 0.000000 0.000000 0.000000 
0.000000 0.000000 0.000000 0.000000 0.000000 0.000000 0.000000 0.000000 1.670000 1.734000 1.832000 1.835000 1.844000 1.877000 1.891000 1.891000 1.891000 1.883000 1.850000 1.835000 1.835000 1.835000 1.835000 1.840000 1.856000 1.885000 1.946000 2.008000 2.008000 1.768000 1.202000 1.054000 0.000000 0.000000 0.000000 0.000000 0.000000 0.000000 0.000000 0.000000 
0.000000 0.000000 0.000000 0.000000 0.000000 0.000000 0.000000 0.000000 0.000000 1.323000 1.852000 1.868000 1.877000 1.912000 1.925000 1.925000 1.925000 1.917000 1.883000 1.868000 1.868000 1.868000 1.872000 1.897000 1.914000 1.923000 1.981000 2.044000 2.044000 1.795000 1.208000 1.054000 0.000000 0.000000 0.000000 0.000000 0.000000 0.000000 0.000000 0.000000 
0.000000 0.000000 0.000000 0.000000 0.000000 0.000000 0.000000 0.000000 0.000000 1.149000 1.899000 1.921000 1.927000 1.951000 1.960000 1.960000 1.960000 1.952000 1.917000 1.902000 1.902000 1.911000 1.924000 1.948000 1.960000 1.960000 2.017000 2.080000 2.080000 1.908000 1.503000 1.397000 0.000000 0.000000 0.000000 0.000000 0.000000 0.000000 0.000000 0.000000 
0.000000 0.000000 0.000000 0.000000 0.000000 0.000000 0.000000 0.000000 0.000000 1.176000 1.967000 1.990000 1.991000 1.994000 1.995000 1.995000 1.995000 1.987000 1.952000 1.936000 1.936000 1.963000 1.990000 1.993000 1.995000 1.995000 2.053000 2.118000 2.118000 2.096000 2.044000 2.031000 0.000000 0.000000 0.000000 0.000000 0.000000 0.000000 0.000000 0.000000 
0.000000 0.000000 0.000000 0.000000 0.000000 0.000000 0.000000 0.000000 0.000000 0.000000 1.307000 1.729000 2.030000 2.030000 2.030000 2.030000 2.030000 2.022000 1.987000 1.971000 1.971000 2.001000 2.030000 2.030000 2.040000 2.058000 2.106000 2.155000 2.155000 2.155000 2.155000 2.155000 0.000000 0.000000 0.000000 0.000000 0.000000 0.000000 0.000000 0.000000 
0.000000 0.000000 0.000000 0.000000 0.000000 0.000000 0.000000 0.000000 0.000000 0.000000 0.000000 1.384000 1.943000 2.027000 2.062000 2.066000 2.066000 2.059000 2.027000 2.012000 2.012000 2.040000 2.066000 2.066000 2.083000 2.116000 2.156000 2.192000 2.188000 2.186000 2.186000 2.186000 0.000000 0.000000 0.000000 0.000000 0.000000 0.000000 0.000000 0.000000 
0.000000 0.000000 0.000000 0.000000 0.000000 0.000000 0.000000 0.000000 0.000000 0.000000 0.000000 0.000000 1.251000 1.828000 2.076000 2.101000 2.104000 2.101000 2.090000 2.085000 2.085000 2.095000 2.104000 2.104000 2.109000 2.121000 2.174000 2.229000 2.202000 2.186000 2.186000 2.186000 0.000000 0.000000 0.000000 0.000000 0.000000 0.000000 0.000000 0.000000 
0.000000 0.000000 0.000000 0.000000 0.000000 0.000000 0.000000 0.000000 0.000000 0.000000 0.000000 0.000000 0.000000 1.726000 2.082000 2.120000 2.133000 2.141000 2.141000 2.141000 2.141000 2.141000 2.141000 2.141000 2.141000 2.141000 2.193000 2.248000 2.209000 2.186000 2.186000 2.186000 0.000000 0.000000 0.000000 0.000000 0.000000 0.000000 0.000000 0.000000 
0.000000 0.000000 0.000000 0.000000 0.000000 0.000000 0.000000 0.000000 0.000000 0.000000 0.000000 0.000000 0.000000 1.726000 2.082000 2.120000 2.153000 2.178000 2.178000 2.178000 2.178000 2.178000 2.178000 2.178000 2.178000 2.178000 2.213000 2.248000 2.209000 2.186000 2.186000 2.186000 0.000000 0.000000 0.000000 0.000000 0.000000 0.000000 0.000000 0.000000 
0.000000 0.000000 0.000000 0.000000 0.000000 0.000000 0.000000 0.000000 0.000000 0.000000 0.000000 0.000000 0.000000 1.775000 2.131000 2.151000 2.171000 2.186000 2.186000 2.196000 2.214000 2.217000 2.217000 2.217000 2.217000 2.217000 2.219000 2.219000 2.198000 2.186000 2.186000 2.186000 0.000000 0.000000 0.000000 0.000000 0.000000 0.000000 0.000000 0.000000 
0.000000 0.000000 0.000000 0.000000 0.000000 0.000000 0.000000 0.000000 0.000000 0.000000 0.000000 0.000000 0.000000 1.751000 2.084000 2.084000 2.142000 2.190000 2.190000 2.212000 2.251000 2.256000 2.256000 2.253000 2.252000 2.252000 2.221000 2.186000 2.186000 2.186000 2.186000 2.186000 0.000000 0.000000 0.000000 0.000000 0.000000 0.000000 0.000000 0.000000 
0.000000 0.000000 0.000000 0.000000 0.000000 0.000000 0.000000 0.000000 0.000000 0.000000 0.000000 0.000000 0.000000 1.042000 1.159000 1.159000 1.739000 2.229000 2.229000 2.251000 2.291000 2.297000 2.292000 2.266000 2.252000 2.252000 2.221000 2.186000 2.186000 2.186000 2.186000 2.186000 0.000000 0.000000 0.000000 0.000000 0.000000 0.000000 0.000000 0.000000 
0.000000 0.000000 0.000000 0.000000 0.000000 0.000000 0.000000 0.000000 0.000000 0.000000 0.000000 0.000000 0.000000 0.000000 0.000000 0.000000 1.525000 2.286000 2.286000 2.303000 2.333000 2.329000 2.313000 2.273000 2.252000 2.252000 2.229000 2.202000 2.192000 2.186000 2.186000 2.186000 0.000000 0.000000 0.000000 0.000000 0.000000 0.000000 0.000000 0.000000 
0.000000 0.000000 0.000000 0.000000 0.000000 0.000000 0.000000 0.000000 0.000000 0.000000 0.000000 0.000000 0.000000 0.000000 0.000000 0.000000 1.569000 2.368000 2.368000 2.371000 2.377000 2.349000 2.313000 2.273000 2.252000 2.252000 2.247000 2.238000 2.205000 2.186000 2.186000 2.186000 0.000000 0.000000 0.000000 0.000000 0.000000 0.000000 0.000000 0.000000 
0.000000 0.000000 0.000000 0.000000 0.000000 0.000000 0.000000 0.000000 0.000000 0.000000 0.000000 0.000000 0.000000 0.000000 0.000000 0.000000 1.604000 2.416000 2.398000 2.389000 2.389000 2.354000 2.316000 2.294000 2.282000 2.282000 2.296000 2.310000 2.288000 2.275000 2.275000 2.275000 0.000000 0.000000 0.000000 0.000000 0.000000 0.000000 0.000000 0.000000 
0.000000 0.000000 0.000000 0.000000 0.000000 0.000000 0.000000 0.000000 0.000000 0.000000 0.000000 0.000000 0.000000 0.000000 0.000000 0.000000 1.633000 2.452000 2.410000 2.391000 2.391000 2.358000 2.327000 2.327000 2.327000 2.327000 2.358000 2.393000 2.393000 2.354000 2.261000 2.237000 0.000000 0.000000 0.000000 0.000000 0.000000 0.000000 0.000000 0.000000 
0.000000 0.000000 0.000000 0.000000 0.000000 0.000000 0.000000 0.000000 0.000000 0.000000 0.000000 0.000000 0.000000 0.000000 0.000000 0.000000 1.633000 2.457000 2.441000 2.434000 2.434000 2.444000 2.454000 2.454000 2.454000 2.454000 2.466000 2.479000 2.479000 1.685000 0.000000 0.000000 0.000000 0.000000 0.000000 0.000000 0.000000 0.000000 0.000000 0.000000 
0.000000 0.000000 0.000000 0.000000 0.000000 0.000000 0.000000 0.000000 0.000000 0.000000 0.000000 0.000000 0.000000 0.000000 0.000000 0.000000 1.633000 2.461000 2.461000 2.461000 2.461000 2.498000 2.534000 2.534000 2.534000 2.534000 2.534000 2.534000 2.534000 1.262000 0.000000 0.000000 0.000000 0.000000 0.000000 0.000000 0.000000 0.000000 0.000000 0.000000 
0.000000 0.000000 0.000000 0.000000 0.000000 0.000000 0.000000 0.000000 0.000000 0.000000 0.000000 0.000000 0.000000 0.000000 0.000000 0.000000 0.000000 0.000000 0.000000 0.000000 0.000000 0.000000 0.000000 0.000000 0.000000 0.000000 0.000000 0.000000 0.000000 0.000000 0.000000 0.000000 0.000000 0.000000 0.000000 0.000000 0.000000 0.000000 0.000000 0.000000 
0.000000 0.000000 0.000000 0.000000 0.000000 0.000000 0.000000 0.000000 0.000000 0.000000 0.000000 0.000000 0.000000 0.000000 0.000000 0.000000 0.000000 0.000000 0.000000 0.000000 0.000000 0.000000 0.000000 0.000000 0.000000 0.000000 0.000000 0.000000 0.000000 0.000000 0.000000 0.000000 0.000000 0.000000 0.000000 0.000000 0.000000 0.000000 0.000000 0.000000 
0.000000 0.000000 0.000000 0.000000 0.000000 0.000000 0.000000 0.000000 0.000000 0.000000 0.000000 0.000000 0.000000 0.000000 0.000000 0.000000 0.000000 0.000000 0.000000 0.000000 0.000000 0.000000 0.000000 0.000000 0.000000 0.000000 0.000000 0.000000 0.000000 0.000000 0.000000 0.000000 0.000000 0.000000 0.000000 0.000000 0.000000 0.000000 0.000000 0.000000 
0.000000 0.000000 0.000000 0.000000 0.000000 0.000000 0.000000 0.000000 0.000000 0.000000 0.000000 0.000000 0.000000 0.000000 0.000000 0.000000 0.000000 0.000000 0.000000 0.000000 0.000000 0.000000 0.000000 0.000000 0.000000 0.000000 0.000000 0.000000 0.000000 0.000000 0.000000 0.000000 0.000000 0.000000 0.000000 0.000000 0.000000 0.000000 0.000000 0.000000 
0.000000 0.000000 0.000000 0.000000 0.000000 0.000000 0.000000 0.000000 0.000000 0.000000 0.000000 0.000000 0.000000 0.000000 0.000000 0.000000 0.000000 0.000000 0.000000 0.000000 0.000000 0.000000 0.000000 0.000000 0.000000 0.000000 0.000000 0.000000 0.000000 0.000000 0.000000 0.000000 0.000000 0.000000 0.000000 0.000000 0.000000 0.000000 0.000000 0.000000 
0.000000 0.000000 0.000000 0.000000 0.000000 0.000000 0.000000 0.000000 0.000000 0.000000 0.000000 0.000000 0.000000 0.000000 0.000000 0.000000 0.000000 0.000000 0.000000 0.000000 0.000000 0.000000 0.000000 0.000000 0.000000 0.000000 0.000000 0.000000 0.000000 0.000000 0.000000 0.000000 0.000000 0.000000 0.000000 0.000000 0.000000 0.000000 0.000000 0.000000 
0.000000 0.000000 0.000000 0.000000 0.000000 0.000000 0.000000 0.000000 0.000000 0.000000 0.000000 0.000000 0.000000 0.000000 0.000000 0.000000 0.000000 0.000000 0.000000 0.000000 0.000000 0.000000 0.000000 0.000000 0.000000 0.000000 0.000000 0.000000 0.000000 0.000000 0.000000 0.000000 0.000000 0.000000 0.000000 0.000000 0.000000 0.000000 0.000000 0.000000 
