40 40
0.000000 0.000000 0.000000 0.000000 0.000000 0.000000 0.000000 0.000000 0.000000 0.000000 0.000000 0.000000 0.000000 0.000000 0.000000 0.000000 0.000000 0.000000 0.000000 0.000000 0.000000 0.000000 0.000000 0.000000 0.000000 0.000000 0.000000 0.000000 0.000000 0.000000 0.000000 0.000000 0.000000 0.000000 0.000000 0.000000 0.000000 0.000000 0.000000 0.000000 
0.000000 0.000000 0.000000 0.000000 0.000000 0.000000 0.000000 0.000000 0.000000 0.000000 0.000000 0.000000 0.000000 0.000000 0.000000 0.000000 0.000000 0.000000 0.000000 0.000000 0.000000 0.000000 0.000000 0.000000 0.000000 0.000000 0.000000 0.000000 0.000000 0.000000 0.000000 0.000000 0.000000 0.000000 0.000000 0.000000 0.000000 0.000000 0.000000 0.000000 
0.000000 0.000000 0.000000 0.000000 0.000000 0.000000 0.000000 0.000000 0.000000 0.000000 0.000000 0.000000 0.000000 0.000000 0.000000 0.000000 0.000000 0.000000 0.000000 0.000000 0.000000 0.000000 0.000000 0.000000 0.000000 0.000000 0.000000 0.000000 0.000000 0.000000 0.000000 0.000000 0.000000 0.000000 0.000000 0.000000 0.000000 0.000000 0.000000 0.000000 
0.000000 0.000000 0.000000 0.000000 0.000000 0.000000 0.000000 0.000000 0.000000 0.000000 0.000000 0.000000 0.000000 0.000000 0.000000 0.000000 0.000000 0.000000 0.000000 0.000000 0.000000 0.000000 0.000000 0.000000 0.000000 0.000000 0.000000 0.000000 0.000000 0.000000 0.000000 0.000000 0.000000 0.000000 0.000000 0.000000 0.000000 0.000000 0.000000 0.000000 
0.000000 0.000000 0.000000 0.000000 0.000000 0.000000 0.000000 0.000000 0.000000 0.000000 0.000000 0.000000 0.000000 0.000000 0.000000 0.000000 0.000000 0.000000 0.000000 0.000000 0.000000 0.000000 0.000000 0.000000 0.000000 0.000000 0.000000 0.000000 0.000000 0.000000 0.000000 0.000000 0.000000 0.000000 0.000000 0.000000 0.000000 0.000000 0.000000 0.000000 
0.000000 0.000000 0.000000 0.000000 0.000000 0.000000 0.000000 0.000000 0.000000 0.000000 0.000000 0.000000 0.000000 0.000000 0.000000 0.000000 0.000000 0.000000 0.000000 0.000000 0.000000 0.000000 0.000000 0.000000 0.000000 0.000000 0.000000 0.000000 0.000000 0.000000 0.000000 0.000000 0.000000 0.000000 0.000000 0.000000 0.000000 0.000000 0.000000 0.000000 
0.000000 0.000000 0.000000 0.000000 0.000000 0.000000 0.000000 0.000000 0.000000 0.000000 0.000000 0.000000 0.000000 0.000000 0.000000 0.000000 0.000000 0.000000 0.000000 0.000000 0.000000 0.000000 0.000000 0.000000 0.000000 0.000000 0.000000 0.000000 0.000000 0.000000 0.000000 0.000000 0.000000 0.000000 0.000000 0.000000 0.000000 0.000000 0.000000 0.000000 
0.000000 0.000000 0.000000 0.000000 0.000000 0.000000 0.000000 0.000000 0.000000 0.000000 0.000000 0.000000 0.000000 0.000000 0.000000 0.000000 0.000000 0.000000 0.000000 0.000000 0.000000 0.000000 0.000000 0.000000 0.000000 0.000000 0.000000 0.000000 0.000000 0.000000 0.000000 0.000000 0.000000 0.000000 0.000000 0.000000 0.000000 0.000000 0.000000 0.000000 
0.000000 0.000000 0.000000 0.000000 0.000000 0.000000 0.000000 0.000000 0.000000 0.000000 0.000000 0.000000 0.000000 0.000000 0.000000 0.000000 0.000000 0.000000 0.000000 0.000000 0.000000 0.000000 0.000000 0.000000 0.000000 0.000000 0.000000 0.000000 0.000000 0.000000 0.000000 0.000000 0.000000 0.000000 0.000000 0.000000 0.000000 0.000000 0.000000 0.000000 
0.000000 0.000000 0.000000 0.000000 1.608000 1.608000 1.612000 1.660000 1.709000 1.733000 1.733000 1.733000 1.733000 1.733000 1.752000 1.803000 1.854000 1.864000 1.864000 1.864000 1.864000 1.864000 1.899000 1.952000 2.000000 2.000000 2.000000 2.000000 2.000000 2.000000 2.000000 2.000000 2.000000 2.000000 2.000000 1.956000 1.903000 1.864000 1.864000 1.864000 
0.000000 0.000000 0.000000 0.000000 1.608000 1.608000 1.612000 1.660000 1.709000 1.733000 1.733000 1.733000 1.733000 1.733000 1.752000 1.803000 1.854000 1.864000 1.864000 1.864000 1.864000 1.864000 1.899000 1.952000 2.000000 2.000000 2.000000 2.000000 2.000000 2.000000 1.996000 1.991000 1.989000 1.989000 1.989000 1.949000 1.900000 1.864000 1.864000 1.864000 
0.000000 0.000000 0.000000 0.000000 1.608000 1.608000 1.612000 1.660000 1.709000 1.733000 1.733000 1.733000 1.733000 1.733000 1.752000 1.803000 1.854000 1.864000 1.864000 1.864000 1.864000 1.864000 1.899000 1.952000 2.000000 2.000000 2.000000 2.000000 2.000000 2.000000 1.976000 1.951000 1.936000 1.936000 1.936000 1.913000 1.885000 1.864000 1.864000 1.864000 
0.000000 0.000000 0.000000 0.000000 1.608000 1.608000 1.612000 1.660000 1.709000 1.733000 1.733000 1.733000 1.733000 1.733000 1.752000 1.803000 1.854000 1.864000 1.864000 1.864000 1.864000 1.864000 1.899000 1.952000 2.000000 2.000000 2.000000 2.000000 2.000000 2.000000 1.956000 1.910000 1.883000 1.883000 1.883000 1.877000 1.869000 1.864000 1.864000 1.864000 
0.000000 0.000000 0.000000 0.000000 1.639000 1.639000 1.642000 1.679000 1.715000 1.733000 1.733000 1.733000 1.733000 1.733000 1.752000 1.803000 1.854000 1.864000 1.864000 1.864000 1.864000 1.864000 1.899000 1.952000 1.999000 1.985000 1.972000 1.966000 1.966000 1.966000 1.928000 1.888000 1.864000 1.864000 1.864000 1.864000 1.864000 1.871000 1.898000 1.925000 
0.000000 0.000000 0.000000 0.000000 1.688000 1.688000 1.690000 1.707000 1.724000 1.733000 1.733000 1.733000 1.733000 1.733000 1.752000 1.803000 1.854000 1.864000 1.864000 1.864000 1.864000 1.864000 1.899000 1.952000 1.997000 1.963000 1.929000 1.913000 1.913000 1.913000 1.895000 1.876000 1.864000 1.864000 1.864000 1.864000 1.864000 1.882000 1.951000 2.020000 
0.000000 0.000000 0.000000 0.000000 1.737000 1.737000 1.737000 1.735000 1.734000 1.733000 1.733000 1.733000 1.733000 1.733000 1.752000 1.803000 1.854000 1.864000 1.864000 1.864000 1.866000 1.868000 1.902000 1.954000 1.995000 1.942000 1.889000 1.864000 1.864000 1.864000 1.864000 1.864000 1.864000 1.864000 1.864000 1.865000 1.867000 1.896000 2.004000 2.112000 
0.000000 0.000000 0.000000 1.260000 1.788000 1.788000 1.786000 1.765000 1.743000 1.733000 1.733000 1.733000 1.733000 1.733000 1.752000 1.803000 1.854000 1.864000 1.864000 1.869000 1.891000 1.914000 1.942000 1.972000 1.995000 1.942000 1.889000 1.864000 1.864000 1.864000 1.864000 1.864000 1.864000 1.864000 1.864000 1.882000 1.905000 1.949000 2.059000 2.169000 
0.000000 0.000000 1.173000 1.665000 1.839000 1.839000 1.836000 1.794000 1.753000 1.733000 1.733000 1.733000 1.733000 1.733000 1.752000 1.803000 1.854000 1.864000 1.864000 1.874000 1.917000 1.960000 1.981000 1.991000 1.995000 1.942000 1.889000 1.864000 1.864000 1.864000 1.864000 1.864000 1.864000 1.864000 1.864000 1.899000 1.942000 2.003000 2.114000 2.226000 
1.864000 1.864000 1.864000 1.864000 1.864000 1.864000 1.861000 1.820000 1.779000 1.754000 1.744000 1.734000 1.733000 1.733000 1.752000 1.803000 1.854000 1.864000 1.864000 1.876000 1.929000 1.982000 2.000000 2.000000 1.995000 1.942000 1.889000 1.864000 1.864000 1.864000 1.864000 1.864000 1.868000 1.879000 1.889000 1.926000 1.968000 2.026000 2.127000 2.228000 
1.864000 1.864000 1.864000 1.864000 1.864000 1.864000 1.862000 1.841000 1.820000 1.795000 1.765000 1.735000 1.733000 1.733000 1.752000 1.803000 1.854000 1.864000 1.864000 1.876000 1.929000 1.982000 2.000000 2.000000 1.995000 1.942000 1.889000 1.864000 1.864000 1.864000 1.864000 1.864000 1.876000 1.907000 1.938000 1.962000 1.984000 2.020000 2.099000 2.177000 
1.864000 1.864000 1.864000 1.864000 1.864000 1.864000 1.864000 1.863000 1.862000 1.836000 1.786000 1.736000 1.733000 1.733000 1.752000 1.803000 1.854000 1.864000 1.864000 1.876000 1.929000 1.982000 2.000000 2.000000 1.995000 1.942000 1.889000 1.864000 1.864000 1.864000 1.864000 1.864000 1.884000 1.936000 1.988000 1.998000 1.999000 2.014000 2.071000 2.127000 
1.864000 1.864000 1.864000 1.864000 1.864000 1.864000 1.864000 1.864000 1.864000 1.838000 1.787000 1.736000 1.733000 1.733000 1.752000 1.803000 1.854000 1.864000 1.864000 1.876000 1.929000 1.982000 2.000000 2.000000 1.997000 1.963000 1.930000 1.904000 1.884000 1.865000 1.864000 1.864000 1.885000 1.938000 1.991000 2.000000 2.000000 2.009000 2.044000 2.078000 
1.864000 1.864000 1.864000 1.864000 1.864000 1.864000 1.864000 1.864000 1.864000 1.838000 1.787000 1.736000 1.733000 1.733000 1.752000 1.803000 1.854000 1.864000 1.864000 1.876000 1.929000 1.982000 2.000000 2.000000 1.999000 1.986000 1.973000 1.946000 1.906000 1.866000 1.864000 1.864000 1.885000 1.938000 1.991000 2.000000 2.000000 2.003000 2.017000 2.030000 
1.864000 1.864000 1.864000 1.864000 1.864000 1.864000 1.864000 1.864000 1.864000 1.838000 1.787000 1.736000 1.733000 1.733000 1.752000 1.803000 1.854000 1.864000 1.864000 1.876000 1.929000 1.982000 2.000000 2.000000 2.000000 2.000000 2.000000 1.976000 1.931000 1.885000 1.884000 1.884000 1.898000 1.936000 1.974000 1.980000 1.980000 1.980000 1.980000 1.980000 
1.864000 1.864000 1.864000 1.864000 1.864000 1.864000 1.864000 1.864000 1.864000 1.838000 1.787000 1.736000 1.733000 1.733000 1.752000 1.803000 1.854000 1.864000 1.864000 1.876000 1.929000 1.982000 2.000000 2.000000 2.000000 2.000000 2.000000 1.987000 1.962000 1.938000 1.937000 1.937000 1.935000 1.932000 1.928000 1.927000 1.927000 1.927000 1.927000 1.927000 
1.864000 1.864000 1.864000 1.864000 1.864000 1.864000 1.864000 1.864000 1.864000 1.838000 1.787000 1.736000 1.733000 1.733000 1.752000 1.803000 1.854000 1.864000 1.864000 1.876000 1.929000 1.982000 2.000000 2.000000 2.000000 2.000000 2.000000 1.998000 1.994000 1.990000 1.990000 1.990000 1.972000 1.927000 1.882000 1.874000 1.874000 1.874000 1.874000 1.874000 
1.907000 1.903000 1.886000 1.870000 1.864000 1.864000 1.864000 1.864000 1.864000 1.838000 1.787000 1.736000 1.733000 1.733000 1.758000 1.826000 1.893000 1.907000 1.907000 1.915000 1.952000 1.988000 2.000000 2.000000 2.000000 2.000000 2.000000 2.000000 2.000000 2.000000 2.000000 2.000000 1.979000 1.926000 1.873000 1.864000 1.864000 1.864000 1.864000 1.864000 
1.960000 1.951000 1.914000 1.877000 1.864000 1.864000 1.864000 1.864000 1.864000 1.838000 1.787000 1.736000 1.733000 1.733000 1.766000 1.854000 1.942000 1.960000 1.960000 1.963000 1.979000 1.995000 2.000000 2.000000 2.000000 2.000000 2.000000 2.000000 2.000000 2.000000 2.000000 2.000000 1.979000 1.926000 1.873000 1.864000 1.864000 1.864000 1.864000 1.864000 
2.000000 1.989000 1.936000 1.883000 1.864000 1.864000 1.864000 1.864000 1.864000 1.838000 1.787000 1.736000 1.733000 1.733000 1.772000 1.876000 1.980000 2.000000 2.000000 2.000000 2.000000 2.000000 2.000000 2.000000 2.000000 2.000000 2.000000 2.000000 2.000000 2.000000 2.000000 2.000000 1.979000 1.926000 1.873000 1.864000 1.864000 1.864000 1.864000 1.864000 
2.000000 1.989000 1.936000 1.883000 1.864000 1.864000 1.864000 1.864000 1.864000 1.838000 1.787000 1.736000 1.733000 1.733000 1.772000 1.876000 1.980000 2.000000 2.000000 2.000000 2.000000 2.000000 2.000000 2.000000 2.000000 2.000000 2.000000 2.000000 2.000000 2.000000 2.000000 2.000000 1.979000 1.926000 1.873000 1.864000 1.864000 1.864000 1.864000 1.864000 
0.000000 0.000000 0.000000 0.000000 0.000000 0.000000 0.000000 0.000000 0.000000 0.000000 0.000000 0.000000 0.000000 0.000000 0.000000 0.000000 0.000000 0.000000 0.000000 0.000000 0.000000 0.000000 0.000000 0.000000 0.000000 0.000000 0.000000 0.000000 0.000000 0.000000 0.000000 0.000000 0.000000 0.000000 0.000000 0.000000 0.000000 0.000000 0.000000 0.000000 
0.000000 0.000000 0.000000 0.000000 0.000000 0.000000 0.000000 0.000000 0.000000 0.000000 0.000000 0.000000 0.000000 0.000000 0.000000 0.000000 0.000000 0.000000 0.000000 0.000000 0.000000 0.000000 0.000000 0.000000 0.000000 0.000000 0.000000 0.000000 0.000000 0.000000 0.000000 0.000000 0.000000 0.000000 0.000000 0.000000 0.000000 0.000000 0.000000 0.000000 
0.000000 0.000000 0.000000 0.000000 0.000000 0.000000 0.000000 0.000000 0.000000 0.000000 0.000000 0.000000 0.000000 0.000000 0.000000 0.000000 0.000000 0.000000 0.000000 0.000000 0.000000 0.000000 0.000000 0.000000 0.000000 0.000000 0.000000 0.000000 0.000000 0.000000 0.000000 0.000000 0.000000 0.000000 0.000000 0.000000 0.000000 0.000000 0.000000 0.000000 
0.000000 0.000000 0.000000 0.000000 0.000000 0.000000 0.000000 0.000000 0.000000 0.000000 0.000000 0.000000 0.000000 0.000000 0.000000 0.000000 0.000000 0.000000 0.000000 0.000000 0.000000 0.000000 0.000000 0.000000 0.000000 0.000000 0.000000 0.000000 0.000000 0.000000 0.000000 0.000000 0.000000 0.000000 0.000000 0.000000 0.000000 0.000000 0.000000 0.000000 
0.000000 0.000000 0.000000 0.000000 0.000000 0.000000 0.000000 0.000000 0.000000 0.000000 0.000000 0.000000 0.000000 0.000000 0.000000 0.000000 0.000000 0.000000 0.000000 0.000000 0.000000 0.000000 0.000000 0.000000 0.000000 0.000000 0.000000 0.000000 0.000000 0.000000 0.000000 0.000000 0.000000 0.000000 0.000000 0.000000 0.000000 0.000000 0.000000 0.000000 
0.000000 0.000000 0.000000 0.000000 0.000000 0.000000 0.000000 0.000000 0.000000 0.000000 0.000000 0.000000 0.000000 0.000000 0.000000 0.000000 0.000000 0.000000 0.000000 0.000000 0.000000 0.000000 0.000000 0.000000 0.000000 0.000000 0.000000 0.000000 0.000000 0.000000 0.000000 0.000000 0.000000 0.000000 0.000000 0.000000 0.000000 0.000000 0.000000 0.000000 
0.000000 0.000000 0.000000 0.000000 0.000000 0.000000 0.000000 0.000000 0.000000 0.000000 0.000000 0.000000 0.000000 0.000000 0.000000 0.000000 0.000000 0.000000 0.000000 0.000000 0.000000 0.000000 0.000000 0.000000 0.000000 0.000000 0.000000 0.000000 0.000000 0.000000 0.000000 0.000000 0.000000 0.000000 0.000000 0.000000 0.000000 0.000000 0.000000 0.000000 
0.000000 0.000000 0.000000 0.000000 0.000000 0.000000 0.000000 0.000000 0.000000 0.000000 0.000000 0.000000 0.000000 0.000000 0.000000 0.000000 0.000000 0.000000 0.000000 0.000000 0.000000 0.000000 0.000000 0.000000 0.000000 0.000000 0.000000 0.000000 0.000000 0.000000 0.000000 0.000000 0.000000 0.000000 0.000000 0.000000 0.000000 0.000000 0.000000 0.000000 
0.000000 0.000000 0.000000 0.000000 0.000000 0.000000 0.000000 0.000000 0.000000 0.000000 0.000000 0.000000 0.000000 0.000000 0.000000 0.000000 0.000000 0.000000 0.000000 0.000000 0.000000 0.000000 0.000000 0.000000 0.000000 0.000000 0.000000 0.000000 0.000000 0.000000 0.000000 0.000000 0.000000 0.000000 0.000000 0.000000 0.000000 0.000000 0.000000 0.000000 
0.000000 0.000000 0.000000 0.000000 0.000000 0.000000 0.000000 0.000000 0.000000 0.000000 0.000000 0.000000 0.000000 0.000000 0.000000 0.000000 0.000000 0.000000 0.000000 0.000000 0.000000 0.000000 0.000000 0.000000 0.000000 0.000000 0.000000 0.000000 0.000000 0.000000 0.000000 0.000000 0.000000 0.000000 0.000000 0.000000 0.000000 0.000000 0.000000 0.000000 
