0.000000,0.000000,0.000000,0.000000,0.000000,0.000000,0.000000,0.000000,0.000000,0.000000,0.000000,0.000000,0.000000,0.000000,0.000000,0.000000,0.000000,0.000000,0.000000,0.000000,0.000000,0.000000,0.000000,0.000000,0.000000,0.000000,0.000000,0.000000,0.000000,0.000000,0.000000,0.000000,0.000000,0.000000,0.000000,0.000000,0.000000,0.000000,0.000000,0.000000,
0.000000,0.000000,0.000000,0.000000,0.000000,0.000000,0.000000,0.000000,0.000000,0.000000,0.000000,0.000000,0.000000,0.000000,0.000000,0.000000,0.000000,0.000000,0.000000,0.000000,0.000000,0.000000,0.000000,0.000000,0.000000,0.000000,0.000000,0.000000,0.000000,0.000000,0.000000,0.000000,0.000000,0.000000,0.000000,0.000000,0.000000,0.000000,0.000000,0.000000,
0.000000,0.000000,0.000000,0.000000,0.000000,0.000000,0.000000,0.000000,0.000000,0.000000,0.000000,0.000000,0.000000,0.000000,0.000000,0.000000,0.000000,0.000000,0.000000,0.000000,0.000000,0.000000,0.000000,0.000000,0.000000,0.000000,0.000000,0.000000,0.000000,0.000000,0.000000,0.000000,0.000000,0.000000,0.000000,0.000000,0.000000,0.000000,0.000000,0.000000,
0.000000,0.000000,0.000000,0.000000,0.000000,0.000000,0.000000,0.000000,0.000000,0.000000,0.000000,0.000000,0.000000,0.000000,0.000000,0.000000,0.000000,0.000000,0.000000,0.000000,0.000000,0.000000,0.000000,0.000000,0.000000,0.000000,0.000000,0.000000,0.000000,0.000000,0.000000,0.000000,0.000000,0.000000,0.000000,0.000000,0.000000,0.000000,0.000000,0.000000,
0.000000,0.000000,0.000000,0.000000,0.000000,0.000000,0.000000,0.000000,0.000000,0.000000,0.000000,0.000000,0.000000,0.000000,0.000000,0.000000,0.000000,0.000000,0.000000,0.000000,0.000000,0.000000,0.000000,0.000000,0.000000,0.000000,0.000000,0.000000,0.000000,0.000000,0.000000,0.000000,0.000000,0.000000,0.000000,0.000000,0.000000,0.000000,0.000000,0.000000,
0.000000,0.000000,0.000000,0.000000,0.000000,0.000000,0.000000,0.000000,0.000000,0.000000,0.000000,0.000000,0.000000,0.000000,0.000000,0.000000,0.000000,0.000000,0.000000,0.000000,0.000000,0.000000,0.000000,0.000000,0.000000,0.000000,0.000000,0.000000,0.000000,0.000000,0.000000,0.000000,0.000000,0.000000,0.000000,0.000000,0.000000,0.000000,0.000000,0.000000,
0.000000,0.000000,0.000000,0.000000,0.000000,0.000000,0.000000,0.000000,0.000000,0.000000,0.000000,0.000000,0.000000,0.000000,0.000000,0.000000,0.000000,0.000000,0.000000,0.000000,0.000000,0.000000,0.000000,0.000000,0.000000,0.000000,0.000000,0.000000,0.000000,0.000000,0.000000,0.000000,0.000000,0.000000,0.000000,0.000000,0.000000,0.000000,0.000000,0.000000,
0.000000,0.000000,0.000000,0.000000,0.000000,0.000000,0.000000,0.000000,0.000000,0.000000,0.000000,0.000000,0.000000,0.000000,0.000000,0.000000,0.000000,0.000000,0.000000,0.000000,0.000000,0.000000,0.000000,0.000000,0.000000,0.000000,0.000000,0.000000,0.000000,0.000000,0.000000,0.000000,0.000000,0.000000,0.000000,0.000000,0.000000,0.000000,0.000000,0.000000,
0.000000,0.000000,0.000000,0.000000,0.000000,0.000000,0.000000,0.000000,0.000000,0.000000,0.000000,0.000000,0.000000,0.000000,0.000000,0.000000,0.000000,0.000000,0.000000,0.000000,0.000000,0.000000,0.000000,0.000000,0.000000,0.000000,0.000000,0.000000,0.000000,0.000000,0.000000,0.000000,0.000000,0.000000,0.000000,0.000000,0.000000,0.000000,0.000000,0.000000,
0.000000,0.000000,0.000000,0.000000,0.000000,0.000000,0.000000,0.000000,0.000000,0.000000,0.000000,0.000000,0.000000,0.000000,0.000000,0.000000,0.000000,0.000000,0.000000,0.000000,0.000000,0.000000,0.000000,0.000000,0.000000,0.000000,0.000000,0.000000,0.000000,0.000000,0.000000,0.000000,0.000000,0.000000,0.000000,0.000000,0.000000,0.000000,0.000000,0.000000,
0.000000,2.378000,2.361000,2.306000,2.251000,2.198000,2.145000,2.122000,2.122000,2.122000,2.122000,2.122000,2.122000,2.122000,2.122000,2.122000,2.122000,2.122000,2.122000,2.087000,2.036000,2.000000,2.000000,2.000000,2.000000,2.000000,2.000000,2.000000,2.000000,2.000000,2.000000,2.000000,2.000000,2.000000,2.000000,2.000000,2.000000,2.000000,2.000000,0.000000,
0.000000,2.378000,2.359000,2.297000,2.235000,2.188000,2.142000,2.118000,2.112000,2.106000,2.106000,2.106000,2.111000,2.118000,2.122000,2.122000,2.122000,2.122000,2.122000,2.087000,2.036000,2.000000,2.000000,2.000000,2.000000,2.000000,2.000000,2.000000,2.000000,2.000000,2.000000,2.000000,2.000000,2.000000,2.000000,2.000000,2.000000,2.000000,2.000000,0.000000,
0.000000,2.378000,2.352000,2.268000,2.184000,2.156000,2.132000,2.106000,2.078000,2.055000,2.055000,2.055000,2.077000,2.106000,2.122000,2.122000,2.122000,2.122000,2.122000,2.087000,2.036000,2.000000,2.000000,2.000000,2.000000,2.000000,2.000000,2.000000,2.000000,2.000000,2.000000,2.000000,2.000000,2.000000,2.000000,2.000000,2.000000,2.000000,2.000000,0.000000,
0.000000,2.378000,2.345000,2.239000,2.132000,2.124000,2.123000,2.094000,2.044000,2.003000,2.003000,2.003000,2.043000,2.093000,2.122000,2.122000,2.122000,2.122000,2.122000,2.087000,2.036000,2.000000,2.000000,2.000000,2.000000,2.000000,2.000000,2.000000,2.000000,2.000000,2.000000,2.000000,2.000000,2.000000,2.000000,2.000000,2.000000,2.000000,2.000000,0.000000,
0.000000,2.326000,2.300000,2.214000,2.128000,2.122000,2.122000,2.093000,2.042000,2.000000,2.000000,2.000000,2.025000,2.056000,2.074000,2.074000,2.074000,2.074000,2.074000,2.053000,2.022000,2.000000,2.000000,2.000000,2.000000,2.000000,2.000000,2.000000,2.000000,2.000000,2.000000,2.000000,2.000000,2.000000,2.000000,2.000000,2.000000,2.000000,2.000000,0.000000,
0.000000,2.271000,2.252000,2.189000,2.126000,2.122000,2.122000,2.093000,2.042000,2.000000,2.000000,2.000000,2.008000,2.017000,2.023000,2.023000,2.023000,2.023000,2.023000,2.016000,2.007000,2.000000,2.000000,2.000000,2.000000,2.000000,2.000000,2.000000,2.000000,2.000000,2.000000,2.000000,2.000000,2.000000,2.000000,2.000000,2.000000,2.000000,2.000000,0.000000,
0.000000,2.218000,2.201000,2.149000,2.097000,2.093000,2.093000,2.071000,2.032000,2.000000,2.000000,2.000000,2.000000,2.000000,2.000000,2.000000,2.000000,2.000000,2.000000,2.000000,2.000000,2.000000,2.000000,2.000000,2.000000,2.000000,2.000000,2.000000,2.000000,2.000000,2.000000,2.000000,2.000000,2.000000,2.000000,2.000000,2.000000,2.000000,2.000000,0.000000,
0.000000,2.165000,2.149000,2.097000,2.045000,2.042000,2.042000,2.032000,2.014000,2.000000,2.000000,2.000000,2.000000,2.000000,2.000000,2.000000,2.000000,2.000000,2.000000,2.000000,2.000000,2.000000,2.000000,2.000000,2.000000,2.000000,2.000000,2.000000,2.000000,2.000000,2.000000,2.000000,2.000000,2.000000,2.000000,2.000000,2.000000,2.000000,2.000000,0.000000,
0.000000,2.113000,2.097000,2.046000,1.995000,1.991000,1.991000,1.991000,1.991000,1.992000,1.996000,1.999000,2.000000,2.000000,2.000000,2.000000,2.000000,2.000000,2.000000,2.000000,2.000000,2.000000,2.000000,2.000000,2.000000,2.000000,2.000000,2.000000,1.999000,1.996000,1.992000,1.991000,1.991000,1.993000,1.996000,2.000000,2.000000,2.000000,2.000000,0.000000,
0.000000,2.061000,2.046000,1.996000,1.946000,1.942000,1.942000,1.942000,1.942000,1.947000,1.971000,1.995000,2.000000,2.000000,2.000000,2.000000,2.000000,2.000000,2.000000,2.000000,2.000000,2.000000,2.000000,2.000000,2.000000,2.000000,2.000000,2.000000,1.996000,1.972000,1.948000,1.942000,1.942000,1.952000,1.977000,2.000000,2.000000,2.000000,2.000000,0.000000,
0.000000,2.010000,1.995000,1.946000,1.897000,1.894000,1.894000,1.894000,1.894000,1.902000,1.946000,1.991000,2.000000,2.000000,2.000000,2.000000,2.000000,2.000000,2.000000,2.000000,2.000000,2.000000,2.000000,2.000000,2.000000,2.000000,2.000000,2.000000,1.993000,1.948000,1.903000,1.894000,1.894000,1.912000,1.957000,2.000000,2.000000,2.000000,2.000000,0.000000,
0.000000,1.961000,1.951000,1.918000,1.886000,1.884000,1.884000,1.884000,1.884000,1.890000,1.922000,1.954000,1.974000,1.991000,2.000000,2.000000,1.999000,1.983000,1.966000,1.961000,1.961000,1.961000,1.961000,1.961000,1.961000,1.961000,1.961000,1.961000,1.955000,1.923000,1.891000,1.884000,1.884000,1.897000,1.930000,1.961000,1.961000,1.961000,1.961000,0.000000,
0.000000,1.912000,1.908000,1.897000,1.885000,1.884000,1.884000,1.884000,1.884000,1.886000,1.898000,1.910000,1.942000,1.979000,2.000000,2.000000,1.998000,1.961000,1.924000,1.912000,1.912000,1.912000,1.912000,1.912000,1.912000,1.912000,1.912000,1.912000,1.910000,1.898000,1.886000,1.884000,1.884000,1.889000,1.901000,1.912000,1.912000,1.912000,1.912000,0.000000,
0.000000,1.844000,1.844000,1.844000,1.844000,1.852000,1.860000,1.864000,1.864000,1.865000,1.874000,1.882000,1.916000,1.956000,1.979000,1.979000,1.977000,1.937000,1.897000,1.878000,1.870000,1.861000,1.853000,1.845000,1.844000,1.844000,1.849000,1.857000,1.864000,1.864000,1.864000,1.864000,1.864000,1.867000,1.876000,1.884000,1.884000,1.884000,1.884000,0.000000,
0.000000,1.751000,1.751000,1.751000,1.751000,1.777000,1.804000,1.816000,1.816000,1.821000,1.850000,1.878000,1.900000,1.919000,1.930000,1.930000,1.929000,1.910000,1.890000,1.865000,1.836000,1.808000,1.781000,1.754000,1.751000,1.751000,1.766000,1.793000,1.816000,1.816000,1.816000,1.816000,1.816000,1.828000,1.856000,1.884000,1.884000,1.884000,1.884000,0.000000,
0.000000,1.663000,1.663000,1.663000,1.663000,1.705000,1.751000,1.771000,1.771000,1.780000,1.827000,1.875000,1.884000,1.884000,1.884000,1.884000,1.884000,1.884000,1.884000,1.851000,1.803000,1.756000,1.711000,1.667000,1.663000,1.663000,1.688000,1.733000,1.771000,1.771000,1.771000,1.771000,1.771000,1.791000,1.838000,1.884000,1.884000,1.884000,1.884000,0.000000,
0.000000,1.663000,1.663000,1.663000,1.663000,1.705000,1.751000,1.771000,1.771000,1.780000,1.827000,1.875000,1.884000,1.884000,1.884000,1.884000,1.884000,1.884000,1.884000,1.839000,1.771000,1.716000,1.690000,1.665000,1.663000,1.663000,1.688000,1.733000,1.771000,1.771000,1.771000,1.771000,1.771000,1.791000,1.838000,1.884000,1.884000,1.884000,1.884000,0.000000,
0.000000,1.663000,1.663000,1.663000,1.663000,1.705000,1.751000,1.771000,1.771000,1.780000,1.827000,1.875000,1.884000,1.884000,1.884000,1.884000,1.884000,1.884000,1.884000,1.826000,1.739000,1.676000,1.670000,1.664000,1.663000,1.663000,1.688000,1.733000,1.771000,1.771000,1.771000,1.771000,1.771000,1.791000,1.838000,1.884000,1.884000,1.884000,1.884000,0.000000,
0.000000,1.663000,1.663000,1.663000,1.663000,1.705000,1.751000,1.771000,1.771000,1.780000,1.827000,1.875000,1.884000,1.884000,1.884000,1.884000,1.884000,1.884000,1.884000,1.821000,1.728000,1.663000,1.663000,1.663000,1.663000,1.663000,1.688000,1.733000,1.771000,1.771000,1.771000,1.771000,1.771000,1.791000,1.838000,1.884000,1.884000,1.884000,1.884000,0.000000,
0.000000,0.000000,0.000000,0.000000,0.000000,0.000000,0.000000,0.000000,0.000000,0.000000,0.000000,0.000000,0.000000,0.000000,0.000000,0.000000,0.000000,0.000000,0.000000,0.000000,0.000000,0.000000,0.000000,0.000000,0.000000,0.000000,0.000000,0.000000,0.000000,0.000000,0.000000,0.000000,0.000000,0.000000,0.000000,0.000000,0.000000,0.000000,0.000000,0.000000,
0.000000,0.000000,0.000000,0.000000,0.000000,0.000000,0.000000,0.000000,0.000000,0.000000,0.000000,0.000000,0.000000,0.000000,0.000000,0.000000,0.000000,0.000000,0.000000,0.000000,0.000000,0.000000,0.000000,0.000000,0.000000,0.000000,0.000000,0.000000,0.000000,0.000000,0.000000,0.000000,0.000000,0.000000,0.000000,0.000000,0.000000,0.000000,0.000000,0.000000,
0.000000,0.000000,0.000000,0.000000,0.000000,0.000000,0.000000,0.000000,0.000000,0.000000,0.000000,0.000000,0.000000,0.000000,0.000000,0.000000,0.000000,0.000000,0.000000,0.000000,0.000000,0.000000,0.000000,0.000000,0.000000,0.000000,0.000000,0.000000,0.000000,0.000000,0.000000,0.000000,0.000000,0.000000,0.000000,0.000000,0.000000,0.000000,0.000000,0.000000,
0.000000,0.000000,0.000000,0.000000,0.000000,0.000000,0.000000,0.000000,0.000000,0.000000,0.000000,0.000000,0.000000,0.000000,0.000000,0.000000,0.000000,0.000000,0.000000,0.000000,0.000000,0.000000,0.000000,0.000000,0.000000,0.000000,0.000000,0.000000,0.000000,0.000000,0.000000,0.000000,0.000000,0.000000,0.000000,0.000000,0.000000,0.000000,0.000000,0.000000,
0.000000,0.000000,0.000000,0.000000,0.000000,0.000000,0.000000,0.000000,0.000000,0.000000,0.000000,0.000000,0.000000,0.000000,0.000000,0.000000,0.000000,0.000000,0.000000,0.000000,0.000000,0.000000,0.000000,0.000000,0.000000,0.000000,0.000000,0.000000,0.000000,0.000000,0.000000,0.000000,0.000000,0.000000,0.000000,0.000000,0.000000,0.000000,0.000000,0.000000,
0.000000,0.000000,0.000000,0.000000,0.000000,0.000000,0.000000,0.000000,0.000000,0.000000,0.000000,0.000000,0.000000,0.000000,0.000000,0.000000,0.000000,0.000000,0.000000,0.000000,0.000000,0.000000,0.000000,0.000000,0.000000,0.000000,0.000000,0.000000,0.000000,0.000000,0.000000,0.000000,0.000000,0.000000,0.000000,0.000000,0.000000,0.000000,0.000000,0.000000,
0.000000,0.000000,0.000000,0.000000,0.000000,0.000000,0.000000,0.000000,0.000000,0.000000,0.000000,0.000000,0.000000,0.000000,0.000000,0.000000,0.000000,0.000000,0.000000,0.000000,0.000000,0.000000,0.000000,0.000000,0.000000,0.000000,0.000000,0.000000,0.000000,0.000000,0.000000,0.000000,0.000000,0.000000,0.000000,0.000000,0.000000,0.000000,0.000000,0.000000,
0.000000,0.000000,0.000000,0.000000,0.000000,0.000000,0.000000,0.000000,0.000000,0.000000,0.000000,0.000000,0.000000,0.000000,0.000000,0.000000,0.000000,0.000000,0.000000,0.000000,0.000000,0.000000,0.000000,0.000000,0.000000,0.000000,0.000000,0.000000,0.000000,0.000000,0.000000,0.000000,0.000000,0.000000,0.000000,0.000000,0.000000,0.000000,0.000000,0.000000,
0.000000,0.000000,0.000000,0.000000,0.000000,0.000000,0.000000,0.000000,0.000000,0.000000,0.000000,0.000000,0.000000,0.000000,0.000000,0.000000,0.000000,0.000000,0.000000,0.000000,0.000000,0.000000,0.000000,0.000000,0.000000,0.000000,0.000000,0.000000,0.000000,0.000000,0.000000,0.000000,0.000000,0.000000,0.000000,0.000000,0.000000,0.000000,0.000000,0.000000,
0.000000,0.000000,0.000000,0.000000,0.000000,0.000000,0.000000,0.000000,0.000000,0.000000,0.000000,0.000000,0.000000,0.000000,0.000000,0.000000,0.000000,0.000000,0.000000,0.000000,0.000000,0.000000,0.000000,0.000000,0.000000,0.000000,0.000000,0.000000,0.000000,0.000000,0.000000,0.000000,0.000000,0.000000,0.000000,0.000000,0.000000,0.000000,0.000000,0.000000,
0.000000,0.000000,0.000000,0.000000,0.000000,0.000000,0.000000,0.000000,0.000000,0.000000,0.000000,0.000000,0.000000,0.000000,0.000000,0.000000,0.000000,0.000000,0.000000,0.000000,0.000000,0.000000,0.000000,0.000000,0.000000,0.000000,0.000000,0.000000,0.000000,0.000000,0.000000,0.000000,0.000000,0.000000,0.000000,0.000000,0.000000,0.000000,0.000000,0.000000,
