0.000000,0.000000,0.000000,0.000000,0.000000,0.000000,0.000000,0.000000,0.000000,0.000000,0.000000,0.000000,0.000000,0.000000,0.000000,0.000000,0.000000,0.000000,0.000000,0.000000,0.000000,0.000000,0.000000,0.000000,0.000000,0.000000,0.000000,0.000000,0.000000,0.000000,0.000000,0.000000,0.000000,0.000000,0.000000,0.000000,0.000000,0.000000,0.000000,0.000000,
0.000000,0.000000,0.000000,0.000000,0.000000,0.000000,0.000000,0.000000,0.000000,0.000000,0.000000,0.000000,2.298000,1.841000,1.805000,1.797000,1.797000,2.911000,0.000000,0.000000,0.000000,0.000000,0.000000,0.000000,0.000000,0.000000,0.000000,0.000000,0.000000,0.000000,0.000000,0.000000,0.000000,0.000000,0.000000,0.000000,0.000000,0.000000,0.000000,0.000000,
0.000000,0.000000,0.000000,0.000000,0.000000,0.000000,0.000000,0.000000,0.000000,0.000000,0.000000,2.911000,2.164000,1.848000,1.824000,1.818000,1.818000,2.945000,0.000000,0.000000,0.000000,0.000000,0.000000,0.000000,0.000000,0.000000,0.000000,0.000000,0.000000,0.000000,0.000000,0.000000,0.000000,0.000000,0.000000,0.000000,0.000000,0.000000,0.000000,0.000000,
0.000000,0.000000,0.000000,0.000000,0.000000,0.000000,0.000000,0.000000,2.984000,2.293000,2.226000,2.112000,1.934000,1.860000,1.855000,1.854000,1.854000,0.000000,0.000000,0.000000,0.000000,0.000000,0.000000,0.000000,0.000000,0.000000,0.000000,0.000000,0.000000,0.000000,0.000000,0.000000,0.000000,0.000000,0.000000,0.000000,0.000000,0.000000,0.000000,0.000000,
0.000000,0.000000,0.000000,0.000000,0.000000,0.000000,0.000000,0.000000,2.496000,2.027000,1.966000,1.922000,1.900000,1.882000,1.867000,1.863000,1.863000,2.556000,0.000000,0.000000,0.000000,0.000000,0.000000,0.000000,0.000000,0.000000,0.000000,0.000000,0.000000,0.000000,0.000000,0.000000,0.000000,0.000000,0.000000,0.000000,0.000000,0.000000,0.000000,0.000000,
0.000000,0.000000,0.000000,0.000000,0.000000,2.164000,2.084000,2.080000,2.036000,1.993000,1.953000,1.930000,1.929000,1.907000,1.871000,1.863000,1.863000,1.945000,2.024000,2.020000,2.311000,0.000000,0.000000,0.000000,0.000000,0.000000,0.000000,0.000000,0.000000,0.000000,0.000000,0.000000,0.000000,0.000000,0.000000,0.000000,0.000000,0.000000,0.000000,0.000000,
0.000000,0.000000,0.000000,0.000000,2.509000,1.973000,1.966000,2.000000,2.000000,1.990000,1.953000,1.931000,1.931000,1.909000,1.872000,1.863000,1.863000,1.880000,1.897000,1.897000,2.048000,2.603000,2.921000,2.940000,0.000000,0.000000,0.000000,0.000000,0.000000,0.000000,0.000000,0.000000,0.000000,0.000000,0.000000,0.000000,0.000000,0.000000,0.000000,0.000000,
0.000000,0.000000,0.000000,2.147000,1.863000,1.863000,1.932000,2.000000,2.000000,1.990000,1.953000,1.931000,1.931000,1.909000,1.872000,1.863000,1.863000,1.863000,1.863000,1.863000,1.863000,1.863000,1.879000,1.917000,2.614000,0.000000,0.000000,0.000000,0.000000,0.000000,0.000000,0.000000,0.000000,0.000000,0.000000,0.000000,0.000000,0.000000,0.000000,0.000000,
0.000000,0.000000,0.000000,2.137000,1.863000,1.863000,1.932000,2.000000,2.000000,1.990000,1.953000,1.931000,1.931000,1.909000,1.872000,1.863000,1.863000,1.863000,1.863000,1.863000,1.863000,1.863000,1.879000,1.917000,2.614000,0.000000,0.000000,0.000000,0.000000,0.000000,0.000000,0.000000,0.000000,0.000000,0.000000,0.000000,0.000000,0.000000,0.000000,0.000000,
0.000000,0.000000,0.000000,2.138000,1.873000,1.873000,1.937000,2.000000,2.000000,1.992000,1.959000,1.939000,1.933000,1.912000,1.880000,1.873000,1.873000,1.873000,1.873000,1.873000,1.873000,1.873000,1.887000,1.919000,2.517000,0.000000,0.000000,0.000000,0.000000,0.000000,0.000000,0.000000,0.000000,0.000000,0.000000,0.000000,0.000000,0.000000,0.000000,0.000000,
0.000000,0.000000,0.000000,2.170000,1.910000,1.910000,1.955000,2.000000,2.000000,1.997000,1.985000,1.967000,1.941000,1.924000,1.912000,1.910000,1.910000,1.910000,1.910000,1.910000,1.910000,1.910000,1.915000,1.926000,2.144000,2.493000,0.000000,0.000000,0.000000,0.000000,0.000000,0.000000,0.000000,0.000000,0.000000,0.000000,0.000000,0.000000,0.000000,0.000000,
0.000000,0.000000,2.927000,2.128000,1.931000,1.931000,1.966000,2.000000,2.000000,2.000000,2.000000,1.988000,1.959000,1.942000,1.933000,1.931000,1.931000,1.931000,1.931000,1.931000,1.931000,1.931000,1.931000,1.931000,1.926000,1.917000,2.583000,0.000000,0.000000,0.000000,0.000000,0.000000,0.000000,0.000000,0.000000,0.000000,0.000000,0.000000,0.000000,0.000000,
0.000000,2.351000,2.217000,1.988000,1.931000,1.931000,1.966000,2.000000,2.000000,2.000000,2.000000,1.996000,1.988000,1.967000,1.938000,1.931000,1.931000,1.931000,1.931000,1.931000,1.931000,1.931000,1.931000,1.931000,1.913000,1.884000,2.069000,2.315000,2.327000,2.332000,2.375000,2.405000,2.405000,2.762000,0.000000,0.000000,0.000000,0.000000,0.000000,0.000000,
0.000000,1.931000,1.931000,1.931000,1.931000,1.931000,1.966000,2.000000,2.000000,2.000000,2.000000,2.000000,2.000000,1.977000,1.940000,1.931000,1.931000,1.943000,1.952000,1.940000,1.931000,1.931000,1.931000,1.931000,1.908000,1.871000,1.863000,1.863000,1.863000,1.870000,1.933000,1.977000,1.977000,2.286000,2.964000,0.000000,0.000000,0.000000,0.000000,0.000000,
0.000000,1.931000,1.931000,1.931000,1.931000,1.931000,1.966000,2.000000,2.000000,2.000000,2.000000,2.000000,2.000000,1.977000,1.940000,1.931000,1.931000,1.962000,1.988000,1.955000,1.931000,1.931000,1.931000,1.931000,1.908000,1.871000,1.863000,1.863000,1.863000,1.868000,1.910000,1.940000,1.940000,1.998000,2.126000,2.784000,0.000000,0.000000,0.000000,0.000000,
0.000000,1.960000,1.960000,1.960000,1.960000,1.960000,1.980000,2.000000,2.000000,2.000000,2.000000,2.000000,2.000000,1.987000,1.965000,1.960000,1.960000,1.980000,1.998000,1.976000,1.956000,1.940000,1.931000,1.931000,1.908000,1.871000,1.863000,1.863000,1.863000,1.866000,1.887000,1.907000,1.923000,1.924000,1.908000,2.308000,2.958000,0.000000,0.000000,0.000000,
0.000000,1.998000,1.998000,1.998000,1.998000,1.998000,1.999000,2.000000,2.000000,2.000000,2.000000,2.000000,2.000000,1.999000,1.998000,1.998000,1.998000,1.999000,2.000000,1.999000,1.988000,1.951000,1.931000,1.931000,1.908000,1.871000,1.863000,1.863000,1.863000,1.863000,1.864000,1.876000,1.912000,1.915000,1.879000,1.890000,1.929000,1.937000,0.000000,0.000000,
0.000000,2.000000,2.000000,2.000000,2.000000,2.000000,2.000000,2.000000,2.000000,2.000000,2.000000,2.000000,2.000000,2.000000,2.000000,2.000000,2.000000,2.000000,2.000000,2.000000,1.995000,1.977000,1.958000,1.938000,1.908000,1.871000,1.863000,1.863000,1.863000,1.863000,1.863000,1.868000,1.886000,1.888000,1.870000,1.851000,1.833000,1.829000,0.000000,0.000000,
0.000000,2.000000,2.000000,2.000000,2.000000,2.000000,2.000000,2.000000,2.000000,2.000000,2.000000,2.000000,2.000000,2.000000,2.000000,2.000000,2.000000,2.000000,2.000000,2.000000,2.000000,2.000000,1.983000,1.946000,1.910000,1.875000,1.867000,1.867000,1.865000,1.863000,1.863000,1.863000,1.863000,1.863000,1.863000,1.840000,1.804000,1.797000,0.000000,0.000000,
0.000000,2.000000,2.000000,2.000000,2.000000,2.000000,2.000000,2.000000,2.000000,2.000000,2.000000,2.000000,2.000000,2.000000,2.000000,2.000000,2.000000,2.000000,2.000000,2.000000,2.000000,2.000000,1.983000,1.946000,1.922000,1.907000,1.904000,1.904000,1.883000,1.863000,1.863000,1.863000,1.863000,1.863000,1.863000,1.840000,1.804000,1.797000,0.000000,0.000000,
0.000000,2.000000,2.000000,2.000000,2.000000,2.000000,2.000000,2.000000,2.000000,2.000000,2.000000,2.000000,2.000000,2.000000,2.000000,2.000000,2.000000,2.000000,2.000000,2.000000,2.000000,2.000000,1.983000,1.946000,1.931000,1.931000,1.931000,1.931000,1.896000,1.863000,1.863000,1.865000,1.870000,1.871000,1.865000,1.840000,1.804000,1.797000,0.000000,0.000000,
0.000000,2.000000,2.000000,2.000000,2.000000,2.000000,2.000000,2.000000,2.000000,2.000000,2.000000,2.000000,2.000000,2.000000,2.000000,2.000000,2.000000,2.000000,2.000000,2.000000,2.000000,2.000000,1.983000,1.946000,1.931000,1.931000,1.931000,1.931000,1.896000,1.863000,1.863000,1.870000,1.896000,1.899000,1.873000,1.840000,1.804000,1.797000,0.000000,0.000000,
0.000000,1.983000,1.983000,1.983000,1.990000,1.999000,2.000000,2.000000,2.000000,2.000000,2.000000,2.000000,2.000000,2.000000,2.000000,2.000000,2.000000,2.000000,2.000000,2.000000,2.000000,2.000000,1.983000,1.946000,1.931000,1.931000,1.931000,1.931000,1.904000,1.879000,1.879000,1.888000,1.916000,1.918000,1.890000,1.857000,1.820000,1.813000,0.000000,0.000000,
0.000000,1.946000,1.946000,1.946000,1.968000,1.998000,2.000000,2.000000,2.000000,2.000000,2.000000,2.000000,2.000000,2.000000,2.000000,2.000000,2.000000,2.000000,2.000000,2.000000,2.000000,2.000000,1.983000,1.946000,1.931000,1.931000,1.931000,1.931000,1.924000,1.917000,1.917000,1.919000,1.927000,1.927000,1.920000,1.894000,1.857000,1.849000,0.000000,0.000000,
0.000000,1.931000,1.931000,1.931000,1.959000,1.997000,2.000000,2.000000,2.000000,2.000000,2.000000,2.000000,2.000000,2.000000,2.000000,2.000000,2.000000,2.000000,2.000000,2.000000,2.000000,2.000000,1.983000,1.946000,1.931000,1.931000,1.931000,1.931000,1.931000,1.931000,1.931000,1.931000,1.931000,1.931000,1.931000,1.908000,1.871000,1.863000,0.000000,0.000000,
0.000000,1.931000,1.931000,1.931000,1.959000,1.997000,2.000000,2.000000,2.000000,2.000000,2.000000,2.000000,2.000000,2.000000,2.000000,2.000000,2.000000,2.000000,2.000000,2.000000,2.000000,2.000000,1.983000,1.946000,1.931000,1.931000,1.931000,1.931000,1.931000,1.931000,1.931000,1.931000,1.931000,1.931000,1.931000,1.908000,1.871000,1.863000,0.000000,0.000000,
0.000000,2.745000,2.745000,2.745000,2.762000,2.783000,2.390000,2.000000,2.000000,2.000000,2.000000,2.000000,2.000000,2.000000,2.000000,2.000000,2.000000,2.000000,2.000000,2.000000,2.000000,2.000000,1.983000,1.946000,1.921000,1.906000,1.902000,1.902000,1.902000,1.904000,1.920000,1.931000,1.931000,1.931000,1.931000,1.918000,1.896000,1.892000,0.000000,0.000000,
0.000000,0.000000,0.000000,0.000000,0.000000,0.000000,2.889000,2.000000,2.000000,2.000000,2.000000,2.000000,2.000000,2.000000,2.000000,2.000000,2.000000,2.000000,2.000000,2.000000,2.000000,2.000000,1.983000,1.946000,1.909000,1.873000,1.865000,1.865000,1.865000,1.869000,1.905000,1.931000,1.931000,1.931000,1.931000,1.930000,1.929000,1.929000,0.000000,0.000000,
0.000000,0.000000,0.000000,0.000000,0.000000,0.000000,0.000000,2.907000,2.386000,2.000000,2.000000,2.000000,2.000000,2.000000,2.000000,2.000000,2.000000,2.000000,2.000000,2.000000,2.000000,2.000000,1.983000,1.946000,1.908000,1.871000,1.863000,1.863000,1.863000,1.867000,1.905000,1.931000,1.931000,1.931000,1.931000,1.931000,1.931000,1.931000,0.000000,0.000000,
0.000000,0.000000,0.000000,0.000000,0.000000,0.000000,0.000000,0.000000,2.741000,2.000000,2.000000,2.000000,2.000000,2.000000,2.000000,1.998000,1.996000,1.996000,1.996000,1.996000,1.996000,1.996000,1.980000,1.945000,1.910000,1.875000,1.867000,1.867000,1.865000,1.867000,1.902000,1.927000,1.930000,1.931000,1.931000,1.931000,1.931000,1.931000,0.000000,0.000000,
0.000000,0.000000,0.000000,0.000000,0.000000,0.000000,0.000000,0.000000,2.712000,2.000000,2.000000,2.000000,2.000000,2.000000,2.000000,1.982000,1.959000,1.958000,1.958000,1.958000,1.958000,1.958000,1.951000,1.937000,1.922000,1.908000,1.905000,1.905000,1.883000,1.865000,1.879000,1.896000,1.919000,1.931000,1.931000,1.931000,1.931000,1.931000,0.000000,0.000000,
0.000000,0.000000,0.000000,0.000000,0.000000,0.000000,0.000000,0.000000,2.851000,2.232000,2.091000,2.009000,2.002000,2.000000,2.000000,1.971000,1.933000,1.931000,1.931000,1.931000,1.931000,1.931000,1.931000,1.931000,1.931000,1.931000,1.931000,1.931000,1.896000,1.863000,1.863000,1.870000,1.896000,1.910000,1.910000,1.658000,1.255000,1.172000,0.000000,0.000000,
0.000000,0.000000,0.000000,0.000000,0.000000,0.000000,0.000000,0.000000,0.000000,0.000000,2.410000,2.039000,2.011000,2.000000,2.000000,1.971000,1.933000,1.931000,1.931000,1.931000,1.931000,1.931000,1.931000,1.931000,1.931000,1.931000,1.931000,1.931000,1.896000,1.863000,1.863000,1.859000,1.845000,1.837000,1.837000,0.000000,0.000000,0.000000,0.000000,0.000000,
0.000000,0.000000,0.000000,0.000000,0.000000,0.000000,0.000000,0.000000,0.000000,0.000000,2.864000,2.460000,2.414000,2.266000,2.050000,1.971000,1.933000,1.931000,1.931000,1.931000,1.934000,1.943000,1.948000,1.948000,1.948000,1.948000,1.941000,1.931000,1.905000,1.879000,1.870000,1.853000,1.817000,1.797000,1.797000,0.000000,0.000000,0.000000,0.000000,0.000000,
0.000000,0.000000,0.000000,0.000000,0.000000,0.000000,0.000000,0.000000,0.000000,0.000000,0.000000,0.000000,0.000000,2.849000,2.161000,1.971000,1.933000,1.931000,1.931000,1.931000,1.939000,1.969000,1.986000,1.986000,1.986000,1.986000,1.962000,1.933000,1.924000,1.914000,1.884000,1.853000,1.817000,1.797000,1.797000,0.000000,0.000000,0.000000,0.000000,0.000000,
0.000000,0.000000,0.000000,0.000000,0.000000,0.000000,0.000000,0.000000,0.000000,0.000000,0.000000,0.000000,0.000000,0.000000,2.674000,2.295000,1.975000,1.955000,1.955000,1.955000,1.961000,1.986000,1.994000,1.981000,1.976000,1.976000,1.957000,1.932000,1.931000,1.927000,1.889000,1.856000,1.832000,1.414000,0.000000,0.000000,0.000000,0.000000,0.000000,0.000000,
0.000000,0.000000,0.000000,0.000000,0.000000,0.000000,0.000000,0.000000,0.000000,0.000000,0.000000,0.000000,0.000000,0.000000,0.000000,2.815000,2.042000,1.992000,1.992000,1.992000,1.993000,1.998000,1.985000,1.952000,1.939000,1.939000,1.935000,1.931000,1.931000,1.927000,1.889000,1.862000,1.858000,0.000000,0.000000,0.000000,0.000000,0.000000,0.000000,0.000000,
0.000000,0.000000,0.000000,0.000000,0.000000,0.000000,0.000000,0.000000,0.000000,0.000000,0.000000,0.000000,0.000000,0.000000,0.000000,0.000000,2.773000,2.363000,2.000000,2.000000,2.000000,2.000000,1.983000,1.946000,1.931000,1.931000,1.931000,1.931000,1.931000,1.930000,1.926000,2.057000,2.525000,1.363000,0.000000,0.000000,0.000000,0.000000,0.000000,0.000000,
0.000000,0.000000,0.000000,0.000000,0.000000,0.000000,0.000000,0.000000,0.000000,0.000000,0.000000,0.000000,0.000000,0.000000,0.000000,0.000000,0.000000,2.820000,2.000000,2.000000,2.000000,2.000000,1.983000,1.946000,1.931000,1.931000,1.931000,1.931000,1.931000,1.935000,1.971000,2.301000,0.000000,2.231000,0.000000,0.000000,0.000000,0.000000,0.000000,0.000000,
0.000000,0.000000,0.000000,0.000000,0.000000,0.000000,0.000000,0.000000,0.000000,0.000000,0.000000,0.000000,0.000000,0.000000,0.000000,0.000000,0.000000,0.000000,0.000000,0.000000,0.000000,0.000000,0.000000,0.000000,0.000000,0.000000,0.000000,0.000000,0.000000,0.000000,0.000000,0.000000,0.000000,0.000000,0.000000,0.000000,0.000000,0.000000,0.000000,0.000000,
