40 40
0.000000 0.000000 0.000000 0.000000 0.000000 0.000000 0.000000 0.000000 0.000000 0.000000 0.000000 0.000000 0.000000 0.000000 0.000000 0.000000 0.000000 0.000000 0.000000 0.000000 0.000000 0.000000 0.000000 0.000000 0.000000 0.000000 0.000000 0.000000 0.000000 0.000000 0.000000 0.000000 0.000000 0.000000 0.000000 0.000000 0.000000 0.000000 0.000000 0.000000 
0.000000 0.000000 0.000000 0.000000 0.000000 0.000000 0.000000 0.000000 0.000000 0.000000 0.000000 0.000000 0.000000 0.000000 0.000000 0.000000 0.000000 0.000000 0.000000 0.000000 0.000000 0.000000 0.000000 0.000000 0.000000 0.000000 0.000000 0.000000 0.000000 0.000000 0.000000 0.000000 0.000000 0.000000 0.000000 0.000000 0.000000 0.000000 0.000000 0.000000 
0.000000 0.000000 0.000000 0.000000 0.000000 0.000000 2.000000 2.000000 2.000000 2.000000 2.000000 2.000000 2.000000 2.461000 0.000000 0.000000 0.000000 0.000000 0.000000 0.000000 0.000000 0.000000 0.000000 0.000000 0.000000 0.000000 0.000000 0.000000 0.000000 0.000000 0.000000 0.000000 0.000000 0.000000 0.000000 0.000000 0.000000 0.000000 0.000000 0.000000 
0.000000 0.000000 0.000000 0.000000 0.000000 0.000000 1.977000 1.977000 1.987000 2.015000 2.014000 2.000000 2.000000 2.276000 0.000000 0.000000 0.000000 0.000000 0.000000 0.000000 0.000000 0.000000 0.000000 0.000000 0.000000 0.000000 0.000000 0.000000 0.000000 0.000000 0.000000 0.000000 0.000000 0.000000 0.000000 0.000000 0.000000 0.000000 0.000000 0.000000 
0.000000 0.000000 0.000000 0.000000 0.000000 0.000000 1.942000 1.942000 1.966000 2.037000 2.035000 2.000000 2.000000 2.000000 2.000000 2.000000 2.000000 2.000000 2.000000 2.000000 2.025000 2.103000 0.000000 0.000000 0.000000 0.000000 0.000000 0.000000 0.000000 0.000000 0.000000 0.000000 0.000000 0.000000 0.000000 0.000000 0.000000 0.000000 0.000000 0.000000 
0.000000 0.000000 0.000000 0.000000 0.000000 2.435000 1.942000 1.942000 1.966000 2.037000 2.049000 2.035000 2.014000 2.000000 2.000000 2.000000 2.000000 2.000000 2.000000 2.000000 2.010000 2.041000 2.542000 2.856000 2.856000 0.000000 0.000000 0.000000 0.000000 0.000000 0.000000 0.000000 0.000000 0.000000 0.000000 0.000000 0.000000 0.000000 0.000000 0.000000 
0.000000 0.000000 0.000000 0.000000 2.350000 1.942000 1.942000 1.949000 1.973000 2.029000 2.047000 2.046000 2.018000 2.000000 2.000000 2.000000 2.000000 2.000000 2.000000 2.000000 2.000000 2.000000 2.000000 2.000000 2.000000 2.725000 0.000000 0.000000 0.000000 0.000000 0.000000 0.000000 0.000000 0.000000 0.000000 0.000000 0.000000 0.000000 0.000000 0.000000 
0.000000 0.000000 0.000000 0.000000 2.350000 1.942000 1.942000 1.970000 1.993000 2.007000 2.011000 2.011000 2.004000 2.000000 2.000000 2.000000 2.000000 2.000000 2.000000 2.000000 2.000000 2.000000 2.000000 2.000000 2.000000 2.159000 2.373000 2.359000 2.733000 0.000000 0.000000 0.000000 0.000000 0.000000 0.000000 0.000000 0.000000 0.000000 0.000000 0.000000 
0.000000 0.000000 0.000000 2.954000 2.208000 1.966000 1.966000 1.986000 2.000000 2.000000 2.000000 2.000000 2.000000 2.000000 2.000000 2.000000 2.000000 2.000000 2.000000 2.000000 1.990000 1.976000 1.976000 1.976000 1.976000 1.962000 1.942000 1.942000 2.225000 2.972000 0.000000 0.000000 0.000000 0.000000 0.000000 0.000000 0.000000 0.000000 0.000000 0.000000 
0.000000 0.000000 2.801000 2.000000 2.000000 2.000000 2.000000 2.000000 2.000000 2.000000 2.000000 2.000000 2.000000 2.000000 2.000000 2.000000 2.000000 2.000000 2.000000 2.000000 1.976000 1.942000 1.942000 1.942000 1.942000 1.942000 1.942000 1.942000 1.942000 1.942000 2.782000 0.000000 0.000000 0.000000 0.000000 0.000000 0.000000 0.000000 0.000000 0.000000 
0.000000 2.831000 2.331000 2.000000 2.000000 2.000000 2.000000 2.000000 2.000000 2.000000 2.000000 2.000000 2.000000 2.000000 2.000000 2.000000 2.000000 2.000000 2.000000 2.000000 1.976000 1.942000 1.942000 1.942000 1.942000 1.942000 1.942000 1.942000 1.942000 1.942000 2.259000 2.682000 2.710000 2.728000 2.728000 0.000000 0.000000 0.000000 0.000000 0.000000 
0.000000 2.059000 2.023000 2.000000 2.000000 2.000000 2.000000 2.000000 2.000000 2.000000 2.000000 2.000000 1.993000 1.988000 1.988000 1.993000 2.000000 2.000000 2.000000 2.000000 1.976000 1.942000 1.942000 1.942000 1.942000 1.942000 1.942000 1.942000 1.942000 1.942000 1.918000 1.886000 1.886000 1.886000 1.886000 2.587000 0.000000 0.000000 0.000000 0.000000 
0.000000 2.059000 2.023000 2.000000 2.000000 2.000000 2.000000 2.000000 2.000000 2.000000 2.000000 1.999000 1.971000 1.953000 1.953000 1.973000 2.000000 2.000000 2.000000 2.000000 1.976000 1.942000 1.942000 1.942000 1.942000 1.942000 1.942000 1.942000 1.942000 1.942000 1.918000 1.886000 1.886000 1.886000 1.886000 2.073000 2.373000 0.000000 0.000000 0.000000 
2.746000 2.035000 2.014000 2.000000 2.000000 2.000000 2.000000 2.000000 2.000000 2.000000 2.000000 1.999000 1.964000 1.942000 1.942000 1.966000 2.000000 2.000000 2.000000 2.000000 1.976000 1.942000 1.942000 1.942000 1.942000 1.942000 1.942000 1.942000 1.942000 1.942000 1.928000 1.909000 1.909000 1.909000 1.909000 1.923000 1.984000 2.696000 0.000000 0.000000 
2.035000 2.000000 2.000000 2.000000 2.000000 2.000000 2.000000 2.000000 2.001000 2.000000 2.000000 1.999000 1.965000 1.943000 1.943000 1.966000 2.000000 2.000000 2.000000 2.000000 1.976000 1.943000 1.942000 1.942000 1.942000 1.942000 1.942000 1.942000 1.942000 1.942000 1.942000 1.942000 1.942000 1.942000 1.942000 1.942000 1.944000 1.978000 2.476000 0.000000 
2.035000 2.000000 2.000000 2.000000 2.000000 2.000000 2.000000 2.022000 2.029000 2.007000 2.000000 2.000000 1.986000 1.978000 1.978000 1.987000 2.000000 2.000000 2.000000 2.000000 1.991000 1.977000 1.955000 1.942000 1.942000 1.942000 1.942000 1.942000 1.942000 1.942000 1.942000 1.942000 1.942000 1.942000 1.942000 1.942000 1.943000 1.956000 2.151000 2.625000 
2.309000 2.013000 2.005000 2.000000 2.000000 2.005000 2.013000 2.041000 2.049000 2.021000 2.007000 2.000000 2.000000 2.000000 2.000000 2.000000 2.000000 2.000000 2.000000 2.000000 2.000000 1.999000 1.972000 1.954000 1.954000 1.954000 1.954000 1.947000 1.942000 1.942000 1.947000 1.954000 1.947000 1.942000 1.942000 1.937000 1.930000 1.930000 1.933000 1.940000 
0.000000 2.048000 2.019000 2.000000 2.000000 2.020000 2.048000 2.055000 2.057000 2.050000 2.028000 2.000000 2.000000 2.000000 2.000000 2.000000 2.000000 2.000000 2.000000 2.000000 2.000000 2.000000 1.993000 1.989000 1.989000 1.989000 1.988000 1.960000 1.942000 1.942000 1.962000 1.988000 1.959000 1.942000 1.942000 1.922000 1.896000 1.896000 1.907000 1.935000 
0.000000 2.034000 2.014000 2.000000 2.000000 2.024000 2.059000 2.059000 2.059000 2.059000 2.035000 2.000000 2.000000 2.000000 2.000000 2.000000 2.000000 2.000000 2.000000 2.000000 2.000000 2.000000 2.000000 2.000000 2.000000 2.000000 1.998000 1.964000 1.942000 1.942000 1.967000 1.998000 1.963000 1.937000 1.923000 1.905000 1.886000 1.886000 1.899000 1.933000 
0.000000 2.000000 2.000000 2.000000 2.000000 2.024000 2.058000 2.058000 2.058000 2.058000 2.034000 2.000000 2.000000 2.000000 2.000000 2.000000 2.000000 2.000000 2.000000 2.000000 2.000000 2.000000 1.999000 1.999000 1.999000 1.999000 1.998000 1.963000 1.942000 1.942000 1.967000 1.998000 1.963000 1.929000 1.895000 1.886000 1.886000 1.886000 1.899000 1.932000 
2.466000 2.000000 2.000000 2.000000 2.000000 2.009000 2.023000 2.023000 2.023000 2.023000 2.013000 2.000000 2.000000 2.000000 2.000000 2.000000 2.000000 2.000000 2.000000 2.000000 2.000000 1.999000 1.978000 1.964000 1.964000 1.964000 1.964000 1.950000 1.942000 1.942000 1.967000 1.998000 1.963000 1.929000 1.895000 1.886000 1.886000 1.886000 1.891000 1.904000 
2.000000 2.000000 2.000000 2.000000 2.000000 2.000000 2.000000 2.000000 2.000000 2.000000 2.000000 2.000000 2.000000 2.000000 2.000000 2.000000 2.000000 2.000000 1.997000 1.990000 1.987000 1.986000 1.959000 1.942000 1.942000 1.942000 1.942000 1.942000 1.942000 1.942000 1.961000 1.986000 1.951000 1.917000 1.883000 1.874000 1.874000 1.874000 1.877000 1.884000 
2.000000 2.000000 2.000000 2.000000 2.000000 2.000000 2.000000 2.000000 2.000000 2.000000 2.000000 2.000000 2.000000 2.000000 2.000000 2.000000 2.000000 2.000000 1.990000 1.961000 1.952000 1.952000 1.946000 1.942000 1.942000 1.942000 1.942000 1.942000 1.942000 1.942000 1.947000 1.951000 1.917000 1.883000 1.851000 1.842000 1.842000 1.842000 1.852000 1.879000 
2.000000 2.000000 2.000000 2.000000 2.000000 2.010000 2.025000 2.025000 2.025000 2.025000 2.015000 2.000000 2.000000 2.000000 2.000000 2.000000 2.000000 2.000000 1.987000 1.952000 1.942000 1.942000 1.942000 1.942000 1.942000 1.942000 1.942000 1.942000 1.942000 1.942000 1.942000 1.940000 1.907000 1.873000 1.841000 1.832000 1.832000 1.832000 1.845000 1.877000 
2.000000 2.000000 2.000000 2.000000 2.000000 2.023000 2.058000 2.058000 2.058000 2.059000 2.035000 2.001000 2.001000 2.001000 2.000000 2.000000 2.000000 2.000000 1.988000 1.953000 1.943000 1.943000 1.942000 1.942000 1.942000 1.942000 1.942000 1.942000 1.942000 1.942000 1.942000 1.940000 1.907000 1.874000 1.842000 1.833000 1.833000 1.833000 1.824000 1.800000 
2.000000 2.000000 2.000000 2.000000 2.000000 2.009000 2.022000 2.022000 2.030000 2.052000 2.050000 2.037000 2.037000 2.029000 2.007000 2.000000 2.000000 2.000000 1.995000 1.982000 1.978000 1.977000 1.956000 1.942000 1.942000 1.942000 1.942000 1.942000 1.942000 1.942000 1.942000 1.940000 1.907000 1.881000 1.869000 1.866000 1.866000 1.866000 1.229000 0.000000 
2.454000 2.453000 2.180000 1.997000 1.990000 1.987000 1.987000 1.995000 2.012000 2.048000 2.059000 2.059000 2.059000 2.046000 2.011000 2.000000 2.000000 2.000000 2.000000 2.000000 2.000000 1.999000 1.972000 1.952000 1.944000 1.942000 1.942000 1.942000 1.942000 1.942000 1.942000 1.940000 1.907000 1.886000 1.886000 1.886000 1.852000 1.269000 0.000000 0.000000 
0.000000 0.000000 2.665000 1.990000 1.962000 1.952000 1.953000 1.981000 2.012000 2.048000 2.059000 2.059000 2.059000 2.046000 2.011000 2.000000 2.000000 2.000000 2.000000 2.000000 2.000000 2.000000 1.994000 1.979000 1.950000 1.942000 1.942000 1.942000 1.942000 1.942000 1.942000 1.940000 1.907000 1.886000 1.886000 1.886000 1.760000 0.000000 0.000000 0.000000 
0.000000 0.000000 0.000000 2.676000 2.122000 1.942000 1.942000 1.977000 2.012000 2.048000 2.059000 2.059000 2.059000 2.046000 2.011000 2.000000 2.000000 2.000000 2.000000 2.000000 2.000000 1.999000 1.985000 1.968000 1.948000 1.942000 1.942000 1.942000 1.942000 1.942000 1.932000 1.917000 1.898000 1.892000 1.906000 1.910000 1.853000 0.000000 0.000000 0.000000 
0.000000 0.000000 0.000000 0.000000 2.393000 1.997000 1.999000 2.001000 2.014000 2.048000 2.059000 2.059000 2.059000 2.046000 2.010000 1.998000 1.998000 1.998000 1.999000 2.000000 2.000000 1.999000 1.964000 1.942000 1.942000 1.942000 1.942000 1.942000 1.942000 1.942000 1.918000 1.886000 1.886000 1.899000 1.933000 1.942000 2.016000 0.000000 2.533000 0.000000 
0.000000 0.000000 0.000000 0.000000 0.000000 0.000000 0.000000 2.544000 2.042000 2.055000 2.059000 2.059000 2.059000 2.039000 1.981000 1.964000 1.964000 1.964000 1.972000 1.993000 2.000000 1.999000 1.964000 1.942000 1.942000 1.942000 1.942000 1.942000 1.942000 1.942000 1.918000 1.886000 1.886000 1.899000 1.933000 1.942000 2.016000 0.000000 0.000000 2.002000 
0.000000 0.000000 0.000000 0.000000 0.000000 0.000000 0.000000 0.000000 2.531000 2.514000 2.509000 2.509000 2.526000 2.410000 2.052000 1.942000 1.942000 1.942000 1.952000 1.979000 1.987000 1.986000 1.967000 1.955000 1.955000 1.955000 1.955000 1.947000 1.942000 1.942000 1.918000 1.886000 1.886000 1.899000 1.933000 1.942000 2.016000 0.000000 0.000000 0.000000 
0.000000 0.000000 0.000000 0.000000 0.000000 0.000000 0.000000 0.000000 0.000000 0.000000 0.000000 0.000000 0.000000 0.000000 2.286000 1.942000 1.942000 1.942000 1.944000 1.950000 1.952000 1.953000 1.976000 1.990000 1.990000 1.990000 1.989000 1.960000 1.942000 1.942000 1.918000 1.886000 1.886000 1.899000 1.933000 1.942000 2.016000 0.000000 0.000000 0.000000 
0.000000 0.000000 0.000000 0.000000 0.000000 0.000000 0.000000 0.000000 0.000000 0.000000 0.000000 0.000000 0.000000 0.000000 0.000000 2.895000 2.879000 2.306000 1.942000 1.942000 1.942000 1.943000 1.978000 2.000000 2.000000 1.989000 1.974000 1.954000 1.937000 1.922000 1.904000 1.886000 1.886000 1.899000 1.933000 2.332000 2.883000 0.000000 0.000000 0.000000 
0.000000 0.000000 0.000000 0.000000 0.000000 0.000000 0.000000 0.000000 0.000000 0.000000 0.000000 0.000000 0.000000 0.000000 0.000000 0.000000 0.000000 2.830000 2.006000 2.006000 2.006000 2.006000 2.002000 2.000000 2.000000 1.975000 1.942000 1.942000 1.929000 1.896000 1.886000 1.886000 1.887000 1.915000 1.986000 2.887000 0.000000 0.000000 0.000000 0.000000 
0.000000 0.000000 0.000000 0.000000 0.000000 0.000000 0.000000 0.000000 0.000000 0.000000 0.000000 0.000000 0.000000 0.000000 0.000000 0.000000 0.000000 0.000000 0.000000 0.000000 0.000000 0.000000 2.477000 2.000000 2.000000 1.975000 1.942000 1.942000 1.929000 1.896000 1.886000 1.887000 1.908000 2.233000 0.000000 0.000000 0.000000 0.000000 0.000000 0.000000 
0.000000 0.000000 0.000000 0.000000 0.000000 0.000000 0.000000 0.000000 0.000000 0.000000 0.000000 0.000000 0.000000 0.000000 0.000000 0.000000 0.000000 0.000000 0.000000 0.000000 0.000000 0.000000 2.769000 2.000000 2.000000 1.975000 1.942000 1.942000 1.929000 1.896000 1.886000 1.888000 1.921000 2.428000 0.000000 0.000000 0.000000 0.000000 0.000000 0.000000 
0.000000 0.000000 0.000000 0.000000 0.000000 0.000000 0.000000 0.000000 0.000000 0.000000 0.000000 0.000000 0.000000 0.000000 0.000000 0.000000 0.000000 0.000000 0.000000 0.000000 0.000000 0.000000 0.000000 0.000000 0.000000 0.000000 0.000000 0.000000 0.000000 0.000000 0.000000 0.000000 0.000000 0.000000 0.000000 0.000000 0.000000 0.000000 0.000000 0.000000 
0.000000 0.000000 0.000000 0.000000 0.000000 0.000000 0.000000 0.000000 0.000000 0.000000 0.000000 0.000000 0.000000 0.000000 0.000000 0.000000 0.000000 0.000000 0.000000 0.000000 0.000000 0.000000 0.000000 0.000000 0.000000 0.000000 0.000000 0.000000 0.000000 0.000000 0.000000 0.000000 0.000000 0.000000 0.000000 0.000000 0.000000 0.000000 0.000000 0.000000 
0.000000 0.000000 0.000000 0.000000 0.000000 0.000000 0.000000 0.000000 0.000000 0.000000 0.000000 0.000000 0.000000 0.000000 0.000000 0.000000 0.000000 0.000000 0.000000 0.000000 0.000000 0.000000 0.000000 0.000000 0.000000 0.000000 0.000000 0.000000 0.000000 0.000000 0.000000 0.000000 0.000000 0.000000 0.000000 0.000000 0.000000 0.000000 0.000000 0.000000 
