0.000000,0.000000,0.000000,0.000000,0.000000,0.000000,0.000000,0.000000,0.000000,0.000000,0.000000,0.000000,0.000000,0.000000,0.000000,2.694000,2.000000,2.000000,1.999000,1.988000,1.988000,1.988000,1.988000,0.000000,0.000000,0.000000,0.000000,0.000000,0.000000,0.000000,0.000000,0.000000,0.000000,0.000000,0.000000,0.000000,0.000000,0.000000,0.000000,0.000000,
0.000000,0.000000,0.000000,0.000000,0.000000,0.000000,0.000000,0.000000,0.000000,0.000000,0.000000,0.000000,0.000000,0.000000,2.832000,2.000000,2.000000,2.000000,1.992000,1.988000,1.988000,1.988000,1.988000,2.335000,0.000000,0.000000,0.000000,0.000000,0.000000,0.000000,0.000000,0.000000,0.000000,0.000000,0.000000,0.000000,0.000000,0.000000,0.000000,0.000000,
0.000000,0.000000,0.000000,0.000000,0.000000,0.000000,0.000000,0.000000,0.000000,0.000000,0.000000,0.000000,0.000000,2.457000,2.000000,2.000000,2.000000,1.990000,1.989000,1.988000,1.988000,1.988000,1.988000,1.979000,2.267000,0.000000,0.000000,0.000000,0.000000,0.000000,0.000000,0.000000,0.000000,0.000000,0.000000,0.000000,0.000000,0.000000,0.000000,0.000000,
0.000000,0.000000,0.000000,0.000000,0.000000,0.000000,0.000000,0.000000,0.000000,0.000000,0.000000,2.000000,2.000000,2.000000,2.000000,2.000000,1.998000,1.988000,1.988000,1.988000,1.988000,1.988000,1.988000,1.977000,1.977000,0.000000,0.000000,0.000000,0.000000,0.000000,0.000000,0.000000,0.000000,0.000000,0.000000,0.000000,0.000000,0.000000,0.000000,0.000000,
0.000000,0.000000,0.000000,0.000000,0.000000,0.000000,0.000000,0.000000,0.000000,1.977000,1.989000,2.000000,1.996000,1.995000,2.000000,2.000000,1.988000,1.988000,1.988000,1.988000,1.988000,1.988000,1.988000,1.977000,1.977000,1.998000,0.000000,0.000000,0.000000,0.000000,0.000000,0.000000,0.000000,0.000000,0.000000,0.000000,0.000000,0.000000,0.000000,0.000000,
0.000000,0.000000,0.000000,0.000000,0.000000,0.000000,0.000000,2.555000,2.317000,1.986000,1.997000,2.000000,1.991000,1.988000,2.000000,2.000000,1.997000,1.988000,1.988000,1.988000,1.988000,1.988000,1.988000,1.986000,1.986000,2.007000,2.592000,0.000000,0.000000,0.000000,0.000000,0.000000,0.000000,0.000000,0.000000,0.000000,0.000000,0.000000,0.000000,0.000000,
0.000000,0.000000,0.000000,0.000000,0.000000,0.000000,2.002000,1.988000,1.993000,1.999000,2.000000,2.000000,1.991000,1.988000,1.988000,1.988000,1.988000,1.988000,1.988000,1.988000,1.988000,1.988000,1.988000,1.988000,1.988000,2.009000,2.593000,0.000000,0.000000,0.000000,0.000000,0.000000,0.000000,0.000000,0.000000,0.000000,0.000000,0.000000,0.000000,0.000000,
0.000000,0.000000,0.000000,2.288000,2.000000,2.000000,2.000000,1.993000,1.991000,1.988000,2.000000,2.000000,1.991000,1.988000,1.988000,1.988000,1.988000,1.988000,1.988000,1.988000,1.988000,1.988000,1.988000,1.988000,1.988000,1.999000,2.597000,0.000000,0.000000,0.000000,0.000000,0.000000,0.000000,0.000000,0.000000,0.000000,0.000000,0.000000,0.000000,0.000000,
0.000000,0.000000,2.350000,2.000000,2.000000,2.000000,2.000000,2.000000,1.999000,1.997000,2.000000,2.000000,1.998000,1.988000,1.988000,1.988000,1.988000,1.988000,1.988000,1.988000,1.988000,1.988000,1.988000,1.988000,1.988000,1.999000,2.613000,0.000000,0.000000,0.000000,0.000000,0.000000,0.000000,0.000000,0.000000,0.000000,0.000000,0.000000,0.000000,0.000000,
0.000000,2.000000,2.000000,2.000000,2.000000,2.000000,2.000000,2.000000,2.000000,2.000000,2.000000,2.000000,2.000000,1.988000,1.988000,1.988000,1.988000,1.988000,1.988000,1.988000,1.988000,1.988000,1.988000,1.988000,1.988000,1.999000,2.000000,0.000000,0.000000,0.000000,0.000000,0.000000,0.000000,0.000000,0.000000,0.000000,0.000000,0.000000,0.000000,0.000000,
0.000000,2.000000,2.000000,2.000000,2.000000,2.000000,2.000000,2.000000,1.995000,1.995000,2.000000,2.000000,2.000000,1.988000,1.988000,1.988000,1.988000,1.988000,1.988000,1.988000,1.987000,1.984000,1.988000,1.988000,1.988000,1.999000,1.997000,1.988000,1.988000,0.000000,0.000000,0.000000,0.000000,0.000000,0.000000,0.000000,0.000000,0.000000,0.000000,0.000000,
0.000000,2.000000,2.000000,2.000000,2.000000,2.000000,2.000000,1.999000,1.988000,1.988000,1.992000,2.000000,2.000000,1.988000,1.988000,1.988000,1.988000,1.988000,1.988000,1.988000,1.985000,1.977000,1.980000,1.988000,1.988000,1.999000,1.999000,1.997000,1.997000,0.000000,0.000000,0.000000,0.000000,0.000000,0.000000,0.000000,0.000000,0.000000,0.000000,0.000000,
0.000000,2.000000,2.000000,2.000000,2.000000,2.000000,2.000000,1.988000,1.988000,1.988000,1.989000,1.995000,1.988000,1.988000,1.988000,1.988000,1.988000,1.988000,1.988000,1.988000,1.985000,1.977000,1.977000,1.988000,1.988000,1.999000,2.000000,2.000000,2.000000,0.000000,0.000000,0.000000,0.000000,0.000000,0.000000,0.000000,0.000000,0.000000,0.000000,0.000000,
0.000000,2.730000,2.004000,2.000000,2.000000,2.000000,2.000000,1.988000,1.990000,1.989000,1.988000,1.988000,1.988000,1.988000,1.988000,1.988000,1.988000,1.988000,1.988000,1.988000,1.988000,1.988000,1.988000,1.988000,1.988000,1.999000,2.000000,2.000000,2.007000,0.000000,0.000000,0.000000,0.000000,0.000000,0.000000,0.000000,0.000000,0.000000,0.000000,0.000000,
0.000000,0.000000,2.870000,2.000000,2.000000,2.000000,2.000000,1.996000,1.998000,1.997000,1.996000,1.988000,1.988000,1.988000,1.988000,1.988000,1.988000,1.988000,1.988000,1.996000,1.996000,1.991000,1.988000,1.988000,1.988000,1.999000,2.000000,2.000000,2.000000,2.166000,0.000000,0.000000,0.000000,0.000000,0.000000,0.000000,0.000000,0.000000,0.000000,0.000000,
0.000000,0.000000,0.000000,1.988000,1.988000,1.988000,1.997000,2.000000,2.000000,2.000000,1.999000,1.988000,1.988000,1.988000,1.988000,1.988000,1.988000,1.988000,1.988000,1.988000,1.991000,1.993000,1.988000,1.988000,1.988000,1.999000,2.000000,2.000000,2.000000,2.000000,2.008000,0.000000,0.000000,0.000000,0.000000,0.000000,0.000000,0.000000,0.000000,0.000000,
0.000000,0.000000,0.000000,2.151000,1.992000,1.992000,1.995000,1.997000,2.000000,2.000000,1.996000,1.996000,1.990000,1.988000,1.991000,1.991000,1.988000,1.988000,1.988000,1.988000,1.988000,1.988000,1.988000,1.988000,1.988000,1.999000,2.000000,2.000000,2.000000,1.999000,1.994000,1.993000,0.000000,0.000000,0.000000,0.000000,0.000000,0.000000,0.000000,0.000000,
0.000000,0.000000,0.000000,2.487000,2.000000,2.000000,1.991000,1.989000,2.000000,2.000000,1.988000,1.988000,1.988000,1.988000,1.988000,1.988000,1.988000,1.993000,1.988000,1.988000,1.988000,1.988000,1.988000,1.988000,1.988000,1.999000,2.000000,2.000000,2.000000,1.998000,1.982000,1.977000,0.000000,0.000000,0.000000,0.000000,0.000000,0.000000,0.000000,0.000000,
0.000000,0.000000,0.000000,2.483000,2.000000,2.000000,2.000000,2.000000,2.000000,2.000000,1.988000,1.992000,1.991000,1.988000,1.988000,1.988000,2.000000,1.988000,1.988000,1.988000,1.988000,1.988000,1.988000,1.988000,1.988000,1.999000,2.000000,2.000000,2.000000,1.988000,1.982000,1.977000,1.993000,0.000000,0.000000,0.000000,0.000000,0.000000,0.000000,0.000000,
0.000000,0.000000,0.000000,0.000000,2.000000,2.000000,2.000000,1.997000,1.997000,1.997000,1.991000,1.995000,1.994000,1.988000,1.988000,1.988000,2.000000,1.988000,1.990000,1.991000,1.991000,1.989000,1.988000,1.988000,1.988000,1.999000,2.000000,2.000000,2.000000,1.991000,1.986000,1.980000,1.982000,1.993000,0.000000,0.000000,0.000000,0.000000,0.000000,0.000000,
0.000000,0.000000,0.000000,0.000000,0.000000,2.000000,2.000000,1.988000,1.988000,1.988000,2.000000,2.000000,2.000000,1.988000,1.988000,1.988000,1.993000,1.995000,1.998000,2.000000,2.000000,1.993000,1.988000,1.988000,1.988000,1.999000,2.000000,2.000000,2.000000,2.000000,1.994000,1.988000,1.990000,2.006000,2.788000,0.000000,0.000000,0.000000,0.000000,0.000000,
0.000000,0.000000,0.000000,0.000000,0.000000,0.000000,1.991000,1.988000,1.988000,1.988000,2.000000,2.000000,2.000000,1.999000,1.988000,1.988000,1.988000,2.000000,2.000000,2.000000,2.000000,2.000000,1.989000,1.988000,1.988000,1.999000,2.000000,2.000000,2.000000,2.000000,2.000000,1.999000,1.999000,2.006000,2.012000,2.476000,0.000000,0.000000,0.000000,0.000000,
0.000000,0.000000,0.000000,0.000000,0.000000,0.000000,0.000000,1.988000,1.988000,1.988000,1.988000,1.988000,1.988000,2.000000,2.000000,2.000000,2.000000,2.000000,1.998000,1.997000,1.998000,2.000000,1.992000,1.988000,1.988000,1.999000,2.000000,2.000000,2.000000,2.010000,2.000000,2.000000,2.000000,2.000000,2.000000,2.323000,0.000000,0.000000,0.000000,0.000000,
0.000000,0.000000,0.000000,0.000000,0.000000,0.000000,0.000000,1.995000,1.995000,1.990000,1.988000,1.988000,1.988000,2.000000,2.000000,2.000000,2.000000,1.993000,1.990000,1.988000,1.989000,1.993000,2.000000,1.988000,1.988000,1.999000,2.000000,2.000000,2.000000,2.004000,2.000000,2.000000,2.000000,2.000000,2.000000,2.146000,0.000000,0.000000,0.000000,0.000000,
0.000000,0.000000,0.000000,0.000000,0.000000,0.000000,0.000000,2.000000,2.000000,1.991000,1.988000,1.988000,1.988000,2.000000,2.000000,2.000000,2.000000,1.988000,1.988000,1.988000,1.988000,1.988000,1.999000,1.988000,1.988000,1.999000,2.000000,2.000000,2.000000,2.000000,2.000000,2.000000,2.000000,2.000000,2.000000,2.001000,0.000000,0.000000,0.000000,0.000000,
0.000000,0.000000,0.000000,0.000000,0.000000,0.000000,0.000000,0.000000,2.357000,2.002000,2.000000,2.000000,2.000000,2.000000,2.000000,2.000000,2.000000,2.000000,1.992000,1.988000,1.988000,1.988000,1.999000,1.997000,1.988000,1.999000,2.000000,2.000000,2.000000,2.000000,2.000000,2.000000,2.000000,2.000000,2.000000,1.988000,1.988000,0.000000,0.000000,0.000000,
0.000000,0.000000,0.000000,0.000000,0.000000,0.000000,0.000000,0.000000,0.000000,2.375000,2.006000,2.000000,2.000000,2.000000,2.000000,2.000000,2.000000,2.000000,1.996000,1.988000,1.990000,1.995000,2.000000,1.999000,1.995000,1.999000,2.000000,2.000000,2.000000,2.007000,2.003000,2.000000,2.000000,2.000000,2.000000,1.988000,1.988000,0.000000,0.000000,0.000000,
0.000000,0.000000,0.000000,0.000000,0.000000,0.000000,0.000000,0.000000,0.000000,0.000000,2.001000,2.000000,2.000000,2.000000,2.000000,2.000000,2.000000,2.000000,2.000000,1.998000,1.999000,2.000000,2.000000,2.000000,2.000000,2.000000,2.000000,2.000000,2.009000,2.012000,2.006000,2.000000,2.000000,2.000000,2.000000,1.988000,1.984000,2.252000,0.000000,0.000000,
0.000000,0.000000,0.000000,0.000000,0.000000,0.000000,0.000000,0.000000,0.000000,0.000000,2.000000,2.000000,2.000000,2.000000,2.000000,2.000000,2.000000,2.000000,2.000000,2.000000,2.000000,1.993000,1.988000,2.000000,2.000000,2.002000,2.000000,2.001000,2.011000,2.012000,2.007000,2.002000,2.002000,2.000000,2.000000,1.999000,1.985000,1.979000,0.000000,0.000000,
0.000000,0.000000,0.000000,0.000000,0.000000,0.000000,0.000000,0.000000,0.000000,0.000000,0.000000,2.000000,2.000000,2.000000,2.000000,2.000000,2.000000,2.000000,2.000000,2.000000,2.000000,1.993000,1.988000,2.000000,2.000000,2.011000,2.000000,2.003000,2.011000,2.012000,2.012000,2.007000,2.005000,2.000000,2.000000,2.000000,1.997000,1.994000,0.000000,0.000000,
0.000000,0.000000,0.000000,0.000000,0.000000,0.000000,0.000000,0.000000,0.000000,0.000000,0.000000,2.000000,2.000000,2.000000,2.000000,2.000000,2.000000,2.000000,2.000000,2.000000,2.000000,1.999000,1.998000,2.000000,2.000000,2.011000,2.000000,2.000000,2.002000,2.004000,2.012000,2.002000,2.000000,2.000000,2.000000,2.000000,2.000000,0.000000,0.000000,0.000000,
0.000000,0.000000,0.000000,0.000000,0.000000,0.000000,0.000000,0.000000,0.000000,0.000000,0.000000,0.000000,2.000000,2.000000,2.000000,2.000000,2.000000,2.000000,2.000000,2.000000,2.000000,2.000000,2.000000,2.000000,2.000000,2.000000,2.000000,2.000000,2.000000,2.000000,2.000000,2.000000,2.000000,2.000000,2.000000,2.725000,0.000000,0.000000,0.000000,0.000000,
0.000000,0.000000,0.000000,0.000000,0.000000,0.000000,0.000000,0.000000,0.000000,0.000000,0.000000,0.000000,2.002000,2.000000,2.000000,2.000000,2.000000,2.000000,2.000000,2.000000,2.000000,2.000000,2.000000,2.000000,2.003000,2.006000,2.000000,2.000000,2.000000,2.000000,2.000000,2.000000,2.000000,2.635000,0.000000,0.000000,0.000000,0.000000,0.000000,0.000000,
0.000000,0.000000,0.000000,0.000000,0.000000,0.000000,0.000000,0.000000,0.000000,0.000000,0.000000,0.000000,2.599000,2.000000,2.000000,2.000000,2.000000,2.000000,1.994000,1.990000,2.000000,2.000000,2.000000,2.000000,2.007000,2.012000,2.010000,2.010000,2.001000,2.002000,2.010000,2.010000,2.357000,0.000000,0.000000,0.000000,0.000000,0.000000,0.000000,0.000000,
0.000000,0.000000,0.000000,0.000000,0.000000,0.000000,0.000000,0.000000,0.000000,0.000000,0.000000,0.000000,2.979000,2.010000,2.000000,2.000000,2.000000,2.000000,1.992000,1.988000,2.000000,2.000000,2.000000,2.000000,2.007000,2.012000,2.012000,2.012000,2.012000,2.014000,2.014000,2.014000,2.743000,0.000000,0.000000,0.000000,0.000000,0.000000,0.000000,0.000000,
0.000000,0.000000,0.000000,0.000000,0.000000,0.000000,0.000000,0.000000,0.000000,0.000000,0.000000,0.000000,0.000000,2.000000,2.000000,2.000000,2.000000,2.000000,1.996000,1.993000,1.998000,1.995000,1.995000,1.995000,2.002000,2.007000,2.007000,2.013000,1.219000,1.105000,1.105000,1.878000,0.000000,0.000000,0.000000,0.000000,0.000000,0.000000,0.000000,0.000000,
0.000000,2.179000,0.000000,0.000000,0.000000,0.000000,0.000000,0.000000,0.000000,0.000000,0.000000,0.000000,0.000000,0.000000,0.000000,2.000000,2.000000,2.000000,2.000000,2.000000,1.997000,1.988000,1.988000,1.988000,1.985000,1.982000,1.973000,1.138000,0.000000,0.000000,0.000000,1.698000,2.110000,2.630000,0.000000,0.000000,0.000000,0.000000,0.000000,0.000000,
0.000000,2.088000,2.088000,0.000000,0.000000,0.000000,0.000000,0.000000,0.000000,0.000000,0.000000,0.000000,0.000000,0.000000,0.000000,2.089000,2.000000,2.000000,2.000000,1.999000,1.999000,2.000000,2.000000,1.941000,1.794000,1.790000,1.779000,0.000000,0.000000,0.000000,0.000000,2.005000,2.011000,2.002000,2.021000,0.000000,0.000000,0.000000,0.000000,0.000000,
0.000000,2.089000,2.093000,2.093000,0.000000,0.000000,0.000000,0.000000,0.000000,0.000000,0.000000,0.000000,0.000000,0.000000,0.000000,2.827000,2.005000,2.000000,2.000000,1.988000,1.991000,2.000000,2.000000,1.702000,0.000000,0.000000,0.000000,0.000000,0.000000,0.000000,0.000000,1.694000,2.025000,2.025000,2.021000,2.027000,2.702000,0.000000,0.000000,0.000000,
0.000000,0.000000,0.000000,0.000000,0.000000,0.000000,0.000000,0.000000,0.000000,0.000000,0.000000,0.000000,0.000000,0.000000,0.000000,0.000000,0.000000,0.000000,0.000000,0.000000,0.000000,0.000000,0.000000,0.000000,0.000000,0.000000,0.000000,0.000000,0.000000,0.000000,0.000000,0.000000,0.000000,0.000000,0.000000,0.000000,0.000000,0.000000,0.000000,0.000000,
