0.000000,0.000000,0.000000,0.000000,0.000000,0.000000,0.000000,0.000000,0.000000,0.000000,0.000000,1.991000,1.994000,0.000000,0.000000,0.000000,0.000000,0.000000,0.000000,0.000000,0.000000,0.000000,0.000000,0.000000,0.000000,0.000000,0.000000,0.000000,0.000000,0.000000,0.000000,0.000000,0.000000,0.000000,0.000000,0.000000,0.000000,0.000000,0.000000,0.000000,
0.000000,0.000000,0.000000,0.000000,0.000000,0.000000,0.000000,0.000000,0.000000,0.000000,1.997000,1.991000,1.991000,1.993000,1.991000,1.991000,2.369000,2.642000,2.646000,2.644000,2.656000,0.000000,0.000000,0.000000,0.000000,0.000000,0.000000,0.000000,0.000000,0.000000,0.000000,0.000000,0.000000,0.000000,0.000000,0.000000,0.000000,0.000000,0.000000,0.000000,
0.000000,0.000000,0.000000,0.000000,0.000000,0.000000,0.000000,0.000000,0.000000,0.000000,1.995000,1.991000,1.991000,1.991000,1.991000,1.991000,1.982000,1.982000,1.988000,1.991000,1.991000,1.991000,1.998000,0.000000,0.000000,0.000000,0.000000,0.000000,0.000000,0.000000,0.000000,0.000000,0.000000,0.000000,0.000000,0.000000,0.000000,0.000000,0.000000,0.000000,
0.000000,0.000000,0.000000,0.000000,0.000000,0.000000,0.000000,0.000000,0.000000,2.750000,1.991000,1.991000,1.991000,1.991000,1.991000,1.991000,1.985000,1.982000,1.988000,1.991000,1.991000,1.991000,1.998000,2.003000,2.003000,1.998000,1.992000,2.531000,2.531000,2.005000,2.521000,0.000000,0.000000,0.000000,0.000000,0.000000,0.000000,0.000000,0.000000,0.000000,
0.000000,0.000000,0.000000,0.000000,0.000000,0.000000,0.000000,0.000000,0.000000,1.982000,1.982000,1.991000,1.991000,1.982000,1.982000,1.991000,1.991000,1.991000,1.993000,2.000000,2.000000,2.000000,2.000000,2.000000,2.000000,1.998000,1.994000,2.000000,2.000000,2.000000,2.015000,2.017000,0.000000,0.000000,0.000000,0.000000,0.000000,0.000000,0.000000,0.000000,
0.000000,0.000000,0.000000,0.000000,0.000000,0.000000,0.000000,0.000000,0.000000,1.975000,1.981000,1.991000,1.991000,1.982000,1.986000,1.991000,1.996000,1.999000,2.000000,2.000000,2.000000,2.000000,2.000000,2.000000,2.000000,2.000000,2.000000,2.000000,2.000000,2.000000,2.009000,2.009000,2.010000,2.197000,2.361000,0.000000,0.000000,0.000000,0.000000,0.000000,
0.000000,0.000000,0.000000,0.000000,0.000000,0.000000,0.000000,0.000000,0.000000,1.981000,1.984000,1.987000,1.987000,1.991000,1.991000,1.991000,1.991000,1.992000,1.996000,1.996000,1.996000,2.000000,2.000000,2.000000,2.000000,2.000000,2.000000,2.000000,2.000000,2.000000,2.009000,2.009000,2.009000,2.004000,2.009000,0.000000,0.000000,0.000000,0.000000,0.000000,
0.000000,0.000000,0.000000,0.000000,0.000000,0.000000,0.000000,0.000000,0.000000,1.991000,1.982000,1.982000,1.982000,1.991000,1.991000,1.991000,1.991000,1.991000,1.991000,1.991000,1.991000,2.000000,2.000000,2.000000,2.000000,2.000000,2.000000,2.000000,2.000000,2.000000,2.009000,2.009000,2.009000,2.009000,2.009000,0.000000,0.000000,0.000000,0.000000,0.000000,
0.000000,0.000000,0.000000,0.000000,0.000000,0.000000,0.000000,0.000000,1.982000,1.982000,1.986000,1.991000,1.982000,1.991000,1.991000,1.991000,1.993000,1.995000,1.993000,1.992000,2.000000,2.000000,2.000000,2.000000,2.000000,2.000000,2.000000,2.000000,2.000000,2.000000,2.009000,2.009000,2.009000,2.005000,2.005000,0.000000,0.000000,0.000000,0.000000,0.000000,
0.000000,0.000000,0.000000,0.000000,0.000000,0.000000,0.000000,2.457000,1.988000,1.982000,1.991000,1.991000,1.982000,1.991000,1.991000,1.991000,1.996000,2.000000,2.000000,2.000000,2.000000,2.000000,2.000000,2.000000,2.000000,2.000000,2.000000,2.000000,2.000000,2.000000,2.009000,2.009000,2.009000,2.000000,2.005000,0.000000,0.000000,0.000000,0.000000,0.000000,
0.000000,0.000000,0.000000,0.000000,0.000000,0.000000,0.000000,2.448000,1.985000,1.982000,1.991000,1.986000,1.989000,1.991000,1.991000,1.986000,1.989000,1.996000,2.000000,2.000000,2.000000,2.000000,2.000000,2.000000,2.000000,2.000000,2.000000,2.000000,2.000000,2.000000,2.009000,2.009000,2.009000,2.009000,0.000000,0.000000,0.000000,0.000000,0.000000,0.000000,
0.000000,0.000000,0.000000,0.000000,0.000000,0.000000,0.000000,2.440000,1.982000,1.982000,1.982000,1.982000,1.986000,1.991000,1.995000,1.982000,1.987000,1.992000,2.000000,2.000000,2.000000,2.000000,2.000000,2.000000,2.000000,2.000000,2.000000,2.000000,2.000000,2.000000,2.009000,2.009000,2.009000,0.000000,0.000000,0.000000,0.000000,0.000000,0.000000,0.000000,
0.000000,0.000000,0.000000,0.000000,0.000000,0.000000,0.000000,2.443000,1.982000,1.982000,1.982000,1.982000,1.986000,1.991000,1.991000,1.991000,1.982000,1.991000,1.991000,2.000000,2.000000,2.000000,2.000000,2.000000,2.000000,2.000000,2.000000,2.000000,2.000000,2.000000,2.009000,2.009000,2.009000,0.000000,0.000000,0.000000,0.000000,0.000000,0.000000,0.000000,
0.000000,0.000000,0.000000,0.000000,0.000000,0.000000,0.000000,1.982000,1.982000,1.982000,1.982000,1.982000,1.991000,1.991000,1.991000,1.991000,1.991000,1.991000,1.991000,2.000000,2.000000,2.000000,2.000000,2.000000,2.000000,2.000000,2.000000,2.000000,2.000000,2.000000,2.009000,2.009000,2.009000,0.000000,0.000000,0.000000,0.000000,0.000000,0.000000,0.000000,
0.000000,0.000000,0.000000,0.000000,0.000000,0.000000,0.000000,1.982000,1.985000,1.988000,1.988000,1.988000,1.991000,1.991000,1.994000,1.991000,1.991000,1.991000,1.995000,2.000000,2.000000,2.000000,2.000000,2.000000,2.000000,2.000000,2.000000,2.000000,2.000000,2.000000,2.009000,2.009000,2.015000,0.000000,0.000000,0.000000,0.000000,0.000000,0.000000,0.000000,
0.000000,0.000000,0.000000,0.000000,0.000000,0.000000,0.000000,1.983000,1.986000,1.991000,1.991000,1.991000,1.991000,2.000000,2.000000,1.991000,1.991000,1.991000,1.997000,2.000000,2.000000,2.000000,2.000000,2.000000,2.000000,2.000000,2.000000,2.000000,2.000000,2.000000,2.009000,2.009000,2.020000,0.000000,0.000000,0.000000,0.000000,0.000000,0.000000,0.000000,
0.000000,0.000000,0.000000,0.000000,0.000000,2.398000,0.000000,1.991000,1.991000,1.991000,1.991000,1.991000,1.991000,1.994000,1.994000,1.991000,1.991000,1.991000,1.993000,2.000000,2.000000,2.000000,2.000000,2.000000,2.000000,2.000000,2.000000,2.000000,2.000000,2.000000,2.009000,2.009000,2.024000,0.000000,0.000000,0.000000,0.000000,0.000000,0.000000,0.000000,
0.000000,0.000000,0.000000,0.000000,0.000000,2.621000,2.000000,2.000000,1.995000,1.989000,1.989000,1.991000,1.991000,1.991000,1.991000,1.991000,1.991000,1.991000,1.991000,2.000000,1.999000,1.998000,2.000000,2.000000,2.000000,2.000000,2.000000,2.000000,2.000000,2.000000,2.009000,2.009000,2.024000,0.000000,0.000000,0.000000,0.000000,0.000000,0.000000,0.000000,
0.000000,0.000000,0.000000,0.000000,0.000000,2.611000,2.000000,2.000000,1.988000,1.982000,1.982000,1.991000,1.991000,1.991000,1.991000,1.991000,1.991000,1.992000,1.998000,2.000000,1.994000,1.991000,1.998000,2.000000,2.000000,2.000000,2.000000,2.000000,2.000000,2.000000,2.009000,2.009000,2.024000,0.000000,0.000000,0.000000,0.000000,0.000000,0.000000,0.000000,
0.000000,0.000000,0.000000,0.000000,0.000000,2.607000,2.000000,2.000000,1.989000,1.984000,1.982000,1.991000,1.991000,1.993000,1.991000,1.991000,1.992000,2.000000,2.000000,2.000000,2.000000,2.000000,2.000000,2.000000,2.000000,2.000000,2.000000,2.000000,2.000000,2.000000,2.009000,2.009000,2.024000,0.000000,0.000000,0.000000,0.000000,0.000000,0.000000,0.000000,
0.000000,0.000000,0.000000,0.000000,0.000000,2.602000,1.993000,1.999000,1.991000,1.991000,1.982000,1.991000,1.991000,1.993000,1.991000,1.991000,1.996000,2.000000,2.000000,2.000000,1.995000,1.994000,2.000000,2.000000,2.000000,2.000000,2.000000,2.000000,2.000000,2.000000,2.009000,2.009000,2.024000,0.000000,0.000000,0.000000,0.000000,0.000000,0.000000,0.000000,
0.000000,0.000000,0.000000,0.000000,0.000000,2.613000,1.991000,1.991000,1.991000,1.991000,1.991000,1.991000,1.991000,1.991000,1.991000,1.991000,1.996000,2.000000,2.000000,1.999000,1.991000,1.993000,2.000000,2.000000,2.000000,2.000000,2.000000,2.000000,2.000000,2.000000,2.009000,2.009000,0.000000,0.000000,0.000000,0.000000,0.000000,0.000000,0.000000,0.000000,
0.000000,0.000000,0.000000,0.000000,0.000000,2.607000,1.983000,1.990000,1.991000,1.998000,1.995000,1.991000,1.991000,1.991000,1.991000,1.991000,1.992000,1.993000,2.000000,1.999000,1.991000,1.993000,2.000000,2.000000,2.000000,2.000000,2.000000,2.000000,2.000000,2.000000,2.009000,2.009000,0.000000,0.000000,0.000000,0.000000,0.000000,0.000000,0.000000,0.000000,
0.000000,0.000000,0.000000,0.000000,0.000000,1.991000,1.985000,1.990000,1.991000,1.991000,1.991000,1.991000,1.991000,1.991000,1.991000,1.991000,1.993000,1.995000,2.000000,2.000000,1.996000,1.996000,2.000000,2.000000,2.000000,2.000000,2.000000,2.000000,2.000000,2.000000,2.009000,0.000000,0.000000,0.000000,0.000000,0.000000,0.000000,0.000000,0.000000,0.000000,
0.000000,0.000000,0.000000,0.000000,2.224000,2.002000,1.991000,1.991000,1.991000,1.991000,1.991000,1.991000,1.991000,1.991000,1.991000,1.991000,2.000000,2.000000,2.000000,2.000000,2.000000,2.000000,2.000000,2.000000,2.000000,2.000000,2.000000,2.000000,2.000000,2.000000,2.009000,0.000000,0.000000,0.000000,0.000000,0.000000,0.000000,0.000000,0.000000,0.000000,
0.000000,0.000000,0.000000,0.000000,2.891000,1.999000,1.988000,1.982000,1.982000,1.990000,1.991000,1.991000,1.991000,1.991000,1.991000,1.996000,1.998000,2.000000,2.000000,1.991000,1.997000,2.000000,2.000000,2.000000,2.000000,2.000000,1.997000,1.998000,2.000000,2.002000,2.005000,0.000000,0.000000,0.000000,0.000000,0.000000,0.000000,0.000000,0.000000,0.000000,
0.000000,0.000000,0.000000,0.000000,0.000000,1.993000,1.988000,1.982000,1.982000,1.982000,1.991000,1.991000,1.991000,1.991000,1.991000,1.991000,1.996000,2.000000,2.000000,2.000000,2.000000,2.000000,1.994000,1.994000,2.000000,2.000000,1.992000,1.991000,1.999000,2.000000,2.000000,0.000000,0.000000,0.000000,0.000000,0.000000,0.000000,0.000000,0.000000,0.000000,
0.000000,0.000000,0.000000,0.000000,1.999000,1.985000,1.983000,1.990000,1.982000,1.986000,1.991000,1.987000,1.989000,1.991000,1.986000,1.982000,1.991000,2.000000,2.000000,2.000000,2.000000,2.000000,1.997000,1.997000,2.000000,2.000000,1.996000,1.995000,2.000000,1.991000,1.991000,0.000000,0.000000,0.000000,0.000000,0.000000,0.000000,0.000000,0.000000,0.000000,
0.000000,0.000000,0.000000,0.000000,1.998000,1.984000,1.982000,1.990000,1.991000,1.991000,1.991000,1.983000,1.986000,1.991000,1.991000,1.991000,1.991000,2.000000,2.000000,2.000000,2.000000,2.000000,2.000000,2.000000,2.000000,2.000000,2.000000,2.000000,2.000000,1.991000,1.991000,0.000000,0.000000,0.000000,0.000000,0.000000,0.000000,0.000000,0.000000,0.000000,
0.000000,0.000000,0.000000,0.000000,1.994000,1.988000,1.982000,1.990000,1.993000,1.991000,1.991000,1.991000,1.991000,1.995000,1.995000,1.991000,1.996000,2.000000,2.000000,2.000000,2.000000,2.000000,2.000000,2.000000,2.000000,2.000000,2.000000,2.000000,1.996000,1.982000,1.982000,0.000000,0.000000,0.000000,0.000000,0.000000,0.000000,0.000000,0.000000,0.000000,
0.000000,0.000000,0.000000,0.000000,1.991000,1.984000,1.982000,1.990000,1.999000,1.992000,1.991000,1.991000,2.000000,1.992000,1.991000,2.000000,1.999000,1.991000,1.991000,2.000000,2.000000,1.999000,2.000000,2.000000,2.000000,2.000000,2.000000,1.997000,1.983000,1.986000,2.179000,0.000000,0.000000,0.000000,0.000000,0.000000,0.000000,0.000000,0.000000,0.000000,
0.000000,0.000000,0.000000,0.000000,1.986000,1.983000,1.982000,1.990000,1.991000,1.991000,1.991000,1.996000,2.000000,2.000000,1.991000,2.000000,1.991000,1.986000,1.989000,1.992000,2.000000,1.991000,1.998000,2.000000,2.000000,2.000000,2.000000,1.997000,1.988000,2.846000,0.000000,0.000000,0.000000,0.000000,0.000000,0.000000,0.000000,0.000000,0.000000,0.000000,
0.000000,0.000000,0.000000,0.000000,1.974000,1.974000,1.977000,1.990000,1.991000,1.991000,1.991000,1.999000,1.999000,1.999000,1.995000,1.991000,1.995000,1.982000,1.988000,1.992000,2.000000,1.992000,1.998000,2.000000,2.000000,2.000000,2.000000,1.991000,1.991000,0.000000,0.000000,0.000000,0.000000,0.000000,0.000000,0.000000,0.000000,0.000000,0.000000,0.000000,
0.000000,0.000000,0.000000,0.000000,1.974000,1.974000,1.978000,1.990000,1.991000,1.991000,1.991000,1.991000,1.993000,1.991000,1.991000,1.991000,1.995000,1.988000,1.993000,1.997000,2.000000,2.000000,2.000000,2.000000,2.000000,2.000000,2.000000,1.997000,1.997000,0.000000,0.000000,0.000000,0.000000,0.000000,0.000000,0.000000,0.000000,0.000000,0.000000,0.000000,
0.000000,0.000000,0.000000,0.000000,1.981000,1.974000,1.974000,1.986000,1.991000,1.991000,1.987000,1.981000,1.981000,1.991000,1.990000,1.988000,1.991000,1.993000,2.000000,2.000000,2.000000,2.000000,2.000000,2.000000,2.000000,2.000000,2.000000,2.000000,2.000000,0.000000,0.000000,0.000000,0.000000,0.000000,0.000000,0.000000,0.000000,0.000000,0.000000,0.000000,
0.000000,0.000000,0.000000,0.000000,0.000000,0.000000,0.000000,0.000000,0.000000,1.991000,1.984000,1.974000,1.981000,1.991000,1.982000,1.974000,1.986000,1.994000,1.996000,1.995000,2.000000,2.000000,1.995000,1.994000,1.994000,2.000000,2.000000,2.000000,2.000000,0.000000,0.000000,0.000000,0.000000,0.000000,0.000000,0.000000,0.000000,0.000000,0.000000,0.000000,
0.000000,0.000000,0.000000,0.000000,0.000000,0.000000,0.000000,0.000000,0.000000,0.000000,0.000000,0.000000,0.000000,1.974000,1.921000,1.965000,1.970000,1.991000,1.991000,1.992000,2.000000,2.000000,1.993000,1.992000,1.993000,2.000000,2.000000,2.000000,2.000000,0.000000,0.000000,0.000000,0.000000,0.000000,0.000000,0.000000,0.000000,0.000000,0.000000,0.000000,
0.000000,0.000000,0.000000,0.000000,0.000000,0.000000,0.000000,0.000000,0.000000,0.000000,0.000000,0.000000,0.000000,1.908000,1.902000,1.965000,1.970000,1.991000,1.995000,1.998000,2.000000,2.000000,1.998000,1.998000,2.000000,2.000000,2.000000,2.000000,2.000000,0.000000,0.000000,0.000000,0.000000,0.000000,0.000000,0.000000,0.000000,0.000000,0.000000,0.000000,
0.000000,0.000000,0.000000,0.000000,0.000000,0.000000,0.000000,0.000000,0.000000,0.000000,0.000000,0.000000,0.000000,1.459000,1.453000,2.893000,0.000000,0.000000,2.908000,2.868000,2.868000,2.929000,2.242000,2.000000,2.000000,2.002000,2.000000,2.002000,0.000000,0.000000,0.000000,0.000000,0.000000,0.000000,0.000000,0.000000,0.000000,0.000000,0.000000,0.000000,
0.000000,0.000000,0.000000,0.000000,0.000000,0.000000,0.000000,0.000000,0.000000,0.000000,0.000000,0.000000,0.000000,0.000000,0.000000,0.000000,0.000000,0.000000,0.000000,0.000000,0.000000,0.000000,0.000000,0.000000,0.000000,0.000000,0.000000,0.000000,0.000000,0.000000,0.000000,0.000000,0.000000,0.000000,0.000000,0.000000,0.000000,0.000000,0.000000,0.000000,
