40 40
0.000000 0.000000 0.000000 0.000000 0.000000 0.000000 0.000000 0.000000 0.000000 0.000000 0.000000 0.000000 0.000000 0.000000 0.000000 0.000000 0.000000 0.000000 0.000000 0.000000 0.000000 0.000000 0.000000 0.000000 0.000000 0.000000 0.000000 0.000000 0.000000 0.000000 0.000000 0.000000 0.000000 0.000000 0.000000 0.000000 0.000000 0.000000 0.000000 0.000000 
0.000000 0.000000 0.000000 0.000000 0.000000 0.000000 0.000000 0.000000 0.000000 0.000000 0.000000 0.000000 0.000000 0.000000 0.000000 0.000000 0.000000 0.000000 0.000000 0.000000 0.000000 0.000000 0.000000 0.000000 0.000000 0.000000 0.000000 0.000000 0.000000 0.000000 0.000000 0.000000 0.000000 0.000000 0.000000 0.000000 0.000000 0.000000 0.000000 0.000000 
0.000000 0.000000 0.000000 0.000000 0.000000 0.000000 0.000000 0.000000 0.000000 0.000000 0.000000 0.000000 0.000000 0.000000 0.000000 0.000000 0.000000 0.000000 0.000000 0.000000 0.000000 0.000000 0.000000 0.000000 0.000000 0.000000 0.000000 0.000000 0.000000 0.000000 0.000000 0.000000 0.000000 0.000000 0.000000 0.000000 0.000000 0.000000 0.000000 0.000000 
0.000000 0.000000 0.000000 0.000000 0.000000 0.000000 0.000000 0.000000 0.000000 0.000000 0.000000 0.000000 0.000000 0.000000 0.000000 0.000000 0.000000 0.000000 0.000000 0.000000 0.000000 0.000000 0.000000 0.000000 0.000000 0.000000 0.000000 0.000000 0.000000 0.000000 0.000000 0.000000 0.000000 0.000000 0.000000 0.000000 0.000000 0.000000 0.000000 0.000000 
0.000000 0.000000 0.000000 0.000000 0.000000 0.000000 0.000000 0.000000 0.000000 0.000000 0.000000 0.000000 0.000000 0.000000 0.000000 0.000000 0.000000 0.000000 0.000000 0.000000 0.000000 0.000000 0.000000 0.000000 0.000000 0.000000 0.000000 0.000000 0.000000 0.000000 0.000000 0.000000 0.000000 0.000000 0.000000 0.000000 0.000000 0.000000 0.000000 0.000000 
0.000000 0.000000 0.000000 0.000000 0.000000 0.000000 0.000000 0.000000 0.000000 0.000000 0.000000 0.000000 0.000000 0.000000 0.000000 0.000000 0.000000 0.000000 0.000000 0.000000 0.000000 0.000000 0.000000 0.000000 0.000000 0.000000 0.000000 0.000000 0.000000 0.000000 0.000000 0.000000 0.000000 0.000000 0.000000 0.000000 0.000000 0.000000 0.000000 0.000000 
0.000000 0.000000 0.000000 0.000000 0.000000 0.000000 0.000000 0.000000 0.000000 0.000000 0.000000 0.000000 0.000000 0.000000 0.000000 0.000000 0.000000 0.000000 0.000000 0.000000 0.000000 0.000000 0.000000 0.000000 0.000000 0.000000 0.000000 0.000000 0.000000 0.000000 0.000000 0.000000 0.000000 0.000000 0.000000 0.000000 0.000000 0.000000 0.000000 0.000000 
0.000000 0.000000 0.000000 0.000000 0.000000 0.000000 0.000000 0.000000 0.000000 0.000000 0.000000 0.000000 0.000000 0.000000 0.000000 0.000000 0.000000 0.000000 0.000000 0.000000 0.000000 0.000000 0.000000 0.000000 0.000000 0.000000 0.000000 0.000000 0.000000 0.000000 0.000000 0.000000 0.000000 0.000000 0.000000 0.000000 0.000000 0.000000 0.000000 0.000000 
0.000000 0.000000 0.000000 0.000000 0.000000 0.000000 0.000000 0.000000 0.000000 0.000000 0.000000 0.000000 0.000000 0.000000 0.000000 0.000000 0.000000 0.000000 0.000000 0.000000 0.000000 0.000000 0.000000 0.000000 0.000000 0.000000 0.000000 0.000000 0.000000 0.000000 0.000000 0.000000 0.000000 0.000000 0.000000 0.000000 0.000000 0.000000 0.000000 0.000000 
0.000000 0.000000 0.000000 0.000000 0.000000 0.000000 0.000000 0.000000 0.000000 0.000000 0.000000 0.000000 0.000000 0.000000 0.000000 0.000000 0.000000 0.000000 0.000000 0.000000 0.000000 0.000000 0.000000 0.000000 0.000000 0.000000 0.000000 0.000000 0.000000 0.000000 0.000000 0.000000 0.000000 0.000000 0.000000 0.000000 0.000000 0.000000 0.000000 0.000000 
0.000000 0.000000 0.000000 0.000000 0.000000 0.000000 0.000000 0.000000 0.000000 0.000000 0.000000 0.000000 0.000000 0.000000 0.000000 0.000000 0.000000 0.000000 0.000000 0.000000 0.000000 0.000000 0.000000 0.000000 0.000000 0.000000 0.000000 0.000000 0.000000 0.000000 0.000000 0.000000 0.000000 0.000000 0.000000 0.000000 0.000000 0.000000 0.000000 0.000000 
0.000000 0.000000 0.000000 0.000000 0.000000 0.000000 0.000000 0.000000 0.000000 0.000000 0.000000 0.000000 0.000000 0.000000 0.000000 0.000000 0.000000 0.000000 0.000000 0.000000 0.000000 0.000000 0.000000 0.000000 0.000000 0.000000 0.000000 0.000000 0.000000 0.000000 0.000000 0.000000 0.000000 0.000000 0.000000 0.000000 0.000000 0.000000 0.000000 0.000000 
0.000000 0.000000 0.000000 0.000000 0.000000 0.000000 0.000000 0.000000 0.000000 0.000000 0.000000 0.000000 0.000000 0.000000 0.000000 0.000000 0.000000 0.000000 0.000000 0.000000 0.000000 0.000000 0.000000 0.000000 0.000000 0.000000 0.000000 0.000000 0.000000 0.000000 0.000000 0.000000 0.000000 0.000000 0.000000 0.000000 0.000000 0.000000 0.000000 0.000000 
2.385000 2.360000 2.360000 2.360000 2.360000 2.360000 2.360000 2.360000 2.360000 2.338000 2.291000 2.244000 2.198000 2.174000 2.174000 2.196000 2.241000 2.266000 2.266000 2.266000 2.266000 2.245000 2.199000 2.174000 2.174000 2.174000 2.174000 2.332000 2.687000 2.885000 2.885000 2.885000 2.885000 2.814000 2.652000 2.559000 2.559000 2.629000 2.791000 2.885000 
2.361000 2.337000 2.337000 2.337000 2.337000 2.331000 2.320000 2.314000 2.314000 2.297000 2.262000 2.227000 2.192000 2.174000 2.174000 2.190000 2.225000 2.243000 2.243000 2.243000 2.243000 2.222000 2.177000 2.152000 2.152000 2.152000 2.152000 2.271000 2.538000 2.691000 2.702000 2.703000 2.693000 2.624000 2.481000 2.399000 2.399000 2.497000 2.725000 2.857000 
2.314000 2.290000 2.290000 2.290000 2.290000 2.273000 2.239000 2.221000 2.221000 2.215000 2.203000 2.192000 2.180000 2.174000 2.174000 2.179000 2.191000 2.197000 2.197000 2.197000 2.197000 2.177000 2.132000 2.108000 2.108000 2.108000 2.108000 2.148000 2.238000 2.302000 2.335000 2.339000 2.306000 2.242000 2.138000 2.079000 2.079000 2.233000 2.593000 2.801000 
2.284000 2.266000 2.266000 2.266000 2.266000 2.244000 2.198000 2.174000 2.174000 2.174000 2.174000 2.174000 2.174000 2.174000 2.174000 2.174000 2.174000 2.169000 2.158000 2.152000 2.152000 2.132000 2.089000 2.065000 2.065000 2.065000 2.065000 2.065000 2.065000 2.084000 2.128000 2.133000 2.089000 2.028000 1.945000 1.897000 1.897000 2.034000 2.356000 2.541000 
2.272000 2.266000 2.266000 2.266000 2.266000 2.244000 2.198000 2.174000 2.174000 2.174000 2.174000 2.174000 2.174000 2.174000 2.174000 2.174000 2.174000 2.159000 2.126000 2.108000 2.108000 2.089000 2.045000 2.022000 2.022000 2.022000 2.022000 2.022000 2.022000 2.041000 2.084000 2.089000 2.046000 1.986000 1.904000 1.857000 1.857000 1.903000 2.011000 2.074000 
2.243000 2.243000 2.243000 2.243000 2.243000 2.227000 2.192000 2.169000 2.158000 2.152000 2.152000 2.152000 2.152000 2.152000 2.152000 2.152000 2.152000 2.137000 2.104000 2.081000 2.071000 2.050000 2.018000 1.995000 1.985000 1.980000 1.980000 1.980000 1.980000 1.994000 2.026000 2.026000 1.984000 1.933000 1.871000 1.836000 1.836000 1.832000 1.822000 1.817000 
2.198000 2.198000 2.198000 2.198000 2.198000 2.192000 2.180000 2.158000 2.126000 2.109000 2.109000 2.109000 2.109000 2.109000 2.109000 2.109000 2.109000 2.103000 2.092000 2.071000 2.039000 2.017000 2.006000 1.986000 1.955000 1.938000 1.938000 1.938000 1.938000 1.943000 1.954000 1.942000 1.901000 1.869000 1.848000 1.836000 1.836000 1.824000 1.795000 1.778000 
2.174000 2.174000 2.174000 2.169000 2.158000 2.153000 2.153000 2.137000 2.103000 2.086000 2.086000 2.086000 2.086000 2.086000 2.086000 2.086000 2.086000 2.081000 2.071000 2.050000 2.018000 2.000000 2.000000 1.981000 1.940000 1.917000 1.917000 1.917000 1.917000 1.917000 1.917000 1.899000 1.859000 1.836000 1.836000 1.832000 1.822000 1.804000 1.775000 1.758000 
2.174000 2.174000 2.174000 2.158000 2.125000 2.109000 2.109000 2.103000 2.092000 2.086000 2.086000 2.086000 2.086000 2.086000 2.086000 2.086000 2.086000 2.071000 2.039000 2.017000 2.006000 2.000000 2.000000 1.981000 1.940000 1.917000 1.917000 1.917000 1.917000 1.917000 1.917000 1.899000 1.859000 1.836000 1.836000 1.824000 1.795000 1.774000 1.764000 1.758000 
2.174000 2.174000 2.174000 2.152000 2.109000 2.086000 2.086000 2.086000 2.086000 2.086000 2.086000 2.086000 2.086000 2.081000 2.071000 2.065000 2.065000 2.050000 2.018000 1.995000 1.985000 1.976000 1.966000 1.946000 1.915000 1.897000 1.897000 1.897000 1.897000 1.897000 1.897000 1.884000 1.853000 1.832000 1.823000 1.801000 1.762000 1.740000 1.740000 1.740000 
2.174000 2.174000 2.174000 2.152000 2.109000 2.086000 2.086000 2.086000 2.086000 2.086000 2.086000 2.086000 2.086000 2.071000 2.039000 2.022000 2.022000 2.017000 2.006000 1.986000 1.955000 1.925000 1.895000 1.874000 1.863000 1.857000 1.857000 1.857000 1.857000 1.857000 1.857000 1.852000 1.842000 1.823000 1.795000 1.762000 1.724000 1.702000 1.702000 1.702000 
2.282000 2.174000 2.174000 2.152000 2.109000 2.086000 2.086000 2.086000 2.086000 2.086000 2.086000 2.086000 2.086000 2.066000 2.023000 2.000000 2.000000 2.000000 2.000000 1.981000 1.939000 1.899000 1.858000 1.836000 1.836000 1.836000 1.836000 1.836000 1.836000 1.836000 1.836000 1.836000 1.836000 1.819000 1.780000 1.738000 1.691000 1.665000 1.665000 1.665000 
2.506000 2.174000 2.174000 2.152000 2.109000 2.086000 2.086000 2.086000 2.086000 2.086000 2.086000 2.086000 2.086000 2.066000 2.023000 2.000000 2.000000 2.000000 2.000000 1.981000 1.939000 1.899000 1.858000 1.836000 1.836000 1.836000 1.836000 1.836000 1.836000 1.836000 1.836000 1.836000 1.836000 1.819000 1.780000 1.730000 1.665000 1.628000 1.628000 1.628000 
2.624000 2.174000 2.174000 2.152000 2.109000 2.086000 2.086000 2.086000 2.086000 2.086000 2.086000 2.086000 2.086000 2.066000 2.023000 2.000000 2.000000 2.000000 2.000000 1.981000 1.939000 1.899000 1.858000 1.836000 1.836000 1.836000 1.836000 1.836000 1.836000 1.836000 1.836000 1.836000 1.836000 1.819000 1.780000 1.726000 1.652000 1.609000 1.609000 1.609000 
0.000000 0.000000 0.000000 0.000000 0.000000 0.000000 0.000000 0.000000 0.000000 0.000000 0.000000 0.000000 0.000000 0.000000 0.000000 0.000000 0.000000 0.000000 0.000000 0.000000 0.000000 0.000000 0.000000 0.000000 0.000000 0.000000 0.000000 0.000000 0.000000 0.000000 0.000000 0.000000 0.000000 0.000000 0.000000 0.000000 0.000000 0.000000 0.000000 0.000000 
0.000000 0.000000 0.000000 0.000000 0.000000 0.000000 0.000000 0.000000 0.000000 0.000000 0.000000 0.000000 0.000000 0.000000 0.000000 0.000000 0.000000 0.000000 0.000000 0.000000 0.000000 0.000000 0.000000 0.000000 0.000000 0.000000 0.000000 0.000000 0.000000 0.000000 0.000000 0.000000 0.000000 0.000000 0.000000 0.000000 0.000000 0.000000 0.000000 0.000000 
0.000000 0.000000 0.000000 0.000000 0.000000 0.000000 0.000000 0.000000 0.000000 0.000000 0.000000 0.000000 0.000000 0.000000 0.000000 0.000000 0.000000 0.000000 0.000000 0.000000 0.000000 0.000000 0.000000 0.000000 0.000000 0.000000 0.000000 0.000000 0.000000 0.000000 0.000000 0.000000 0.000000 0.000000 0.000000 0.000000 0.000000 0.000000 0.000000 0.000000 
0.000000 0.000000 0.000000 0.000000 0.000000 0.000000 0.000000 0.000000 0.000000 0.000000 0.000000 0.000000 0.000000 0.000000 0.000000 0.000000 0.000000 0.000000 0.000000 0.000000 0.000000 0.000000 0.000000 0.000000 0.000000 0.000000 0.000000 0.000000 0.000000 0.000000 0.000000 0.000000 0.000000 0.000000 0.000000 0.000000 0.000000 0.000000 0.000000 0.000000 
0.000000 0.000000 0.000000 0.000000 0.000000 0.000000 0.000000 0.000000 0.000000 0.000000 0.000000 0.000000 0.000000 0.000000 0.000000 0.000000 0.000000 0.000000 0.000000 0.000000 0.000000 0.000000 0.000000 0.000000 0.000000 0.000000 0.000000 0.000000 0.000000 0.000000 0.000000 0.000000 0.000000 0.000000 0.000000 0.000000 0.000000 0.000000 0.000000 0.000000 
0.000000 0.000000 0.000000 0.000000 0.000000 0.000000 0.000000 0.000000 0.000000 0.000000 0.000000 0.000000 0.000000 0.000000 0.000000 0.000000 0.000000 0.000000 0.000000 0.000000 0.000000 0.000000 0.000000 0.000000 0.000000 0.000000 0.000000 0.000000 0.000000 0.000000 0.000000 0.000000 0.000000 0.000000 0.000000 0.000000 0.000000 0.000000 0.000000 0.000000 
0.000000 0.000000 0.000000 0.000000 0.000000 0.000000 0.000000 0.000000 0.000000 0.000000 0.000000 0.000000 0.000000 0.000000 0.000000 0.000000 0.000000 0.000000 0.000000 0.000000 0.000000 0.000000 0.000000 0.000000 0.000000 0.000000 0.000000 0.000000 0.000000 0.000000 0.000000 0.000000 0.000000 0.000000 0.000000 0.000000 0.000000 0.000000 0.000000 0.000000 
0.000000 0.000000 0.000000 0.000000 0.000000 0.000000 0.000000 0.000000 0.000000 0.000000 0.000000 0.000000 0.000000 0.000000 0.000000 0.000000 0.000000 0.000000 0.000000 0.000000 0.000000 0.000000 0.000000 0.000000 0.000000 0.000000 0.000000 0.000000 0.000000 0.000000 0.000000 0.000000 0.000000 0.000000 0.000000 0.000000 0.000000 0.000000 0.000000 0.000000 
0.000000 0.000000 0.000000 0.000000 0.000000 0.000000 0.000000 0.000000 0.000000 0.000000 0.000000 0.000000 0.000000 0.000000 0.000000 0.000000 0.000000 0.000000 0.000000 0.000000 0.000000 0.000000 0.000000 0.000000 0.000000 0.000000 0.000000 0.000000 0.000000 0.000000 0.000000 0.000000 0.000000 0.000000 0.000000 0.000000 0.000000 0.000000 0.000000 0.000000 
0.000000 0.000000 0.000000 0.000000 0.000000 0.000000 0.000000 0.000000 0.000000 0.000000 0.000000 0.000000 0.000000 0.000000 0.000000 0.000000 0.000000 0.000000 0.000000 0.000000 0.000000 0.000000 0.000000 0.000000 0.000000 0.000000 0.000000 0.000000 0.000000 0.000000 0.000000 0.000000 0.000000 0.000000 0.000000 0.000000 0.000000 0.000000 0.000000 0.000000 
0.000000 0.000000 0.000000 0.000000 0.000000 0.000000 0.000000 0.000000 0.000000 0.000000 0.000000 0.000000 0.000000 0.000000 0.000000 0.000000 0.000000 0.000000 0.000000 0.000000 0.000000 0.000000 0.000000 0.000000 0.000000 0.000000 0.000000 0.000000 0.000000 0.000000 0.000000 0.000000 0.000000 0.000000 0.000000 0.000000 0.000000 0.000000 0.000000 0.000000 
0.000000 0.000000 0.000000 0.000000 0.000000 0.000000 0.000000 0.000000 0.000000 0.000000 0.000000 0.000000 0.000000 0.000000 0.000000 0.000000 0.000000 0.000000 0.000000 0.000000 0.000000 0.000000 0.000000 0.000000 0.000000 0.000000 0.000000 0.000000 0.000000 0.000000 0.000000 0.000000 0.000000 0.000000 0.000000 0.000000 0.000000 0.000000 0.000000 0.000000 
0.000000 0.000000 0.000000 0.000000 0.000000 0.000000 0.000000 0.000000 0.000000 0.000000 0.000000 0.000000 0.000000 0.000000 0.000000 0.000000 0.000000 0.000000 0.000000 0.000000 0.000000 0.000000 0.000000 0.000000 0.000000 0.000000 0.000000 0.000000 0.000000 0.000000 0.000000 0.000000 0.000000 0.000000 0.000000 0.000000 0.000000 0.000000 0.000000 0.000000 
