40 40
0.000000 0.000000 0.000000 0.000000 0.000000 0.000000 0.000000 0.000000 0.000000 0.000000 0.000000 0.000000 0.000000 0.000000 0.000000 0.000000 0.000000 0.000000 0.000000 0.000000 0.000000 0.000000 0.000000 0.000000 0.000000 0.000000 0.000000 0.000000 0.000000 0.000000 0.000000 0.000000 0.000000 0.000000 0.000000 0.000000 0.000000 0.000000 0.000000 0.000000 
0.000000 0.000000 0.000000 0.000000 0.000000 0.000000 0.000000 0.000000 0.000000 0.000000 0.000000 0.000000 0.000000 0.000000 0.000000 0.000000 0.000000 0.000000 0.000000 0.000000 0.000000 0.000000 0.000000 0.000000 0.000000 0.000000 0.000000 0.000000 0.000000 0.000000 0.000000 0.000000 0.000000 0.000000 0.000000 0.000000 0.000000 0.000000 0.000000 0.000000 
0.000000 0.000000 0.000000 0.000000 0.000000 0.000000 0.000000 0.000000 0.000000 0.000000 0.000000 0.000000 0.000000 0.000000 0.000000 0.000000 0.000000 0.000000 0.000000 0.000000 0.000000 0.000000 0.000000 0.000000 0.000000 0.000000 0.000000 0.000000 0.000000 0.000000 0.000000 0.000000 0.000000 0.000000 0.000000 0.000000 0.000000 0.000000 0.000000 0.000000 
0.000000 0.000000 0.000000 0.000000 0.000000 0.000000 0.000000 0.000000 0.000000 0.000000 0.000000 0.000000 0.000000 0.000000 0.000000 0.000000 0.000000 0.000000 0.000000 0.000000 0.000000 0.000000 0.000000 0.000000 0.000000 0.000000 0.000000 0.000000 0.000000 0.000000 0.000000 0.000000 0.000000 0.000000 0.000000 0.000000 0.000000 0.000000 0.000000 0.000000 
0.000000 0.000000 0.000000 0.000000 0.000000 0.000000 0.000000 0.000000 0.000000 0.000000 0.000000 0.000000 0.000000 0.000000 0.000000 0.000000 0.000000 0.000000 0.000000 0.000000 0.000000 0.000000 0.000000 0.000000 0.000000 0.000000 0.000000 0.000000 0.000000 0.000000 0.000000 0.000000 0.000000 0.000000 0.000000 0.000000 0.000000 0.000000 0.000000 0.000000 
0.000000 0.000000 0.000000 0.000000 0.000000 0.000000 0.000000 0.000000 0.000000 0.000000 0.000000 0.000000 0.000000 0.000000 0.000000 0.000000 0.000000 0.000000 0.000000 0.000000 0.000000 0.000000 0.000000 0.000000 0.000000 0.000000 0.000000 0.000000 0.000000 0.000000 0.000000 0.000000 0.000000 0.000000 0.000000 0.000000 0.000000 0.000000 0.000000 0.000000 
0.000000 0.000000 0.000000 0.000000 0.000000 0.000000 0.000000 0.000000 0.000000 0.000000 0.000000 0.000000 0.000000 0.000000 0.000000 0.000000 0.000000 0.000000 0.000000 2.013000 2.017000 2.018000 0.000000 0.000000 2.026000 2.032000 1.484000 1.484000 0.000000 0.000000 0.000000 0.000000 0.000000 0.000000 0.000000 0.000000 0.000000 0.000000 0.000000 0.000000 
0.000000 0.000000 0.000000 0.000000 0.000000 0.000000 0.000000 0.000000 0.000000 0.000000 0.000000 0.000000 1.484000 1.484000 1.484000 1.484000 1.900000 2.006000 2.010000 2.011000 2.013000 2.018000 2.022000 2.025000 2.026000 2.033000 1.484000 1.484000 0.000000 0.000000 0.000000 0.000000 0.000000 0.000000 0.000000 0.000000 0.000000 0.000000 0.000000 0.000000 
0.000000 0.000000 0.000000 0.000000 0.000000 0.000000 0.000000 0.000000 0.000000 0.000000 0.000000 1.484000 1.484000 1.883000 2.067000 1.484000 1.560000 2.004000 2.006000 2.009000 2.013000 2.017000 2.020000 2.024000 2.026000 2.031000 1.484000 1.484000 0.000000 0.000000 0.000000 0.000000 0.000000 0.000000 0.000000 0.000000 0.000000 0.000000 0.000000 0.000000 
0.000000 0.000000 0.000000 0.000000 0.000000 0.000000 0.000000 0.000000 0.000000 0.000000 1.484000 1.484000 2.132000 2.096000 2.072000 1.873000 1.484000 2.005000 2.005000 2.009000 2.013000 2.017000 2.019000 2.024000 2.024000 2.030000 1.484000 1.484000 2.706000 0.000000 0.000000 0.000000 0.000000 0.000000 0.000000 0.000000 0.000000 0.000000 0.000000 0.000000 
0.000000 0.000000 0.000000 0.000000 0.000000 0.000000 0.000000 0.000000 0.000000 0.000000 2.200000 2.176000 2.133000 2.105000 2.068000 2.042000 2.024000 2.004000 2.005000 2.009000 2.012000 2.015000 2.018000 2.021000 2.025000 2.024000 1.902000 1.484000 1.484000 0.000000 0.000000 0.000000 0.000000 0.000000 0.000000 0.000000 0.000000 0.000000 0.000000 0.000000 
0.000000 0.000000 0.000000 0.000000 0.000000 0.000000 0.000000 0.000000 0.000000 0.000000 2.203000 2.168000 2.137000 2.104000 2.073000 2.047000 2.023000 2.004000 2.003000 2.007000 2.012000 2.013000 2.017000 2.020000 2.024000 2.026000 1.886000 1.484000 1.484000 0.000000 0.000000 0.000000 0.000000 0.000000 0.000000 0.000000 0.000000 0.000000 0.000000 0.000000 
0.000000 0.000000 0.000000 0.000000 0.000000 0.000000 0.000000 0.000000 0.000000 0.000000 2.204000 2.170000 2.137000 2.104000 2.021000 2.048000 2.024000 2.004000 2.004000 2.007000 2.010000 2.014000 2.015000 2.019000 2.023000 2.024000 2.027000 1.484000 1.484000 0.000000 0.000000 0.000000 0.000000 0.000000 0.000000 0.000000 0.000000 0.000000 0.000000 0.000000 
0.000000 0.000000 0.000000 0.000000 0.000000 0.000000 0.000000 0.000000 0.000000 0.000000 2.211000 2.173000 2.144000 2.108000 2.076000 2.050000 2.029000 2.009000 2.002000 2.006000 2.009000 2.013000 2.015000 2.019000 2.022000 2.022000 2.027000 1.484000 1.484000 0.000000 0.000000 0.000000 0.000000 0.000000 0.000000 0.000000 0.000000 0.000000 0.000000 0.000000 
0.000000 0.000000 0.000000 0.000000 0.000000 0.000000 0.000000 0.000000 0.000000 0.000000 1.532000 2.179000 2.142000 2.111000 2.104000 2.060000 2.026000 2.011000 2.002000 2.005000 2.007000 2.012000 2.014000 2.018000 2.020000 2.022000 2.025000 1.484000 1.484000 0.000000 0.000000 0.000000 0.000000 0.000000 0.000000 0.000000 0.000000 0.000000 0.000000 0.000000 
0.000000 0.000000 0.000000 0.000000 0.000000 0.000000 0.000000 0.000000 0.000000 0.000000 1.548000 2.187000 2.147000 2.113000 2.097000 2.062000 2.033000 2.010000 1.999000 2.002000 2.007000 2.010000 2.013000 2.016000 2.019000 2.020000 2.025000 1.484000 1.484000 0.000000 0.000000 0.000000 0.000000 0.000000 0.000000 0.000000 0.000000 0.000000 0.000000 0.000000 
0.000000 0.000000 0.000000 0.000000 0.000000 0.000000 0.000000 0.000000 0.000000 0.000000 1.551000 2.189000 2.142000 2.117000 2.103000 2.058000 2.035000 2.015000 2.000000 2.001000 2.005000 2.009000 2.013000 2.015000 2.018000 2.020000 2.024000 1.484000 1.484000 1.484000 0.000000 0.000000 0.000000 0.000000 0.000000 0.000000 0.000000 0.000000 0.000000 0.000000 
0.000000 0.000000 0.000000 0.000000 0.000000 0.000000 0.000000 0.000000 0.000000 0.000000 1.484000 2.194000 2.155000 2.121000 2.098000 2.064000 2.037000 2.017000 1.998000 2.001000 2.005000 2.008000 2.010000 2.014000 2.016000 2.018000 2.023000 1.845000 1.484000 1.484000 0.000000 0.000000 0.000000 0.000000 0.000000 0.000000 0.000000 0.000000 0.000000 0.000000 
0.000000 0.000000 0.000000 0.000000 0.000000 0.000000 0.000000 0.000000 0.000000 0.000000 1.484000 2.193000 2.156000 2.122000 2.094000 2.063000 2.047000 2.020000 1.999000 2.000000 2.003000 2.007000 2.009000 2.013000 2.016000 2.018000 2.021000 1.777000 1.484000 1.484000 0.000000 0.000000 0.000000 0.000000 0.000000 0.000000 0.000000 0.000000 0.000000 0.000000 
0.000000 0.000000 0.000000 0.000000 0.000000 0.000000 0.000000 0.000000 0.000000 0.000000 1.484000 2.195000 2.160000 2.126000 2.098000 2.066000 2.043000 2.020000 2.001000 1.997000 2.001000 2.005000 2.009000 2.011000 2.014000 2.018000 2.021000 2.023000 1.484000 1.484000 0.000000 0.000000 0.000000 0.000000 0.000000 0.000000 0.000000 0.000000 0.000000 0.000000 
0.000000 0.000000 0.000000 0.000000 0.000000 0.000000 0.000000 0.000000 0.000000 0.000000 1.484000 2.196000 2.166000 2.126000 2.099000 2.067000 2.043000 2.022000 2.000000 1.997000 2.001000 2.004000 2.006000 2.009000 2.013000 2.016000 2.018000 2.024000 1.484000 1.484000 0.000000 0.000000 0.000000 0.000000 0.000000 0.000000 0.000000 0.000000 0.000000 0.000000 
0.000000 0.000000 0.000000 0.000000 0.000000 0.000000 0.000000 0.000000 0.000000 0.000000 1.484000 2.206000 2.165000 2.133000 2.102000 2.074000 2.048000 2.025000 2.001000 1.996000 2.000000 2.002000 2.006000 2.009000 2.012000 2.015000 2.018000 2.023000 1.484000 1.484000 0.000000 0.000000 0.000000 0.000000 0.000000 0.000000 0.000000 0.000000 0.000000 0.000000 
0.000000 0.000000 0.000000 0.000000 0.000000 0.000000 0.000000 0.000000 0.000000 0.000000 1.484000 2.208000 2.171000 2.135000 2.101000 2.080000 2.050000 2.031000 1.998000 1.995000 1.997000 2.001000 2.004000 2.008000 2.010000 2.014000 2.017000 2.020000 1.484000 1.484000 0.000000 0.000000 0.000000 0.000000 0.000000 0.000000 0.000000 0.000000 0.000000 0.000000 
0.000000 0.000000 0.000000 0.000000 0.000000 0.000000 0.000000 0.000000 0.000000 0.000000 1.484000 2.206000 2.177000 2.137000 2.107000 2.091000 2.054000 2.030000 2.003000 1.995000 1.997000 2.001000 2.004000 2.007000 2.009000 2.013000 2.016000 2.019000 2.022000 1.484000 0.000000 0.000000 0.000000 0.000000 0.000000 0.000000 0.000000 0.000000 0.000000 0.000000 
0.000000 0.000000 0.000000 0.000000 0.000000 0.000000 0.000000 0.000000 0.000000 0.000000 1.484000 2.212000 2.178000 2.144000 2.118000 2.095000 2.059000 2.034000 2.011000 1.994000 1.996000 1.999000 2.002000 2.005000 2.009000 2.011000 2.015000 2.018000 2.021000 1.484000 0.000000 0.000000 0.000000 0.000000 0.000000 0.000000 0.000000 0.000000 0.000000 0.000000 
0.000000 0.000000 0.000000 0.000000 0.000000 0.000000 0.000000 0.000000 0.000000 0.000000 1.484000 1.484000 2.183000 2.147000 2.113000 2.089000 2.060000 2.030000 2.011000 1.993000 1.996000 1.999000 2.002000 2.005000 2.008000 2.009000 2.013000 2.017000 2.020000 1.484000 0.000000 0.000000 0.000000 0.000000 0.000000 0.000000 0.000000 0.000000 0.000000 0.000000 
0.000000 0.000000 0.000000 0.000000 0.000000 0.000000 0.000000 0.000000 0.000000 0.000000 1.484000 1.484000 2.182000 2.149000 2.115000 2.090000 2.062000 2.036000 2.013000 1.993000 1.995000 1.998000 2.001000 2.004000 2.007000 2.010000 2.013000 2.015000 2.018000 1.484000 0.000000 0.000000 0.000000 0.000000 0.000000 0.000000 0.000000 0.000000 0.000000 0.000000 
0.000000 0.000000 0.000000 0.000000 0.000000 0.000000 0.000000 0.000000 0.000000 0.000000 1.484000 1.484000 2.189000 2.154000 2.118000 2.093000 2.061000 2.036000 2.014000 1.994000 1.994000 1.997000 2.000000 2.002000 2.006000 2.009000 2.012000 2.015000 2.019000 1.484000 0.000000 0.000000 0.000000 0.000000 0.000000 0.000000 0.000000 0.000000 0.000000 0.000000 
0.000000 0.000000 0.000000 0.000000 0.000000 0.000000 0.000000 0.000000 0.000000 0.000000 1.484000 1.484000 2.191000 2.156000 2.135000 2.097000 2.065000 2.044000 2.015000 1.997000 1.993000 1.997000 1.999000 2.002000 2.004000 2.008000 2.011000 2.013000 2.018000 1.484000 0.000000 0.000000 0.000000 0.000000 0.000000 0.000000 0.000000 0.000000 0.000000 0.000000 
0.000000 0.000000 0.000000 0.000000 0.000000 0.000000 0.000000 0.000000 0.000000 0.000000 1.484000 1.484000 2.197000 2.159000 2.132000 2.094000 2.066000 2.043000 2.020000 1.997000 1.992000 1.995000 1.998000 2.000000 2.003000 2.007000 2.009000 2.013000 2.016000 2.014000 0.000000 0.000000 0.000000 0.000000 0.000000 0.000000 0.000000 0.000000 0.000000 0.000000 
0.000000 0.000000 0.000000 0.000000 0.000000 0.000000 0.000000 0.000000 0.000000 0.000000 1.484000 1.484000 2.196000 2.174000 2.133000 2.106000 2.069000 2.044000 2.021000 1.998000 1.991000 1.995000 1.997000 2.000000 2.002000 2.005000 2.009000 2.011000 2.016000 1.561000 0.000000 0.000000 0.000000 0.000000 0.000000 0.000000 0.000000 0.000000 0.000000 0.000000 
0.000000 0.000000 0.000000 0.000000 0.000000 0.000000 0.000000 0.000000 0.000000 0.000000 1.484000 1.484000 2.201000 2.170000 2.142000 2.103000 2.071000 2.046000 2.023000 1.996000 1.991000 1.993000 1.996000 1.999000 2.001000 2.005000 2.008000 2.010000 2.013000 2.015000 0.000000 0.000000 0.000000 0.000000 0.000000 0.000000 0.000000 0.000000 0.000000 0.000000 
0.000000 0.000000 0.000000 0.000000 0.000000 0.000000 0.000000 0.000000 0.000000 0.000000 1.484000 1.484000 1.484000 2.173000 2.143000 2.106000 2.078000 2.050000 2.025000 2.002000 1.991000 1.991000 1.995000 1.999000 2.000000 2.003000 2.006000 2.009000 2.013000 2.013000 0.000000 0.000000 0.000000 0.000000 0.000000 0.000000 0.000000 0.000000 0.000000 0.000000 
0.000000 0.000000 0.000000 0.000000 0.000000 0.000000 0.000000 0.000000 0.000000 0.000000 1.484000 1.484000 1.484000 2.175000 2.141000 1.538000 2.078000 2.051000 2.027000 1.549000 1.989000 1.991000 1.995000 1.997000 1.999000 2.002000 2.005000 2.008000 2.010000 2.013000 0.000000 0.000000 0.000000 0.000000 0.000000 0.000000 0.000000 0.000000 0.000000 0.000000 
0.000000 0.000000 0.000000 0.000000 0.000000 0.000000 0.000000 0.000000 0.000000 0.000000 0.000000 0.000000 0.000000 0.000000 0.000000 0.000000 0.000000 0.000000 0.000000 0.000000 0.000000 0.000000 0.000000 0.000000 0.000000 0.000000 0.000000 0.000000 0.000000 0.000000 0.000000 0.000000 0.000000 0.000000 0.000000 0.000000 0.000000 0.000000 0.000000 0.000000 
0.000000 0.000000 0.000000 0.000000 0.000000 0.000000 0.000000 0.000000 0.000000 0.000000 0.000000 0.000000 0.000000 0.000000 0.000000 0.000000 0.000000 0.000000 0.000000 0.000000 0.000000 0.000000 0.000000 0.000000 0.000000 0.000000 0.000000 0.000000 0.000000 0.000000 0.000000 0.000000 0.000000 0.000000 0.000000 0.000000 0.000000 0.000000 0.000000 0.000000 
0.000000 0.000000 0.000000 0.000000 0.000000 0.000000 0.000000 0.000000 0.000000 0.000000 0.000000 0.000000 0.000000 0.000000 0.000000 0.000000 0.000000 0.000000 0.000000 0.000000 0.000000 0.000000 0.000000 0.000000 0.000000 0.000000 0.000000 0.000000 0.000000 0.000000 0.000000 0.000000 0.000000 0.000000 0.000000 0.000000 0.000000 0.000000 0.000000 0.000000 
0.000000 0.000000 0.000000 0.000000 0.000000 0.000000 0.000000 0.000000 0.000000 0.000000 0.000000 0.000000 0.000000 0.000000 0.000000 0.000000 0.000000 0.000000 0.000000 0.000000 0.000000 0.000000 0.000000 0.000000 0.000000 0.000000 0.000000 0.000000 0.000000 0.000000 0.000000 0.000000 0.000000 0.000000 0.000000 0.000000 0.000000 0.000000 0.000000 0.000000 
0.000000 0.000000 0.000000 0.000000 0.000000 0.000000 0.000000 0.000000 0.000000 0.000000 0.000000 0.000000 0.000000 0.000000 0.000000 0.000000 0.000000 0.000000 0.000000 0.000000 0.000000 0.000000 0.000000 0.000000 0.000000 0.000000 0.000000 0.000000 0.000000 0.000000 0.000000 0.000000 0.000000 0.000000 0.000000 0.000000 0.000000 0.000000 0.000000 0.000000 
0.000000 0.000000 0.000000 0.000000 0.000000 0.000000 0.000000 0.000000 0.000000 0.000000 0.000000 0.000000 0.000000 0.000000 0.000000 0.000000 0.000000 0.000000 0.000000 0.000000 0.000000 0.000000 0.000000 0.000000 0.000000 0.000000 0.000000 0.000000 0.000000 0.000000 0.000000 0.000000 0.000000 0.000000 0.000000 0.000000 0.000000 0.000000 0.000000 0.000000 
