0.000000,0.000000,0.000000,0.000000,0.000000,0.000000,0.000000,0.000000,0.000000,0.000000,0.000000,0.000000,0.000000,0.000000,0.000000,0.000000,0.000000,0.000000,0.000000,0.000000,0.000000,0.000000,0.000000,0.000000,0.000000,0.000000,0.000000,0.000000,0.000000,0.000000,0.000000,0.000000,0.000000,0.000000,0.000000,0.000000,0.000000,0.000000,0.000000,0.000000,
0.000000,0.000000,0.000000,0.000000,0.000000,0.000000,0.000000,0.000000,0.000000,0.000000,0.000000,0.000000,0.000000,0.000000,0.000000,0.000000,0.000000,0.000000,0.000000,0.000000,0.000000,0.000000,0.000000,0.000000,0.000000,0.000000,0.000000,0.000000,0.000000,0.000000,0.000000,0.000000,0.000000,0.000000,0.000000,0.000000,0.000000,0.000000,0.000000,0.000000,
0.000000,0.000000,0.000000,0.000000,0.000000,0.000000,0.000000,0.000000,0.000000,0.000000,0.000000,0.000000,0.000000,0.000000,0.000000,0.000000,0.000000,0.000000,0.000000,0.000000,0.000000,0.000000,0.000000,0.000000,0.000000,0.000000,0.000000,0.000000,0.000000,0.000000,0.000000,0.000000,0.000000,0.000000,0.000000,0.000000,0.000000,0.000000,0.000000,0.000000,
0.000000,0.000000,0.000000,0.000000,0.000000,0.000000,0.000000,0.000000,0.000000,0.000000,0.000000,0.000000,0.000000,0.000000,0.000000,0.000000,0.000000,0.000000,0.000000,0.000000,0.000000,0.000000,0.000000,0.000000,0.000000,0.000000,0.000000,0.000000,0.000000,0.000000,0.000000,0.000000,0.000000,0.000000,0.000000,0.000000,0.000000,0.000000,0.000000,0.000000,
0.000000,0.000000,0.000000,0.000000,0.000000,0.000000,0.000000,0.000000,0.000000,0.000000,0.000000,0.000000,0.000000,0.000000,0.000000,0.000000,0.000000,0.000000,0.000000,0.000000,0.000000,0.000000,0.000000,0.000000,0.000000,0.000000,0.000000,0.000000,0.000000,0.000000,0.000000,0.000000,0.000000,0.000000,0.000000,0.000000,0.000000,0.000000,0.000000,0.000000,
0.000000,0.000000,0.000000,0.000000,0.000000,0.000000,0.000000,0.000000,0.000000,0.000000,0.000000,0.000000,0.000000,0.000000,0.000000,0.000000,0.000000,0.000000,0.000000,0.000000,0.000000,0.000000,0.000000,0.000000,0.000000,0.000000,0.000000,0.000000,0.000000,0.000000,0.000000,0.000000,0.000000,0.000000,0.000000,0.000000,0.000000,0.000000,0.000000,0.000000,
0.000000,0.000000,0.000000,0.000000,0.000000,0.000000,0.000000,0.000000,0.000000,0.000000,0.000000,0.000000,0.000000,0.000000,0.000000,0.000000,0.000000,0.000000,0.000000,0.000000,0.000000,0.000000,0.000000,0.000000,0.000000,0.000000,0.000000,0.000000,0.000000,0.000000,0.000000,0.000000,0.000000,0.000000,0.000000,0.000000,0.000000,0.000000,0.000000,0.000000,
0.000000,0.000000,0.000000,0.000000,0.000000,0.000000,0.000000,0.000000,0.000000,0.000000,0.000000,0.000000,0.000000,0.000000,0.000000,0.000000,0.000000,0.000000,0.000000,0.000000,0.000000,0.000000,0.000000,0.000000,0.000000,0.000000,0.000000,0.000000,0.000000,0.000000,0.000000,0.000000,0.000000,0.000000,0.000000,0.000000,0.000000,0.000000,0.000000,0.000000,
0.000000,0.000000,0.000000,0.000000,0.000000,0.000000,0.000000,0.000000,0.000000,0.000000,0.000000,0.000000,0.000000,0.000000,0.000000,0.000000,0.000000,0.000000,0.000000,0.000000,0.000000,0.000000,0.000000,0.000000,0.000000,0.000000,0.000000,0.000000,0.000000,0.000000,0.000000,0.000000,0.000000,0.000000,0.000000,0.000000,0.000000,0.000000,0.000000,0.000000,
0.000000,0.000000,0.000000,0.000000,0.000000,0.000000,0.000000,0.000000,0.000000,0.000000,0.000000,0.000000,0.000000,0.000000,0.000000,0.000000,0.000000,0.000000,0.000000,0.000000,0.000000,0.000000,0.000000,0.000000,0.000000,0.000000,0.000000,0.000000,0.000000,0.000000,0.000000,0.000000,0.000000,0.000000,0.000000,0.000000,0.000000,0.000000,0.000000,0.000000,
0.000000,0.000000,0.000000,0.000000,0.000000,0.000000,0.000000,0.000000,0.000000,0.000000,0.000000,0.000000,0.000000,0.000000,0.000000,0.000000,0.000000,0.000000,0.000000,0.000000,0.000000,0.000000,0.000000,0.000000,0.000000,0.000000,0.000000,0.000000,0.000000,0.000000,0.000000,0.000000,0.000000,0.000000,0.000000,0.000000,0.000000,0.000000,0.000000,0.000000,
0.000000,0.000000,0.000000,0.000000,2.740000,2.740000,2.767000,2.786000,2.824000,2.926000,2.884000,2.881000,2.881000,2.881000,1.743000,0.000000,0.000000,0.000000,0.000000,0.000000,2.030000,2.030000,2.030000,2.030000,2.030000,2.030000,2.326000,2.851000,2.107000,2.092000,2.092000,2.092000,2.092000,2.092000,2.092000,2.120000,0.000000,0.000000,0.000000,0.000000,
0.000000,0.000000,0.000000,0.000000,2.740000,2.740000,2.767000,2.786000,2.814000,2.892000,2.882000,2.881000,2.881000,2.881000,2.429000,1.252000,1.213000,1.211000,1.211000,1.587000,2.030000,2.030000,2.030000,2.030000,2.030000,2.030000,2.117000,2.279000,2.096000,2.092000,2.077000,2.069000,2.069000,2.072000,2.092000,2.120000,0.000000,0.000000,0.000000,0.000000,
0.000000,0.000000,0.000000,0.000000,2.853000,2.809000,2.806000,2.826000,2.852000,2.881000,2.881000,2.881000,2.588000,2.397000,2.304000,2.054000,2.003000,2.000000,2.000000,2.022000,2.043000,2.030000,2.030000,2.030000,2.030000,2.030000,2.044000,2.076000,2.092000,2.077000,2.053000,2.043000,2.037000,2.024000,2.020000,2.031000,0.000000,0.000000,0.000000,0.000000,
0.000000,0.000000,0.000000,0.000000,2.931000,2.889000,2.875000,2.717000,2.506000,2.507000,2.518000,2.518000,2.233000,2.042000,2.035000,2.031000,2.002000,2.000000,2.000000,2.022000,2.043000,2.028000,2.018000,2.017000,2.017000,2.017000,2.027000,2.052000,2.078000,2.064000,2.041000,2.030000,2.020000,1.995000,1.970000,1.970000,0.000000,0.000000,0.000000,0.000000,
0.000000,0.000000,0.000000,0.000000,2.687000,2.681000,2.679000,2.386000,1.992000,1.995000,2.020000,2.022000,2.022000,2.009000,1.992000,1.993000,2.000000,1.994000,1.992000,2.006000,2.022000,2.018000,1.993000,1.992000,1.992000,1.996000,2.007000,2.027000,2.052000,2.053000,2.038000,2.026000,2.015000,1.995000,1.970000,1.970000,0.000000,0.000000,0.000000,0.000000,
0.000000,0.000000,0.000000,0.000000,1.997000,1.975000,1.967000,1.967000,1.966000,1.967000,1.990000,1.994000,1.994000,1.981000,1.964000,1.968000,1.993000,1.973000,1.967000,1.981000,1.998000,1.996000,1.971000,1.970000,1.970000,1.984000,2.000000,2.004000,2.029000,2.030000,2.030000,2.015000,2.000000,1.995000,1.970000,1.970000,0.000000,0.000000,0.000000,0.000000,
0.000000,0.000000,0.000000,0.000000,1.972000,1.950000,1.943000,1.943000,1.936000,1.916000,1.918000,1.939000,1.945000,1.932000,1.916000,1.919000,1.943000,1.943000,1.943000,1.956000,1.980000,1.996000,1.971000,1.970000,1.970000,1.984000,2.000000,2.004000,2.029000,2.030000,2.030000,2.015000,2.000000,1.995000,1.970000,1.970000,0.000000,0.000000,0.000000,0.000000,
0.000000,0.000000,0.000000,0.000000,1.970000,1.948000,1.928000,1.919000,1.917000,1.912000,1.912000,1.934000,1.941000,1.928000,1.912000,1.915000,1.940000,1.941000,1.941000,1.954000,1.979000,1.996000,1.971000,1.970000,1.985000,1.996000,2.000000,2.004000,2.029000,2.030000,2.030000,2.015000,2.000000,1.999000,1.993000,2.012000,0.000000,0.000000,0.000000,0.000000,
0.000000,0.000000,0.000000,0.000000,1.952000,1.931000,1.917000,1.905000,1.895000,1.895000,1.895000,1.917000,1.923000,1.918000,1.912000,1.915000,1.940000,1.955000,1.959000,1.972000,1.992000,1.998000,1.989000,1.988000,1.996000,2.000000,2.000000,2.002000,2.012000,2.027000,2.030000,2.024000,2.012000,2.000000,2.000000,2.025000,0.000000,0.000000,0.000000,0.000000,
0.000000,0.000000,0.000000,0.000000,1.928000,1.916000,1.912000,1.900000,1.884000,1.884000,1.884000,1.906000,1.912000,1.912000,1.912000,1.917000,1.952000,1.967000,1.978000,1.991000,2.000000,2.000000,2.000000,2.000000,2.000000,2.000000,2.000000,2.000000,2.000000,2.014000,2.025000,2.030000,2.025000,2.013000,2.013000,2.027000,0.000000,0.000000,0.000000,0.000000,
0.000000,0.000000,0.000000,0.000000,1.904000,1.904000,1.909000,1.900000,1.884000,1.885000,1.891000,1.907000,1.912000,1.912000,1.914000,1.926000,1.968000,1.977000,1.992000,2.000000,2.000000,2.000000,2.000000,2.000000,2.000000,2.000000,2.000000,2.000000,2.000000,2.000000,2.014000,2.026000,2.030000,2.030000,2.030000,2.030000,0.000000,0.000000,0.000000,0.000000,
0.000000,0.000000,0.000000,0.000000,1.881000,1.881000,1.897000,1.898000,1.885000,1.890000,1.913000,1.915000,1.915000,1.915000,1.922000,1.945000,1.972000,1.994000,2.000000,2.000000,2.000000,2.000000,2.000000,2.000000,2.000000,2.000000,2.001000,2.003000,2.000000,2.000000,2.000000,2.015000,2.030000,2.030000,2.030000,2.030000,0.000000,0.000000,0.000000,0.000000,
0.000000,0.000000,0.000000,0.000000,1.857000,1.857000,1.874000,1.885000,1.891000,1.913000,1.938000,1.940000,1.940000,1.940000,1.940000,1.948000,1.996000,2.000000,2.000000,2.000000,2.000000,2.000000,2.000000,2.000000,2.000000,2.000000,2.009000,2.024000,2.000000,2.000000,2.000000,2.015000,2.030000,2.030000,2.030000,2.030000,0.000000,0.000000,0.000000,0.000000,
0.000000,0.000000,0.000000,0.000000,1.856000,1.856000,1.873000,1.884000,1.897000,1.935000,1.941000,1.941000,1.941000,1.941000,1.941000,1.945000,1.975000,1.976000,1.991000,2.000000,1.993000,1.976000,1.976000,1.995000,2.000000,2.011000,2.026000,2.022000,1.977000,1.976000,1.992000,2.003000,2.014000,2.030000,2.030000,2.030000,0.000000,0.000000,0.000000,0.000000,
0.000000,0.000000,0.000000,0.000000,1.856000,1.856000,1.873000,1.891000,1.912000,1.941000,1.941000,1.927000,1.923000,1.931000,1.941000,1.944000,1.969000,1.970000,1.966000,1.963000,1.955000,1.934000,1.934000,1.987000,2.012000,2.033000,2.043000,2.021000,1.971000,1.955000,1.959000,1.981000,2.010000,2.030000,2.030000,2.014000,0.000000,0.000000,0.000000,0.000000,
0.000000,0.000000,0.000000,0.000000,1.310000,1.731000,1.878000,1.896000,1.920000,1.941000,1.941000,1.919000,1.912000,1.925000,1.941000,1.944000,1.969000,1.970000,1.952000,1.941000,1.932000,1.912000,1.912000,0.000000,0.000000,0.000000,0.000000,0.000000,0.000000,1.682000,1.941000,1.248000,0.000000,0.000000,0.000000,1.760000,0.000000,0.000000,0.000000,0.000000,
0.000000,0.000000,0.000000,0.000000,0.000000,1.313000,1.742000,1.901000,1.922000,1.950000,1.950000,1.927000,1.921000,1.933000,1.689000,1.016000,1.033000,1.034000,1.021000,1.013000,1.007000,0.000000,0.000000,0.000000,0.000000,0.000000,0.000000,0.000000,0.000000,0.000000,1.013000,0.000000,0.000000,0.000000,0.000000,0.000000,0.000000,0.000000,0.000000,0.000000,
0.000000,0.000000,0.000000,0.000000,0.000000,0.000000,1.401000,1.912000,1.927000,1.970000,1.970000,1.948000,1.941000,1.954000,1.085000,0.000000,0.000000,0.000000,0.000000,0.000000,0.000000,0.000000,0.000000,0.000000,0.000000,0.000000,0.000000,0.000000,0.000000,0.000000,0.000000,0.000000,0.000000,0.000000,0.000000,0.000000,0.000000,0.000000,0.000000,0.000000,
0.000000,0.000000,0.000000,0.000000,0.000000,0.000000,0.000000,0.000000,0.000000,0.000000,0.000000,0.000000,0.000000,0.000000,0.000000,0.000000,0.000000,0.000000,0.000000,0.000000,0.000000,0.000000,0.000000,0.000000,0.000000,0.000000,0.000000,0.000000,0.000000,0.000000,0.000000,0.000000,0.000000,0.000000,0.000000,0.000000,0.000000,0.000000,0.000000,0.000000,
0.000000,0.000000,0.000000,0.000000,0.000000,0.000000,0.000000,0.000000,0.000000,0.000000,0.000000,0.000000,0.000000,0.000000,0.000000,0.000000,0.000000,0.000000,0.000000,0.000000,0.000000,0.000000,0.000000,0.000000,0.000000,0.000000,0.000000,0.000000,0.000000,0.000000,0.000000,0.000000,0.000000,0.000000,0.000000,0.000000,0.000000,0.000000,0.000000,0.000000,
0.000000,0.000000,0.000000,0.000000,0.000000,0.000000,0.000000,0.000000,0.000000,0.000000,0.000000,0.000000,0.000000,0.000000,0.000000,0.000000,0.000000,0.000000,0.000000,0.000000,0.000000,0.000000,0.000000,0.000000,0.000000,0.000000,0.000000,0.000000,0.000000,0.000000,0.000000,0.000000,0.000000,0.000000,0.000000,0.000000,0.000000,0.000000,0.000000,0.000000,
0.000000,0.000000,0.000000,0.000000,0.000000,0.000000,0.000000,0.000000,0.000000,0.000000,0.000000,0.000000,0.000000,0.000000,0.000000,0.000000,0.000000,0.000000,0.000000,0.000000,0.000000,0.000000,0.000000,0.000000,0.000000,0.000000,0.000000,0.000000,0.000000,0.000000,0.000000,0.000000,0.000000,0.000000,0.000000,0.000000,0.000000,0.000000,0.000000,0.000000,
0.000000,0.000000,0.000000,0.000000,0.000000,0.000000,0.000000,0.000000,0.000000,0.000000,0.000000,0.000000,0.000000,0.000000,0.000000,0.000000,0.000000,0.000000,0.000000,0.000000,0.000000,0.000000,0.000000,0.000000,0.000000,0.000000,0.000000,0.000000,0.000000,0.000000,0.000000,0.000000,0.000000,0.000000,0.000000,0.000000,0.000000,0.000000,0.000000,0.000000,
0.000000,0.000000,0.000000,0.000000,0.000000,0.000000,0.000000,0.000000,0.000000,0.000000,0.000000,0.000000,0.000000,0.000000,0.000000,0.000000,0.000000,0.000000,0.000000,0.000000,0.000000,0.000000,0.000000,0.000000,0.000000,0.000000,0.000000,0.000000,0.000000,0.000000,0.000000,0.000000,0.000000,0.000000,0.000000,0.000000,0.000000,0.000000,0.000000,0.000000,
0.000000,0.000000,0.000000,0.000000,0.000000,0.000000,0.000000,0.000000,0.000000,0.000000,0.000000,0.000000,0.000000,0.000000,0.000000,0.000000,0.000000,0.000000,0.000000,0.000000,0.000000,0.000000,0.000000,0.000000,0.000000,0.000000,0.000000,0.000000,0.000000,0.000000,0.000000,0.000000,0.000000,0.000000,0.000000,0.000000,0.000000,0.000000,0.000000,0.000000,
0.000000,0.000000,0.000000,0.000000,0.000000,0.000000,0.000000,0.000000,0.000000,0.000000,0.000000,0.000000,0.000000,0.000000,0.000000,0.000000,0.000000,0.000000,0.000000,0.000000,0.000000,0.000000,0.000000,0.000000,0.000000,0.000000,0.000000,0.000000,0.000000,0.000000,0.000000,0.000000,0.000000,0.000000,0.000000,0.000000,0.000000,0.000000,0.000000,0.000000,
0.000000,0.000000,0.000000,0.000000,0.000000,0.000000,0.000000,0.000000,0.000000,0.000000,0.000000,0.000000,0.000000,0.000000,0.000000,0.000000,0.000000,0.000000,0.000000,0.000000,0.000000,0.000000,0.000000,0.000000,0.000000,0.000000,0.000000,0.000000,0.000000,0.000000,0.000000,0.000000,0.000000,0.000000,0.000000,0.000000,0.000000,0.000000,0.000000,0.000000,
0.000000,0.000000,0.000000,0.000000,0.000000,0.000000,0.000000,0.000000,0.000000,0.000000,0.000000,0.000000,0.000000,0.000000,0.000000,0.000000,0.000000,0.000000,0.000000,0.000000,0.000000,0.000000,0.000000,0.000000,0.000000,0.000000,0.000000,0.000000,0.000000,0.000000,0.000000,0.000000,0.000000,0.000000,0.000000,0.000000,0.000000,0.000000,0.000000,0.000000,
0.000000,0.000000,0.000000,0.000000,0.000000,0.000000,0.000000,0.000000,0.000000,0.000000,0.000000,0.000000,0.000000,0.000000,0.000000,0.000000,0.000000,0.000000,0.000000,0.000000,0.000000,0.000000,0.000000,0.000000,0.000000,0.000000,0.000000,0.000000,0.000000,0.000000,0.000000,0.000000,0.000000,0.000000,0.000000,0.000000,0.000000,0.000000,0.000000,0.000000,
