40 40
0.000000 0.000000 0.000000 0.000000 0.000000 0.000000 0.000000 0.000000 0.000000 0.000000 0.000000 0.000000 0.000000 0.000000 0.000000 0.000000 0.000000 0.000000 0.000000 0.000000 0.000000 0.000000 0.000000 0.000000 0.000000 0.000000 0.000000 0.000000 0.000000 0.000000 0.000000 0.000000 0.000000 0.000000 0.000000 0.000000 0.000000 0.000000 0.000000 0.000000 
0.000000 0.000000 0.000000 0.000000 0.000000 0.000000 0.000000 0.000000 0.000000 0.000000 0.000000 0.000000 0.000000 0.000000 0.000000 0.000000 0.000000 0.000000 0.000000 0.000000 0.000000 0.000000 0.000000 0.000000 0.000000 0.000000 0.000000 0.000000 0.000000 0.000000 0.000000 0.000000 0.000000 0.000000 0.000000 0.000000 0.000000 0.000000 0.000000 0.000000 
0.000000 0.000000 0.000000 0.000000 0.000000 0.000000 0.000000 0.000000 0.000000 0.000000 0.000000 0.000000 0.000000 0.000000 0.000000 0.000000 0.000000 0.000000 0.000000 0.000000 0.000000 0.000000 0.000000 0.000000 0.000000 0.000000 0.000000 0.000000 0.000000 0.000000 0.000000 0.000000 0.000000 0.000000 0.000000 0.000000 0.000000 0.000000 0.000000 0.000000 
0.000000 0.000000 0.000000 0.000000 0.000000 0.000000 0.000000 0.000000 0.000000 0.000000 0.000000 0.000000 0.000000 0.000000 0.000000 0.000000 0.000000 0.000000 0.000000 0.000000 0.000000 0.000000 0.000000 0.000000 0.000000 0.000000 0.000000 0.000000 0.000000 0.000000 0.000000 0.000000 0.000000 0.000000 0.000000 0.000000 0.000000 0.000000 0.000000 0.000000 
0.000000 0.000000 0.000000 0.000000 0.000000 0.000000 0.000000 0.000000 0.000000 0.000000 0.000000 0.000000 0.000000 0.000000 0.000000 0.000000 0.000000 0.000000 0.000000 0.000000 0.000000 0.000000 0.000000 0.000000 0.000000 0.000000 0.000000 0.000000 0.000000 0.000000 0.000000 0.000000 0.000000 0.000000 0.000000 0.000000 0.000000 0.000000 0.000000 0.000000 
0.000000 0.000000 0.000000 0.000000 0.000000 0.000000 0.000000 0.000000 0.000000 0.000000 0.000000 0.000000 0.000000 0.000000 0.000000 0.000000 0.000000 0.000000 0.000000 0.000000 0.000000 0.000000 0.000000 0.000000 0.000000 0.000000 0.000000 0.000000 0.000000 0.000000 0.000000 0.000000 0.000000 0.000000 0.000000 0.000000 0.000000 0.000000 0.000000 0.000000 
0.000000 0.000000 0.000000 0.000000 0.000000 0.000000 0.000000 0.000000 1.997000 1.959000 1.959000 1.959000 2.151000 0.000000 0.000000 0.000000 0.000000 0.000000 0.000000 0.000000 0.000000 0.000000 0.000000 0.000000 0.000000 0.000000 0.000000 0.000000 0.000000 0.000000 0.000000 0.000000 0.000000 0.000000 0.000000 0.000000 0.000000 0.000000 0.000000 0.000000 
0.000000 0.000000 0.000000 0.000000 0.000000 0.000000 0.000000 0.000000 1.999000 1.980000 1.981000 1.985000 2.010000 1.979000 1.976000 1.959000 1.963000 1.979000 1.979000 2.307000 0.000000 2.938000 1.961000 1.915000 1.902000 2.399000 0.000000 0.000000 0.000000 0.000000 0.000000 0.000000 0.000000 0.000000 0.000000 0.000000 0.000000 0.000000 0.000000 0.000000 
0.000000 0.000000 0.000000 0.000000 0.000000 0.000000 0.000000 0.000000 2.021000 2.025000 2.062000 2.224000 0.000000 1.979000 1.976000 1.959000 1.963000 1.978000 1.979000 1.984000 1.988000 1.959000 1.948000 1.917000 1.904000 1.923000 2.449000 0.000000 0.000000 0.000000 0.000000 0.000000 0.000000 0.000000 0.000000 0.000000 0.000000 0.000000 0.000000 0.000000 
0.000000 0.000000 0.000000 0.000000 0.000000 0.000000 0.000000 2.039000 2.041000 2.060000 2.059000 2.050000 1.996000 1.979000 1.976000 1.960000 1.959000 1.963000 1.979000 1.979000 1.973000 1.959000 1.959000 1.953000 1.941000 1.941000 1.933000 1.921000 1.913000 1.902000 2.511000 0.000000 0.000000 0.000000 0.000000 0.000000 0.000000 0.000000 0.000000 0.000000 
0.000000 0.000000 0.000000 0.000000 0.000000 0.000000 1.998000 2.000000 2.017000 2.017000 2.013000 1.979000 1.979000 1.978000 1.978000 1.974000 1.959000 1.963000 1.978000 1.973000 1.959000 1.959000 1.959000 1.959000 1.960000 1.953000 1.934000 1.921000 1.914000 1.903000 2.485000 2.646000 1.902000 1.902000 1.901000 2.507000 0.000000 0.000000 0.000000 0.000000 
0.000000 0.000000 0.000000 0.000000 0.000000 1.979000 1.979000 1.979000 1.979000 1.979000 1.979000 1.979000 1.975000 1.959000 1.959000 1.959000 1.959000 1.959000 1.959000 1.959000 1.959000 1.959000 1.959000 1.965000 1.971000 1.959000 1.946000 1.923000 1.922000 1.921000 1.921000 1.912000 1.902000 1.901000 1.892000 1.882000 0.000000 0.000000 0.000000 0.000000 
0.000000 0.000000 0.000000 0.000000 1.979000 1.979000 1.979000 1.979000 1.979000 1.979000 1.979000 1.977000 1.959000 1.959000 1.959000 1.959000 1.959000 1.957000 1.957000 1.959000 1.959000 1.958000 1.957000 1.957000 1.958000 1.959000 1.952000 1.940000 1.933000 1.923000 1.923000 1.914000 1.903000 1.893000 1.883000 1.872000 0.000000 0.000000 0.000000 0.000000 
0.000000 0.000000 0.000000 0.000000 1.979000 1.979000 1.979000 1.979000 1.981000 1.979000 1.979000 1.977000 1.959000 1.959000 1.959000 1.959000 1.955000 1.940000 1.944000 1.959000 1.959000 1.954000 1.940000 1.940000 1.946000 1.959000 1.952000 1.940000 1.940000 1.940000 1.939000 1.930000 1.911000 1.888000 1.876000 1.860000 0.000000 0.000000 0.000000 0.000000 
0.000000 0.000000 0.000000 0.000000 2.176000 2.178000 1.990000 1.986000 2.001000 1.984000 1.979000 1.977000 1.959000 1.959000 1.959000 1.959000 1.955000 1.940000 1.944000 1.959000 1.958000 1.951000 1.937000 1.937000 1.944000 1.957000 1.952000 1.940000 1.940000 1.940000 1.932000 1.921000 1.903000 1.857000 1.828000 1.828000 0.000000 0.000000 0.000000 0.000000 
0.000000 0.000000 0.000000 0.000000 0.000000 0.000000 2.064000 2.030000 2.030000 2.023000 1.985000 1.980000 1.962000 1.962000 1.958000 1.956000 1.953000 1.943000 1.947000 1.959000 1.953000 1.932000 1.921000 1.921000 1.926000 1.944000 1.950000 1.940000 1.941000 1.943000 1.936000 1.924000 1.903000 1.858000 1.831000 1.831000 0.000000 0.000000 0.000000 0.000000 
0.000000 0.000000 0.000000 0.000000 2.041000 2.042000 2.080000 2.080000 2.083000 2.062000 2.025000 2.005000 1.989000 1.979000 1.959000 1.940000 1.944000 1.959000 1.960000 1.962000 1.949000 1.921000 1.921000 1.921000 1.921000 1.927000 1.937000 1.937000 1.944000 1.956000 1.956000 1.940000 1.905000 1.868000 1.849000 1.849000 0.000000 0.000000 0.000000 0.000000 
0.000000 0.000000 0.000000 0.000000 2.041000 2.042000 2.062000 2.063000 2.080000 2.078000 2.060000 2.044000 2.036000 2.004000 1.977000 1.947000 1.950000 1.963000 1.967000 1.976000 1.955000 1.925000 1.923000 1.921000 1.921000 1.920000 1.917000 1.919000 1.927000 1.936000 1.936000 1.930000 1.914000 1.887000 1.868000 1.866000 0.000000 0.000000 0.000000 0.000000 
0.000000 0.000000 0.000000 0.000000 2.045000 2.046000 2.062000 2.062000 2.062000 2.062000 2.058000 2.056000 2.041000 2.035000 2.001000 1.982000 1.979000 1.979000 1.979000 1.984000 1.987000 1.956000 1.958000 1.941000 1.934000 1.914000 1.902000 1.909000 1.919000 1.917000 1.917000 1.917000 1.917000 1.903000 1.885000 1.875000 0.000000 0.000000 0.000000 0.000000 
0.000000 0.000000 0.000000 0.000000 2.071000 2.067000 2.062000 2.062000 2.062000 2.060000 2.041000 2.041000 2.041000 2.038000 2.017000 2.000000 1.979000 1.979000 1.979000 1.985000 2.007000 2.027000 2.052000 2.026000 1.993000 1.929000 1.909000 1.912000 1.913000 1.902000 1.902000 1.902000 1.902000 1.902000 1.893000 1.883000 0.000000 0.000000 0.000000 0.000000 
0.000000 0.000000 0.000000 0.000000 2.110000 2.094000 2.067000 2.067000 2.062000 2.061000 2.045000 2.041000 2.041000 2.039000 2.023000 2.009000 1.984000 1.984000 1.984000 1.994000 2.034000 2.058000 2.061000 2.047000 2.017000 1.979000 1.935000 1.924000 1.913000 1.902000 1.902000 1.902000 1.902000 1.902000 1.895000 1.887000 0.000000 0.000000 0.000000 0.000000 
0.000000 0.000000 0.000000 0.000000 2.128000 2.127000 2.089000 2.088000 2.072000 2.067000 2.060000 2.046000 2.046000 2.041000 2.034000 2.000000 2.000000 2.000000 2.000000 2.009000 2.036000 2.040000 2.047000 2.036000 2.022000 1.977000 1.943000 1.935000 1.918000 1.907000 1.905000 1.902000 1.904000 1.907000 1.907000 1.907000 0.000000 0.000000 0.000000 0.000000 
0.000000 0.000000 0.000000 0.000000 2.134000 2.134000 2.117000 2.117000 2.109000 2.083000 2.067000 2.061000 2.054000 2.041000 2.035000 2.005000 2.005000 2.005000 2.005000 2.009000 2.020000 2.020000 2.018000 2.013000 1.995000 1.963000 1.951000 1.945000 1.940000 1.931000 1.923000 1.912000 1.921000 1.931000 1.929000 1.926000 0.000000 0.000000 0.000000 0.000000 
0.000000 0.000000 0.000000 0.000000 2.150000 2.150000 2.150000 2.149000 2.125000 2.090000 2.119000 2.328000 2.041000 2.042000 2.043000 2.026000 2.026000 2.025000 2.020000 2.019000 2.014000 2.014000 2.010000 1.993000 1.966000 1.940000 1.947000 1.959000 1.964000 1.971000 1.965000 1.954000 1.957000 1.962000 1.950000 1.940000 0.000000 0.000000 0.000000 0.000000 
0.000000 0.000000 0.000000 0.000000 2.486000 2.486000 2.485000 2.453000 2.127000 2.112000 2.188000 2.738000 2.113000 2.348000 2.078000 2.058000 2.046000 2.036000 2.020000 2.015000 2.000000 2.000000 2.000000 1.993000 1.970000 1.952000 1.957000 1.967000 1.988000 2.010000 2.003000 1.993000 1.980000 1.966000 1.950000 1.940000 0.000000 0.000000 0.000000 0.000000 
0.000000 0.000000 0.000000 0.000000 0.000000 0.000000 0.000000 0.000000 2.134000 2.128000 2.128000 2.128000 2.231000 2.758000 2.124000 2.098000 2.065000 2.043000 2.027000 2.022000 2.005000 2.000000 2.000000 1.993000 1.979000 1.981000 1.986000 1.996000 2.024000 2.027000 1.998000 1.987000 1.974000 1.956000 1.947000 1.940000 0.000000 0.000000 0.000000 0.000000 
0.000000 0.000000 0.000000 0.000000 0.000000 0.000000 0.000000 0.000000 2.520000 2.493000 2.491000 2.478000 2.480000 2.436000 2.125000 2.109000 2.085000 2.059000 2.048000 2.044000 2.030000 2.021000 2.016000 2.000000 1.986000 1.993000 2.009000 2.024000 2.041000 2.015000 1.970000 1.959000 1.959000 1.950000 1.937000 1.934000 0.000000 0.000000 0.000000 0.000000 
0.000000 0.000000 0.000000 0.000000 0.000000 0.000000 0.000000 0.000000 0.000000 0.000000 0.000000 0.000000 0.000000 0.000000 2.128000 2.124000 2.096000 2.062000 2.062000 2.062000 2.062000 2.062000 2.054000 2.031000 2.022000 2.024000 2.032000 2.041000 2.041000 2.024000 1.986000 1.966000 1.963000 1.953000 1.934000 1.921000 0.000000 0.000000 0.000000 0.000000 
0.000000 0.000000 0.000000 0.000000 0.000000 0.000000 0.000000 0.000000 0.000000 0.000000 0.000000 0.000000 0.000000 0.000000 2.510000 2.494000 2.480000 2.467000 2.364000 2.070000 2.068000 2.062000 2.062000 2.062000 2.059000 2.047000 2.033000 2.036000 2.041000 2.041000 2.027000 2.009000 1.989000 1.966000 1.944000 1.921000 0.000000 0.000000 0.000000 0.000000 
0.000000 0.000000 0.000000 0.000000 0.000000 0.000000 0.000000 0.000000 0.000000 0.000000 0.000000 0.000000 0.000000 0.000000 0.000000 0.000000 0.000000 0.000000 2.982000 2.491000 2.384000 2.062000 2.065000 2.070000 2.061000 2.034000 2.020000 2.028000 2.221000 2.492000 2.307000 2.062000 2.034000 2.003000 1.985000 1.967000 0.000000 0.000000 0.000000 0.000000 
0.000000 0.000000 0.000000 0.000000 0.000000 0.000000 0.000000 0.000000 0.000000 0.000000 0.000000 0.000000 0.000000 0.000000 0.000000 0.000000 0.000000 0.000000 0.000000 0.000000 0.000000 2.524000 2.523000 2.520000 2.512000 2.490000 2.482000 2.487000 2.777000 0.000000 2.710000 2.058000 2.048000 2.041000 2.041000 2.041000 0.000000 0.000000 0.000000 0.000000 
0.000000 0.000000 0.000000 0.000000 0.000000 0.000000 0.000000 0.000000 0.000000 0.000000 0.000000 0.000000 0.000000 0.000000 0.000000 0.000000 0.000000 0.000000 0.000000 0.000000 0.000000 0.000000 0.000000 0.000000 0.000000 0.000000 0.000000 0.000000 0.000000 0.000000 2.696000 2.053000 2.041000 2.041000 2.045000 2.050000 0.000000 0.000000 0.000000 0.000000 
0.000000 0.000000 0.000000 0.000000 0.000000 0.000000 0.000000 0.000000 0.000000 0.000000 0.000000 0.000000 0.000000 0.000000 0.000000 0.000000 0.000000 0.000000 0.000000 0.000000 0.000000 0.000000 0.000000 0.000000 0.000000 0.000000 0.000000 0.000000 0.000000 0.000000 2.696000 2.053000 2.041000 2.041000 2.051000 2.062000 0.000000 0.000000 0.000000 0.000000 
0.000000 0.000000 0.000000 0.000000 0.000000 0.000000 0.000000 0.000000 0.000000 0.000000 0.000000 0.000000 0.000000 0.000000 0.000000 0.000000 0.000000 0.000000 0.000000 0.000000 0.000000 0.000000 0.000000 0.000000 0.000000 0.000000 0.000000 0.000000 0.000000 0.000000 0.000000 0.000000 0.000000 0.000000 0.000000 0.000000 0.000000 0.000000 0.000000 0.000000 
0.000000 0.000000 0.000000 0.000000 0.000000 0.000000 0.000000 0.000000 0.000000 0.000000 0.000000 0.000000 0.000000 0.000000 0.000000 0.000000 0.000000 0.000000 0.000000 0.000000 0.000000 0.000000 0.000000 0.000000 0.000000 0.000000 0.000000 0.000000 0.000000 0.000000 0.000000 0.000000 0.000000 0.000000 0.000000 0.000000 0.000000 0.000000 0.000000 0.000000 
0.000000 0.000000 0.000000 0.000000 0.000000 0.000000 0.000000 0.000000 0.000000 0.000000 0.000000 0.000000 0.000000 0.000000 0.000000 0.000000 0.000000 0.000000 0.000000 0.000000 0.000000 0.000000 0.000000 0.000000 0.000000 0.000000 0.000000 0.000000 0.000000 0.000000 0.000000 0.000000 0.000000 0.000000 0.000000 0.000000 0.000000 0.000000 0.000000 0.000000 
0.000000 0.000000 0.000000 0.000000 0.000000 0.000000 0.000000 0.000000 0.000000 0.000000 0.000000 0.000000 0.000000 0.000000 0.000000 0.000000 0.000000 0.000000 0.000000 0.000000 0.000000 0.000000 0.000000 0.000000 0.000000 0.000000 0.000000 0.000000 0.000000 0.000000 0.000000 0.000000 0.000000 0.000000 0.000000 0.000000 0.000000 0.000000 0.000000 0.000000 
0.000000 0.000000 0.000000 0.000000 0.000000 0.000000 0.000000 0.000000 0.000000 0.000000 0.000000 0.000000 0.000000 0.000000 0.000000 0.000000 0.000000 0.000000 0.000000 0.000000 0.000000 0.000000 0.000000 0.000000 0.000000 0.000000 0.000000 0.000000 0.000000 0.000000 0.000000 0.000000 0.000000 0.000000 0.000000 0.000000 0.000000 0.000000 0.000000 0.000000 
0.000000 0.000000 0.000000 0.000000 0.000000 0.000000 0.000000 0.000000 0.000000 0.000000 0.000000 0.000000 0.000000 0.000000 0.000000 0.000000 0.000000 0.000000 0.000000 0.000000 0.000000 0.000000 0.000000 0.000000 0.000000 0.000000 0.000000 0.000000 0.000000 0.000000 0.000000 0.000000 0.000000 0.000000 0.000000 0.000000 0.000000 0.000000 0.000000 0.000000 
0.000000 0.000000 0.000000 0.000000 0.000000 0.000000 0.000000 0.000000 0.000000 0.000000 0.000000 0.000000 0.000000 0.000000 0.000000 0.000000 0.000000 0.000000 0.000000 0.000000 0.000000 0.000000 0.000000 0.000000 0.000000 0.000000 0.000000 0.000000 0.000000 0.000000 0.000000 0.000000 0.000000 0.000000 0.000000 0.000000 0.000000 0.000000 0.000000 0.000000 
