0.000000,0.000000,0.000000,0.000000,0.000000,0.000000,0.000000,0.000000,0.000000,0.000000,0.000000,0.000000,2.419000,2.203000,2.202000,2.197000,2.191000,0.000000,0.000000,0.000000,0.000000,0.000000,0.000000,0.000000,0.000000,0.000000,0.000000,0.000000,0.000000,0.000000,0.000000,0.000000,0.000000,0.000000,0.000000,0.000000,0.000000,0.000000,0.000000,0.000000,
0.000000,0.000000,0.000000,0.000000,0.000000,0.000000,0.000000,0.000000,0.000000,0.000000,0.000000,0.000000,2.189000,2.168000,2.168000,2.187000,2.185000,2.180000,2.176000,2.164000,2.692000,2.699000,0.000000,0.000000,0.000000,0.000000,0.000000,0.000000,0.000000,0.000000,0.000000,0.000000,0.000000,0.000000,0.000000,0.000000,0.000000,0.000000,0.000000,0.000000,
0.000000,0.000000,0.000000,0.000000,0.000000,0.000000,0.000000,0.000000,0.000000,0.000000,0.000000,0.000000,2.177000,2.151000,2.140000,2.124000,2.123000,2.079000,2.101000,2.101000,2.107000,2.128000,2.117000,2.234000,2.196000,0.000000,0.000000,0.000000,0.000000,0.000000,0.000000,0.000000,0.000000,0.000000,0.000000,0.000000,0.000000,0.000000,0.000000,0.000000,
0.000000,0.000000,0.000000,0.000000,0.000000,0.000000,0.000000,0.000000,0.000000,0.000000,0.000000,0.000000,2.181000,2.169000,2.160000,2.075000,2.060000,2.038000,2.024000,2.014000,2.093000,2.050000,2.041000,2.019000,2.010000,2.005000,2.000000,2.664000,0.000000,0.000000,0.000000,0.000000,0.000000,0.000000,0.000000,0.000000,0.000000,0.000000,0.000000,0.000000,
0.000000,0.000000,0.000000,0.000000,0.000000,0.000000,0.000000,0.000000,0.000000,0.000000,0.000000,2.835000,2.180000,2.163000,2.111000,2.077000,2.021000,2.015000,2.006000,2.003000,2.003000,2.007000,2.019000,2.011000,2.009000,2.004000,2.000000,2.000000,0.000000,0.000000,0.000000,0.000000,0.000000,0.000000,0.000000,0.000000,0.000000,0.000000,0.000000,0.000000,
0.000000,0.000000,0.000000,0.000000,0.000000,0.000000,0.000000,0.000000,0.000000,0.000000,0.000000,2.198000,2.178000,2.150000,2.105000,2.074000,1.998000,1.995000,1.991000,1.991000,1.994000,1.994000,1.996000,1.996000,2.000000,2.000000,2.000000,2.000000,1.463000,0.000000,0.000000,0.000000,0.000000,0.000000,0.000000,0.000000,0.000000,0.000000,0.000000,0.000000,
0.000000,0.000000,0.000000,0.000000,0.000000,0.000000,0.000000,0.000000,0.000000,0.000000,0.000000,2.191000,2.175000,2.135000,2.105000,2.047000,1.998000,1.995000,1.991000,1.991000,1.991000,1.992000,1.996000,1.996000,1.998000,1.996000,2.000000,1.998000,1.509000,0.000000,0.000000,0.000000,0.000000,0.000000,0.000000,0.000000,0.000000,0.000000,0.000000,0.000000,
0.000000,0.000000,0.000000,0.000000,0.000000,0.000000,0.000000,0.000000,0.000000,0.000000,0.000000,2.195000,2.172000,2.131000,2.109000,2.044000,2.010000,1.998000,1.995000,1.996000,1.994000,1.992000,1.996000,1.998000,1.996000,1.996000,1.999000,1.996000,1.042000,0.000000,0.000000,0.000000,0.000000,0.000000,0.000000,0.000000,0.000000,0.000000,0.000000,0.000000,
0.000000,0.000000,0.000000,0.000000,0.000000,0.000000,0.000000,0.000000,0.000000,0.000000,0.000000,2.199000,2.180000,2.131000,2.091000,2.048000,2.010000,1.998000,1.996000,1.996000,1.996000,1.996000,1.996000,1.998000,1.997000,1.996000,1.997000,1.996000,0.000000,0.000000,0.000000,0.000000,0.000000,0.000000,0.000000,0.000000,0.000000,0.000000,0.000000,0.000000,
0.000000,0.000000,0.000000,0.000000,0.000000,0.000000,0.000000,0.000000,0.000000,0.000000,0.000000,2.199000,2.180000,2.147000,2.079000,2.048000,2.013000,1.998000,1.996000,1.996000,1.996000,1.996000,1.996000,1.996000,2.000000,2.000000,1.997000,2.001000,2.001000,0.000000,0.000000,0.000000,0.000000,0.000000,0.000000,0.000000,0.000000,0.000000,0.000000,0.000000,
0.000000,0.000000,0.000000,0.000000,0.000000,0.000000,0.000000,0.000000,0.000000,0.000000,0.000000,2.193000,2.180000,2.162000,2.068000,2.047000,2.014000,1.998000,1.996000,1.996000,1.996000,1.996000,1.996000,2.000000,2.000000,2.000000,1.998000,2.001000,1.653000,0.000000,0.000000,0.000000,0.000000,0.000000,0.000000,0.000000,0.000000,0.000000,0.000000,0.000000,
0.000000,0.000000,0.000000,0.000000,0.000000,0.000000,0.000000,0.000000,0.000000,0.000000,0.000000,2.185000,2.180000,2.174000,2.060000,2.043000,2.018000,1.998000,1.996000,1.996000,1.996000,1.998000,2.000000,2.000000,2.000000,2.000000,2.000000,2.000000,0.000000,0.000000,0.000000,0.000000,0.000000,0.000000,0.000000,0.000000,0.000000,0.000000,0.000000,0.000000,
0.000000,0.000000,0.000000,0.000000,0.000000,0.000000,0.000000,0.000000,0.000000,0.000000,0.000000,2.185000,2.178000,2.150000,2.060000,2.040000,2.018000,2.001000,1.997000,1.996000,1.996000,1.998000,1.998000,2.000000,2.000000,2.000000,2.000000,2.000000,0.000000,0.000000,0.000000,0.000000,0.000000,0.000000,0.000000,0.000000,0.000000,0.000000,0.000000,0.000000,
0.000000,0.000000,0.000000,0.000000,0.000000,0.000000,0.000000,0.000000,0.000000,0.000000,0.000000,2.192000,2.176000,2.142000,2.060000,2.039000,2.016000,2.000000,1.996000,1.996000,1.996000,1.996000,1.997000,2.000000,2.000000,2.000000,2.000000,1.997000,1.997000,0.000000,0.000000,0.000000,0.000000,0.000000,0.000000,0.000000,0.000000,0.000000,0.000000,0.000000,
0.000000,0.000000,0.000000,0.000000,0.000000,0.000000,0.000000,0.000000,0.000000,0.000000,0.000000,2.205000,2.172000,2.146000,2.083000,2.039000,2.005000,1.998000,1.996000,1.996000,1.996000,1.996000,1.998000,2.000000,2.000000,2.000000,1.999000,1.996000,0.000000,0.000000,0.000000,0.000000,0.000000,0.000000,0.000000,0.000000,0.000000,0.000000,0.000000,0.000000,
0.000000,0.000000,0.000000,0.000000,0.000000,0.000000,0.000000,0.000000,0.000000,0.000000,0.000000,2.202000,2.177000,2.121000,2.085000,2.039000,2.005000,1.998000,1.996000,1.996000,2.000000,1.996000,1.998000,2.000000,2.000000,2.000000,2.000000,1.997000,0.000000,0.000000,0.000000,0.000000,0.000000,0.000000,0.000000,0.000000,0.000000,0.000000,0.000000,0.000000,
0.000000,0.000000,0.000000,0.000000,0.000000,0.000000,0.000000,0.000000,0.000000,0.000000,0.000000,2.194000,2.176000,2.122000,2.089000,2.036000,2.007000,2.000000,2.000000,2.000000,2.000000,2.000000,2.000000,2.000000,2.000000,2.000000,2.000000,2.000000,2.000000,0.000000,0.000000,0.000000,0.000000,0.000000,0.000000,0.000000,0.000000,0.000000,0.000000,0.000000,
0.000000,0.000000,0.000000,0.000000,0.000000,0.000000,0.000000,0.000000,0.000000,0.000000,0.000000,2.187000,2.176000,2.162000,2.076000,2.040000,2.006000,2.000000,2.000000,2.000000,2.000000,2.000000,2.000000,2.000000,2.000000,2.000000,2.000000,1.998000,1.998000,0.000000,0.000000,0.000000,0.000000,0.000000,0.000000,0.000000,0.000000,0.000000,0.000000,0.000000,
0.000000,0.000000,0.000000,0.000000,0.000000,0.000000,0.000000,0.000000,0.000000,0.000000,0.000000,2.194000,2.177000,2.159000,2.074000,2.038000,2.011000,2.000000,2.000000,2.000000,2.000000,2.000000,2.000000,2.000000,2.000000,1.997000,2.000000,2.002000,2.002000,0.000000,0.000000,0.000000,0.000000,0.000000,0.000000,0.000000,0.000000,0.000000,0.000000,0.000000,
0.000000,0.000000,0.000000,0.000000,0.000000,0.000000,0.000000,0.000000,0.000000,0.000000,0.000000,2.202000,2.178000,2.127000,2.069000,2.039000,2.013000,2.000000,2.000000,2.000000,2.000000,2.000000,2.000000,2.000000,2.001000,1.999000,2.000000,2.000000,0.000000,0.000000,0.000000,0.000000,0.000000,0.000000,0.000000,0.000000,0.000000,0.000000,0.000000,0.000000,
0.000000,0.000000,0.000000,0.000000,0.000000,0.000000,0.000000,0.000000,0.000000,0.000000,0.000000,2.194000,2.180000,2.125000,2.107000,2.035000,2.003000,2.000000,2.000000,2.000000,2.000000,2.000000,2.003000,2.003000,2.005000,2.005000,2.000000,2.000000,0.000000,0.000000,0.000000,0.000000,0.000000,0.000000,0.000000,0.000000,0.000000,0.000000,0.000000,0.000000,
0.000000,0.000000,0.000000,0.000000,0.000000,0.000000,0.000000,0.000000,0.000000,0.000000,0.000000,2.193000,2.180000,2.121000,2.111000,2.040000,2.004000,2.000000,2.000000,2.000000,2.000000,2.005000,2.003000,2.003000,2.005000,2.005000,2.001000,2.000000,2.000000,0.000000,0.000000,0.000000,0.000000,0.000000,0.000000,0.000000,0.000000,0.000000,0.000000,0.000000,
0.000000,0.000000,0.000000,0.000000,0.000000,0.000000,0.000000,0.000000,0.000000,0.000000,0.000000,2.201000,2.181000,2.138000,2.059000,2.042000,2.013000,2.001000,2.000000,2.000000,2.000000,2.000000,2.002000,2.005000,2.001000,2.005000,2.001000,2.000000,2.000000,0.000000,0.000000,0.000000,0.000000,0.000000,0.000000,0.000000,0.000000,0.000000,0.000000,0.000000,
0.000000,0.000000,0.000000,0.000000,0.000000,0.000000,0.000000,0.000000,0.000000,0.000000,0.000000,2.205000,2.183000,2.142000,2.055000,2.038000,2.014000,2.000000,2.000000,2.000000,2.000000,2.000000,2.000000,2.002000,2.001000,2.005000,2.007000,2.002000,2.002000,0.000000,0.000000,0.000000,0.000000,0.000000,0.000000,0.000000,0.000000,0.000000,0.000000,0.000000,
0.000000,0.000000,0.000000,0.000000,0.000000,0.000000,0.000000,0.000000,0.000000,0.000000,0.000000,2.202000,2.182000,2.153000,2.060000,2.036000,2.015000,2.000000,2.000000,2.000000,2.003000,2.003000,2.000000,2.000000,2.003000,2.005000,2.009000,2.005000,2.005000,0.000000,0.000000,0.000000,0.000000,0.000000,0.000000,0.000000,0.000000,0.000000,0.000000,0.000000,
0.000000,0.000000,0.000000,0.000000,0.000000,0.000000,0.000000,0.000000,0.000000,0.000000,0.000000,2.192000,2.180000,2.127000,2.060000,2.040000,2.015000,2.000000,2.000000,2.000000,2.001000,2.005000,2.005000,2.008000,2.006000,2.005000,2.009000,2.005000,2.009000,0.000000,0.000000,0.000000,0.000000,0.000000,0.000000,0.000000,0.000000,0.000000,0.000000,0.000000,
0.000000,0.000000,0.000000,0.000000,0.000000,0.000000,0.000000,0.000000,0.000000,0.000000,0.000000,2.201000,2.182000,2.121000,2.079000,2.044000,2.015000,2.002000,2.000000,2.000000,2.000000,2.005000,2.005000,2.007000,2.008000,2.009000,2.009000,2.009000,2.009000,0.000000,0.000000,0.000000,0.000000,0.000000,0.000000,0.000000,0.000000,0.000000,0.000000,0.000000,
0.000000,0.000000,0.000000,0.000000,0.000000,0.000000,0.000000,0.000000,0.000000,0.000000,0.000000,2.204000,2.185000,2.133000,2.081000,2.044000,2.019000,2.005000,2.001000,2.000000,2.001000,2.005000,2.005000,2.000000,2.008000,2.009000,2.009000,2.005000,2.005000,0.000000,0.000000,0.000000,0.000000,0.000000,0.000000,0.000000,0.000000,0.000000,0.000000,0.000000,
0.000000,0.000000,0.000000,0.000000,0.000000,0.000000,0.000000,0.000000,0.000000,0.000000,0.000000,2.197000,2.179000,2.136000,2.098000,2.039000,2.019000,2.005000,2.005000,2.002000,2.005000,2.008000,2.006000,2.005000,2.009000,2.008000,2.009000,2.005000,2.005000,0.000000,0.000000,0.000000,0.000000,0.000000,0.000000,0.000000,0.000000,0.000000,0.000000,0.000000,
0.000000,0.000000,0.000000,0.000000,0.000000,0.000000,0.000000,0.000000,0.000000,0.000000,0.000000,2.197000,2.176000,2.134000,2.109000,2.036000,2.013000,2.002000,2.002000,2.002000,2.002000,2.000000,2.006000,2.009000,2.011000,2.007000,2.005000,2.006000,0.000000,0.000000,0.000000,0.000000,0.000000,0.000000,0.000000,0.000000,0.000000,0.000000,0.000000,0.000000,
0.000000,0.000000,0.000000,0.000000,0.000000,0.000000,0.000000,0.000000,0.000000,0.000000,0.000000,2.214000,2.153000,2.117000,2.086000,2.038000,2.016000,2.004000,2.001000,2.000000,2.000000,2.000000,2.002000,2.007000,2.009000,2.009000,2.007000,2.005000,0.000000,0.000000,0.000000,0.000000,0.000000,0.000000,0.000000,0.000000,0.000000,0.000000,0.000000,0.000000,
0.000000,0.000000,0.000000,0.000000,0.000000,0.000000,0.000000,0.000000,0.000000,0.000000,0.000000,0.000000,2.636000,2.108000,2.061000,2.044000,2.017000,2.009000,2.008000,2.004000,2.005000,2.005000,2.007000,2.009000,2.010000,2.009000,2.006000,2.008000,2.008000,0.000000,0.000000,0.000000,0.000000,0.000000,0.000000,0.000000,0.000000,0.000000,0.000000,0.000000,
0.000000,0.000000,0.000000,0.000000,0.000000,0.000000,0.000000,0.000000,0.000000,0.000000,0.000000,0.000000,2.681000,2.085000,2.060000,2.043000,2.014000,2.007000,2.005000,2.005000,2.005000,2.005000,2.009000,2.009000,2.009000,2.005000,2.009000,2.009000,2.009000,0.000000,0.000000,0.000000,0.000000,0.000000,0.000000,0.000000,0.000000,0.000000,0.000000,0.000000,
0.000000,0.000000,0.000000,0.000000,0.000000,0.000000,0.000000,0.000000,0.000000,0.000000,0.000000,0.000000,0.000000,2.235000,2.055000,2.035000,2.014000,2.007000,2.005000,2.000000,2.000000,2.005000,2.007000,2.009000,2.009000,2.009000,2.009000,2.009000,2.010000,0.000000,0.000000,0.000000,0.000000,0.000000,0.000000,0.000000,0.000000,0.000000,0.000000,0.000000,
0.000000,0.000000,0.000000,0.000000,0.000000,0.000000,0.000000,0.000000,0.000000,0.000000,0.000000,0.000000,0.000000,2.239000,2.061000,2.026000,2.012000,2.008000,2.009000,2.005000,2.002000,2.009000,2.009000,2.009000,2.005000,2.009000,2.009000,2.009000,2.012000,0.000000,0.000000,0.000000,0.000000,0.000000,0.000000,0.000000,0.000000,0.000000,0.000000,0.000000,
0.000000,0.000000,0.000000,0.000000,0.000000,0.000000,0.000000,0.000000,0.000000,0.000000,0.000000,0.000000,0.000000,0.000000,2.688000,2.016000,2.007000,2.005000,2.006000,2.000000,2.000000,2.008000,2.008000,2.009000,2.009000,2.009000,2.009000,1.999000,1.996000,0.000000,0.000000,0.000000,0.000000,0.000000,0.000000,0.000000,0.000000,0.000000,0.000000,0.000000,
0.000000,0.000000,0.000000,0.000000,0.000000,0.000000,0.000000,0.000000,0.000000,0.000000,0.000000,0.000000,0.000000,0.000000,0.000000,2.012000,2.005000,2.005000,2.002000,2.000000,2.000000,2.005000,2.008000,2.009000,2.009000,2.014000,2.009000,2.005000,2.013000,0.000000,0.000000,0.000000,0.000000,0.000000,0.000000,0.000000,0.000000,0.000000,0.000000,0.000000,
0.000000,0.000000,0.000000,0.000000,0.000000,0.000000,0.000000,0.000000,0.000000,0.000000,0.000000,0.000000,0.000000,0.000000,1.056000,2.016000,2.005000,2.002000,2.000000,2.004000,2.000000,2.001000,2.009000,2.009000,2.009000,2.009000,2.009000,2.009000,0.000000,0.000000,0.000000,0.000000,0.000000,0.000000,0.000000,0.000000,0.000000,0.000000,0.000000,0.000000,
0.000000,0.000000,0.000000,0.000000,0.000000,0.000000,0.000000,0.000000,0.000000,0.000000,0.000000,0.000000,1.360000,0.000000,0.000000,2.013000,2.005000,2.005000,2.005000,2.005000,2.000000,2.000000,2.005000,2.009000,2.013000,2.009000,2.001000,2.394000,0.000000,0.000000,0.000000,0.000000,0.000000,0.000000,0.000000,0.000000,0.000000,0.000000,0.000000,0.000000,
0.000000,0.000000,0.000000,0.000000,0.000000,0.000000,0.000000,0.000000,0.000000,0.000000,0.000000,0.000000,0.000000,0.000000,0.000000,1.749000,2.003000,2.000000,1.997000,2.000000,2.002000,2.001000,1.743000,1.743000,2.276000,2.271000,2.408000,0.000000,0.000000,0.000000,0.000000,0.000000,0.000000,0.000000,0.000000,0.000000,0.000000,0.000000,0.000000,0.000000,
