40 40
0.000000 0.000000 0.000000 0.000000 0.000000 0.000000 0.000000 0.000000 0.000000 0.000000 0.000000 0.000000 0.000000 0.000000 0.000000 0.000000 0.000000 0.000000 0.000000 0.000000 0.000000 0.000000 0.000000 0.000000 0.000000 0.000000 0.000000 0.000000 0.000000 0.000000 0.000000 0.000000 0.000000 0.000000 0.000000 0.000000 0.000000 0.000000 0.000000 0.000000 
0.000000 0.000000 0.000000 0.000000 0.000000 0.000000 0.000000 0.000000 0.000000 0.000000 0.000000 0.000000 0.000000 0.000000 0.000000 0.000000 0.000000 0.000000 0.000000 0.000000 0.000000 0.000000 0.000000 0.000000 0.000000 0.000000 0.000000 0.000000 0.000000 0.000000 0.000000 0.000000 0.000000 0.000000 0.000000 0.000000 0.000000 0.000000 0.000000 0.000000 
0.000000 0.000000 0.000000 0.000000 0.000000 0.000000 0.000000 0.000000 0.000000 0.000000 0.000000 0.000000 0.000000 0.000000 0.000000 0.000000 0.000000 0.000000 0.000000 0.000000 0.000000 0.000000 0.000000 0.000000 0.000000 0.000000 0.000000 0.000000 0.000000 0.000000 0.000000 0.000000 0.000000 0.000000 0.000000 0.000000 0.000000 0.000000 0.000000 0.000000 
0.000000 0.000000 0.000000 0.000000 0.000000 0.000000 0.000000 0.000000 0.000000 0.000000 0.000000 0.000000 0.000000 0.000000 0.000000 0.000000 0.000000 0.000000 0.000000 0.000000 0.000000 0.000000 0.000000 0.000000 0.000000 0.000000 0.000000 0.000000 0.000000 0.000000 0.000000 0.000000 0.000000 0.000000 0.000000 0.000000 0.000000 0.000000 0.000000 0.000000 
0.000000 0.000000 0.000000 0.000000 0.000000 0.000000 0.000000 0.000000 0.000000 0.000000 0.000000 0.000000 0.000000 0.000000 0.000000 0.000000 0.000000 0.000000 0.000000 0.000000 0.000000 0.000000 0.000000 0.000000 0.000000 0.000000 0.000000 0.000000 0.000000 0.000000 0.000000 0.000000 0.000000 0.000000 0.000000 0.000000 0.000000 0.000000 0.000000 0.000000 
0.000000 0.000000 0.000000 0.000000 0.000000 0.000000 0.000000 0.000000 0.000000 0.000000 0.000000 0.000000 0.000000 0.000000 0.000000 0.000000 0.000000 0.000000 0.000000 0.000000 0.000000 0.000000 0.000000 0.000000 0.000000 0.000000 0.000000 0.000000 0.000000 0.000000 0.000000 0.000000 0.000000 0.000000 0.000000 0.000000 0.000000 0.000000 0.000000 0.000000 
0.000000 0.000000 0.000000 0.000000 0.000000 0.000000 0.000000 0.000000 0.000000 0.000000 0.000000 0.000000 0.000000 0.000000 0.000000 0.000000 0.000000 0.000000 0.000000 0.000000 0.000000 0.000000 0.000000 0.000000 0.000000 0.000000 0.000000 0.000000 0.000000 0.000000 0.000000 0.000000 0.000000 0.000000 0.000000 0.000000 0.000000 0.000000 0.000000 0.000000 
0.000000 0.000000 0.000000 0.000000 0.000000 0.000000 0.000000 0.000000 0.000000 0.000000 0.000000 0.000000 0.000000 0.000000 0.000000 0.000000 0.000000 0.000000 0.000000 0.000000 0.000000 0.000000 0.000000 0.000000 0.000000 0.000000 0.000000 0.000000 0.000000 0.000000 0.000000 0.000000 0.000000 0.000000 0.000000 0.000000 0.000000 0.000000 0.000000 0.000000 
0.000000 0.000000 0.000000 0.000000 0.000000 0.000000 0.000000 0.000000 0.000000 0.000000 0.000000 0.000000 0.000000 0.000000 0.000000 0.000000 0.000000 0.000000 0.000000 0.000000 0.000000 0.000000 0.000000 0.000000 0.000000 0.000000 0.000000 0.000000 0.000000 0.000000 0.000000 0.000000 0.000000 0.000000 0.000000 0.000000 0.000000 0.000000 0.000000 0.000000 
0.000000 0.000000 0.000000 0.000000 0.000000 0.000000 0.000000 0.000000 0.000000 0.000000 0.000000 0.000000 0.000000 0.000000 0.000000 0.000000 0.000000 0.000000 0.000000 0.000000 0.000000 0.000000 0.000000 0.000000 0.000000 0.000000 0.000000 0.000000 0.000000 0.000000 0.000000 0.000000 0.000000 0.000000 0.000000 0.000000 0.000000 0.000000 0.000000 0.000000 
0.000000 0.000000 0.000000 0.000000 0.000000 0.000000 0.000000 0.000000 0.000000 0.000000 0.000000 0.000000 0.000000 0.000000 0.000000 0.000000 1.986000 2.000000 2.000000 2.033000 2.083000 2.116000 2.116000 2.116000 2.116000 2.116000 2.116000 2.116000 2.133000 2.185000 2.238000 2.238000 2.238000 2.204000 2.151000 2.116000 2.116000 2.116000 2.116000 2.116000 
0.000000 0.000000 0.000000 0.000000 0.000000 0.000000 0.000000 0.000000 0.000000 0.000000 0.000000 0.000000 0.000000 0.000000 0.000000 0.000000 1.972000 1.991000 1.998000 2.028000 2.071000 2.099000 2.099000 2.099000 2.099000 2.099000 2.099000 2.099000 2.116000 2.168000 2.220000 2.228000 2.235000 2.204000 2.151000 2.116000 2.116000 2.116000 2.116000 2.116000 
0.000000 0.000000 0.000000 0.000000 0.000000 0.000000 0.000000 0.000000 0.000000 0.000000 0.000000 0.000000 0.000000 0.000000 0.000000 0.000000 1.930000 1.963000 1.991000 2.014000 2.035000 2.050000 2.050000 2.050000 2.050000 2.050000 2.050000 2.050000 2.066000 2.117000 2.168000 2.198000 2.228000 2.204000 2.151000 2.116000 2.116000 2.116000 2.116000 2.116000 
2.132000 2.184000 2.236000 2.135000 2.033000 1.999000 1.999000 1.114000 0.000000 0.000000 0.000000 0.000000 1.778000 1.778000 1.793000 1.840000 1.887000 1.935000 1.984000 2.000000 2.000000 2.000000 2.000000 2.000000 2.000000 2.000000 2.000000 2.000000 2.016000 2.066000 2.116000 2.168000 2.220000 2.204000 2.151000 2.116000 2.116000 2.116000 2.116000 2.116000 
2.119000 2.127000 2.136000 2.078000 2.020000 2.000000 2.000000 1.494000 0.000000 0.000000 0.000000 1.293000 1.779000 1.779000 1.794000 1.840000 1.887000 1.935000 1.984000 2.000000 2.000000 2.000000 2.000000 2.000000 2.000000 2.000000 2.000000 2.000000 2.016000 2.066000 2.116000 2.146000 2.176000 2.152000 2.101000 2.066000 2.066000 2.066000 2.066000 2.066000 
2.104000 2.069000 2.034000 2.020000 2.005000 2.000000 2.000000 1.873000 1.489000 1.105000 1.392000 1.681000 1.779000 1.779000 1.794000 1.840000 1.887000 1.935000 1.984000 2.000000 2.000000 2.000000 2.000000 2.000000 2.000000 2.000000 2.000000 2.000000 2.016000 2.066000 2.116000 2.123000 2.131000 2.100000 2.050000 2.017000 2.017000 2.017000 2.017000 2.017000 
2.095000 2.031000 1.968000 1.968000 1.968000 1.968000 1.968000 1.972000 1.986000 2.000000 1.933000 1.865000 1.842000 1.842000 1.853000 1.886000 1.919000 1.954000 1.988000 2.000000 2.000000 2.000000 2.000000 2.000000 2.000000 2.000000 1.991000 1.977000 1.979000 2.015000 2.050000 2.064000 2.078000 2.059000 2.024000 2.000000 2.000000 2.000000 2.000000 2.000000 
2.088000 2.004000 1.920000 1.919000 1.919000 1.919000 1.919000 1.931000 1.965000 2.000000 1.973000 1.946000 1.937000 1.937000 1.941000 1.954000 1.968000 1.981000 1.995000 2.000000 2.000000 2.000000 2.000000 2.000000 2.000000 2.000000 1.977000 1.943000 1.924000 1.938000 1.952000 1.987000 2.021000 2.024000 2.010000 2.000000 2.000000 2.000000 2.000000 2.000000 
2.069000 1.978000 1.887000 1.887000 1.887000 1.887000 1.887000 1.903000 1.951000 2.000000 2.000000 2.000000 2.000000 2.000000 2.000000 2.000000 2.000000 2.000000 2.000000 2.000000 2.000000 2.000000 2.000000 2.000000 2.000000 2.000000 1.968000 1.920000 1.887000 1.887000 1.887000 1.935000 1.983000 1.995000 1.989000 1.984000 1.984000 1.984000 1.991000 1.998000 
2.027000 1.957000 1.887000 1.887000 1.887000 1.887000 1.887000 1.903000 1.951000 2.000000 2.000000 2.000000 2.000000 2.000000 2.000000 2.000000 2.000000 2.000000 2.000000 2.000000 2.000000 2.000000 2.000000 2.000000 2.000000 2.000000 1.968000 1.920000 1.887000 1.887000 1.887000 1.935000 1.983000 1.982000 1.954000 1.936000 1.936000 1.936000 1.963000 1.991000 
1.984000 1.936000 1.887000 1.887000 1.887000 1.887000 1.887000 1.903000 1.951000 2.000000 2.000000 2.000000 2.000000 2.000000 2.000000 2.000000 2.000000 2.000000 2.000000 2.000000 2.000000 2.000000 2.000000 2.000000 2.000000 2.000000 1.968000 1.920000 1.887000 1.887000 1.887000 1.935000 1.983000 1.968000 1.920000 1.887000 1.887000 1.887000 1.935000 1.983000 
1.984000 1.936000 1.887000 1.887000 1.887000 1.901000 1.921000 1.944000 1.972000 2.000000 2.000000 2.000000 2.000000 2.000000 2.007000 2.028000 2.050000 2.050000 2.050000 2.036000 2.014000 2.000000 2.000000 2.000000 2.000000 2.000000 1.968000 1.920000 1.887000 1.887000 1.887000 1.915000 1.942000 1.933000 1.906000 1.887000 1.887000 1.887000 1.935000 1.983000 
1.984000 1.936000 1.887000 1.887000 1.887000 1.915000 1.956000 1.986000 1.993000 2.000000 2.000000 2.000000 2.000000 2.000000 2.014000 2.057000 2.099000 2.099000 2.099000 2.071000 2.029000 2.000000 2.000000 2.000000 2.000000 2.000000 1.968000 1.920000 1.887000 1.887000 1.887000 1.894000 1.901000 1.899000 1.892000 1.887000 1.887000 1.887000 1.935000 1.983000 
1.989000 1.954000 1.919000 1.919000 1.919000 1.942000 1.977000 2.000000 2.000000 2.000000 2.000000 2.000000 2.009000 2.024000 2.045000 2.080000 2.116000 2.116000 2.116000 2.092000 2.057000 2.028000 2.014000 2.000000 2.000000 2.000000 1.977000 1.943000 1.919000 1.919000 1.919000 1.905000 1.892000 1.887000 1.887000 1.934000 2.079000 2.224000 2.259000 2.294000 
1.995000 1.982000 1.968000 1.968000 1.968000 1.977000 1.991000 2.000000 2.000000 2.000000 2.000000 2.000000 2.023000 2.059000 2.087000 2.102000 2.116000 2.116000 2.116000 2.107000 2.092000 2.071000 2.036000 2.000000 2.000000 2.000000 1.991000 1.977000 1.968000 1.968000 1.968000 1.933000 1.899000 1.887000 1.887000 2.005000 2.367000 2.730000 2.747000 2.761000 
2.000000 2.000000 2.000000 2.000000 2.000000 2.000000 2.000000 2.000000 2.000000 2.000000 2.000000 2.000000 2.078000 2.195000 2.274000 2.274000 2.274000 2.274000 2.274000 2.274000 2.274000 2.257000 2.205000 2.152000 2.152000 2.152000 2.152000 2.152000 2.152000 2.152000 2.152000 2.111000 2.069000 2.055000 2.055000 2.197000 2.633000 0.000000 0.000000 0.000000 
2.000000 2.000000 2.000000 2.000000 2.000000 2.000000 2.000000 2.000000 2.000000 2.000000 2.000000 2.000000 2.214000 2.536000 2.753000 2.753000 2.753000 2.753000 2.753000 2.753000 2.753000 2.733000 2.673000 2.612000 2.612000 2.612000 2.612000 2.612000 2.612000 2.612000 2.612000 2.591000 2.570000 2.563000 2.563000 2.634000 2.853000 0.000000 0.000000 0.000000 
2.000000 2.000000 2.000000 2.000000 2.000000 2.000000 2.000000 2.000000 2.000000 2.000000 2.000000 2.000000 2.350000 2.877000 0.000000 0.000000 0.000000 0.000000 0.000000 0.000000 0.000000 0.000000 0.000000 0.000000 0.000000 0.000000 0.000000 0.000000 0.000000 0.000000 0.000000 0.000000 0.000000 0.000000 0.000000 0.000000 0.000000 0.000000 0.000000 0.000000 
2.000000 2.000000 2.000000 2.000000 2.000000 2.000000 2.000000 2.000000 2.000000 2.000000 2.000000 2.000000 2.350000 2.878000 0.000000 0.000000 0.000000 0.000000 0.000000 0.000000 0.000000 0.000000 0.000000 0.000000 0.000000 0.000000 0.000000 0.000000 0.000000 0.000000 0.000000 0.000000 0.000000 0.000000 0.000000 0.000000 0.000000 0.000000 0.000000 0.000000 
0.000000 0.000000 0.000000 0.000000 0.000000 0.000000 0.000000 0.000000 0.000000 0.000000 0.000000 0.000000 0.000000 0.000000 0.000000 0.000000 0.000000 0.000000 0.000000 0.000000 0.000000 0.000000 0.000000 0.000000 0.000000 0.000000 0.000000 0.000000 0.000000 0.000000 0.000000 0.000000 0.000000 0.000000 0.000000 0.000000 0.000000 0.000000 0.000000 0.000000 
0.000000 0.000000 0.000000 0.000000 0.000000 0.000000 0.000000 0.000000 0.000000 0.000000 0.000000 0.000000 0.000000 0.000000 0.000000 0.000000 0.000000 0.000000 0.000000 0.000000 0.000000 0.000000 0.000000 0.000000 0.000000 0.000000 0.000000 0.000000 0.000000 0.000000 0.000000 0.000000 0.000000 0.000000 0.000000 0.000000 0.000000 0.000000 0.000000 0.000000 
0.000000 0.000000 0.000000 0.000000 0.000000 0.000000 0.000000 0.000000 0.000000 0.000000 0.000000 0.000000 0.000000 0.000000 0.000000 0.000000 0.000000 0.000000 0.000000 0.000000 0.000000 0.000000 0.000000 0.000000 0.000000 0.000000 0.000000 0.000000 0.000000 0.000000 0.000000 0.000000 0.000000 0.000000 0.000000 0.000000 0.000000 0.000000 0.000000 0.000000 
0.000000 0.000000 0.000000 0.000000 0.000000 0.000000 0.000000 0.000000 0.000000 0.000000 0.000000 0.000000 0.000000 0.000000 0.000000 0.000000 0.000000 0.000000 0.000000 0.000000 0.000000 0.000000 0.000000 0.000000 0.000000 0.000000 0.000000 0.000000 0.000000 0.000000 0.000000 0.000000 0.000000 0.000000 0.000000 0.000000 0.000000 0.000000 0.000000 0.000000 
0.000000 0.000000 0.000000 0.000000 0.000000 0.000000 0.000000 0.000000 0.000000 0.000000 0.000000 0.000000 0.000000 0.000000 0.000000 0.000000 0.000000 0.000000 0.000000 0.000000 0.000000 0.000000 0.000000 0.000000 0.000000 0.000000 0.000000 0.000000 0.000000 0.000000 0.000000 0.000000 0.000000 0.000000 0.000000 0.000000 0.000000 0.000000 0.000000 0.000000 
0.000000 0.000000 0.000000 0.000000 0.000000 0.000000 0.000000 0.000000 0.000000 0.000000 0.000000 0.000000 0.000000 0.000000 0.000000 0.000000 0.000000 0.000000 0.000000 0.000000 0.000000 0.000000 0.000000 0.000000 0.000000 0.000000 0.000000 0.000000 0.000000 0.000000 0.000000 0.000000 0.000000 0.000000 0.000000 0.000000 0.000000 0.000000 0.000000 0.000000 
0.000000 0.000000 0.000000 0.000000 0.000000 0.000000 0.000000 0.000000 0.000000 0.000000 0.000000 0.000000 0.000000 0.000000 0.000000 0.000000 0.000000 0.000000 0.000000 0.000000 0.000000 0.000000 0.000000 0.000000 0.000000 0.000000 0.000000 0.000000 0.000000 0.000000 0.000000 0.000000 0.000000 0.000000 0.000000 0.000000 0.000000 0.000000 0.000000 0.000000 
0.000000 0.000000 0.000000 0.000000 0.000000 0.000000 0.000000 0.000000 0.000000 0.000000 0.000000 0.000000 0.000000 0.000000 0.000000 0.000000 0.000000 0.000000 0.000000 0.000000 0.000000 0.000000 0.000000 0.000000 0.000000 0.000000 0.000000 0.000000 0.000000 0.000000 0.000000 0.000000 0.000000 0.000000 0.000000 0.000000 0.000000 0.000000 0.000000 0.000000 
0.000000 0.000000 0.000000 0.000000 0.000000 0.000000 0.000000 0.000000 0.000000 0.000000 0.000000 0.000000 0.000000 0.000000 0.000000 0.000000 0.000000 0.000000 0.000000 0.000000 0.000000 0.000000 0.000000 0.000000 0.000000 0.000000 0.000000 0.000000 0.000000 0.000000 0.000000 0.000000 0.000000 0.000000 0.000000 0.000000 0.000000 0.000000 0.000000 0.000000 
0.000000 0.000000 0.000000 0.000000 0.000000 0.000000 0.000000 0.000000 0.000000 0.000000 0.000000 0.000000 0.000000 0.000000 0.000000 0.000000 0.000000 0.000000 0.000000 0.000000 0.000000 0.000000 0.000000 0.000000 0.000000 0.000000 0.000000 0.000000 0.000000 0.000000 0.000000 0.000000 0.000000 0.000000 0.000000 0.000000 0.000000 0.000000 0.000000 0.000000 
0.000000 0.000000 0.000000 0.000000 0.000000 0.000000 0.000000 0.000000 0.000000 0.000000 0.000000 0.000000 0.000000 0.000000 0.000000 0.000000 0.000000 0.000000 0.000000 0.000000 0.000000 0.000000 0.000000 0.000000 0.000000 0.000000 0.000000 0.000000 0.000000 0.000000 0.000000 0.000000 0.000000 0.000000 0.000000 0.000000 0.000000 0.000000 0.000000 0.000000 
