40 40
0.000000 0.000000 0.000000 0.000000 0.000000 0.000000 0.000000 0.000000 0.000000 0.000000 0.000000 0.000000 0.000000 0.000000 0.000000 0.000000 0.000000 0.000000 0.000000 0.000000 0.000000 0.000000 0.000000 0.000000 0.000000 0.000000 0.000000 0.000000 0.000000 0.000000 0.000000 0.000000 0.000000 0.000000 0.000000 0.000000 0.000000 0.000000 0.000000 0.000000 
0.000000 0.000000 0.000000 0.000000 0.000000 0.000000 0.000000 0.000000 0.000000 0.000000 0.000000 0.000000 0.000000 0.000000 0.000000 0.000000 0.000000 0.000000 0.000000 0.000000 0.000000 0.000000 0.000000 0.000000 0.000000 0.000000 0.000000 0.000000 0.000000 0.000000 0.000000 0.000000 0.000000 0.000000 0.000000 0.000000 0.000000 0.000000 0.000000 0.000000 
0.000000 0.000000 0.000000 0.000000 0.000000 0.000000 0.000000 0.000000 0.000000 0.000000 0.000000 0.000000 0.000000 0.000000 0.000000 0.000000 0.000000 0.000000 0.000000 0.000000 0.000000 0.000000 0.000000 0.000000 0.000000 0.000000 0.000000 0.000000 0.000000 0.000000 0.000000 0.000000 0.000000 0.000000 0.000000 0.000000 0.000000 0.000000 0.000000 0.000000 
0.000000 0.000000 0.000000 0.000000 0.000000 0.000000 0.000000 0.000000 0.000000 0.000000 0.000000 0.000000 0.000000 0.000000 0.000000 0.000000 0.000000 0.000000 0.000000 0.000000 0.000000 0.000000 0.000000 0.000000 0.000000 0.000000 0.000000 0.000000 0.000000 0.000000 0.000000 0.000000 0.000000 0.000000 0.000000 0.000000 0.000000 0.000000 0.000000 0.000000 
0.000000 0.000000 0.000000 0.000000 0.000000 0.000000 0.000000 0.000000 0.000000 0.000000 0.000000 0.000000 0.000000 0.000000 0.000000 0.000000 0.000000 0.000000 0.000000 0.000000 0.000000 0.000000 0.000000 0.000000 0.000000 0.000000 0.000000 0.000000 0.000000 0.000000 0.000000 0.000000 0.000000 0.000000 0.000000 0.000000 0.000000 0.000000 0.000000 0.000000 
0.000000 0.000000 0.000000 0.000000 0.000000 0.000000 0.000000 0.000000 0.000000 0.000000 0.000000 0.000000 0.000000 0.000000 0.000000 0.000000 0.000000 0.000000 0.000000 0.000000 0.000000 0.000000 0.000000 0.000000 0.000000 0.000000 0.000000 0.000000 0.000000 0.000000 0.000000 0.000000 0.000000 0.000000 0.000000 0.000000 0.000000 0.000000 0.000000 0.000000 
0.000000 0.000000 0.000000 0.000000 0.000000 0.000000 0.000000 0.000000 0.000000 0.000000 0.000000 0.000000 0.000000 0.000000 0.000000 0.000000 0.000000 0.000000 0.000000 0.000000 0.000000 0.000000 0.000000 0.000000 0.000000 0.000000 0.000000 0.000000 0.000000 0.000000 0.000000 0.000000 0.000000 0.000000 0.000000 0.000000 0.000000 0.000000 0.000000 0.000000 
0.000000 0.000000 0.000000 0.000000 0.000000 0.000000 0.000000 0.000000 0.000000 0.000000 0.000000 0.000000 0.000000 0.000000 0.000000 0.000000 0.000000 0.000000 0.000000 0.000000 0.000000 0.000000 0.000000 0.000000 0.000000 0.000000 0.000000 0.000000 0.000000 0.000000 0.000000 0.000000 0.000000 0.000000 0.000000 0.000000 0.000000 0.000000 0.000000 0.000000 
2.161000 2.134000 2.084000 2.080000 2.664000 2.875000 2.875000 2.875000 2.875000 2.885000 2.919000 2.918000 2.878000 2.840000 2.802000 2.790000 2.812000 2.832000 2.819000 2.781000 2.743000 2.708000 2.708000 2.708000 2.708000 2.732000 2.748000 2.732000 2.708000 2.708000 2.708000 2.708000 2.708000 2.677000 2.669000 2.669000 2.669000 2.669000 2.669000 2.661000 
2.164000 2.158000 2.107000 2.104000 2.845000 0.000000 2.601000 2.224000 2.439000 2.885000 2.919000 2.919000 2.913000 2.283000 2.144000 2.142000 2.145000 2.466000 2.880000 2.824000 2.814000 2.778000 2.778000 2.778000 2.778000 2.781000 2.784000 2.767000 2.742000 2.742000 2.742000 2.742000 2.742000 2.684000 2.669000 2.669000 2.669000 2.669000 2.659000 2.635000 
2.165000 2.165000 2.172000 2.136000 2.324000 2.378000 2.230000 2.108000 2.172000 2.305000 2.395000 2.952000 2.922000 2.183000 2.026000 2.026000 2.026000 2.121000 2.245000 2.230000 2.229000 2.228000 2.798000 2.827000 2.821000 2.821000 2.821000 2.817000 2.801000 2.779000 2.779000 2.779000 2.751000 2.708000 2.698000 2.698000 2.684000 2.669000 2.658000 2.630000 
2.149000 2.165000 2.175000 2.142000 2.136000 2.136000 2.121000 2.108000 2.102000 2.090000 2.129000 2.393000 2.378000 2.117000 2.061000 2.061000 2.052000 2.036000 2.026000 2.026000 2.026000 2.031000 2.317000 2.763000 2.840000 2.832000 2.832000 2.821000 2.800000 2.790000 2.790000 2.790000 2.752000 2.737000 2.716000 2.708000 2.689000 2.669000 2.665000 2.650000 
2.136000 2.134000 2.134000 2.123000 2.121000 2.121000 2.114000 2.101000 2.084000 2.062000 2.051000 2.051000 2.051000 2.051000 2.051000 2.060000 2.051000 2.033000 2.026000 2.026000 2.026000 2.026000 2.024000 2.328000 2.375000 2.365000 2.365000 2.538000 2.790000 2.790000 2.790000 2.790000 2.773000 2.372000 2.260000 2.254000 2.471000 2.690000 2.684000 2.666000 
2.132000 2.108000 2.108000 2.108000 2.108000 2.108000 2.108000 2.096000 2.071000 2.047000 2.026000 2.026000 2.026000 2.026000 2.026000 2.035000 2.033000 2.026000 2.026000 2.024000 2.014000 2.014000 1.991000 1.988000 1.970000 1.963000 1.957000 2.137000 2.409000 2.419000 2.427000 2.417000 2.407000 1.981000 1.875000 1.875000 2.116000 2.491000 2.684000 2.669000 
2.132000 2.108000 2.108000 2.108000 2.108000 2.108000 2.108000 2.096000 2.074000 2.056000 2.035000 2.035000 2.035000 2.028000 2.026000 2.026000 2.026000 2.026000 2.026000 2.020000 1.999000 1.991000 1.975000 1.967000 1.954000 1.944000 1.932000 1.924000 1.932000 1.954000 1.971000 1.940000 1.926000 1.891000 1.883000 1.888000 1.908000 2.114000 2.406000 2.406000 
2.132000 2.108000 2.108000 2.108000 2.108000 2.108000 2.108000 2.096000 2.080000 2.074000 2.053000 2.053000 2.053000 2.031000 2.026000 2.026000 2.026000 2.023000 2.020000 2.015000 1.996000 1.968000 1.968000 1.948000 1.943000 1.931000 1.924000 1.924000 1.932000 1.953000 1.963000 1.924000 1.919000 1.903000 1.899000 1.910000 1.921000 1.914000 1.899000 1.899000 
2.132000 2.108000 2.108000 2.108000 2.108000 2.108000 2.108000 2.096000 2.080000 2.074000 2.053000 2.053000 2.053000 2.031000 2.026000 2.026000 2.026000 2.015000 2.000000 1.999000 1.991000 1.949000 1.949000 1.929000 1.924000 1.924000 1.924000 1.924000 1.932000 1.948000 1.943000 1.920000 1.898000 1.896000 1.893000 1.892000 1.906000 1.912000 1.898000 1.896000 
2.131000 2.108000 2.108000 2.108000 2.108000 2.108000 2.108000 2.096000 2.081000 2.074000 2.053000 2.053000 2.053000 2.032000 2.026000 2.026000 2.026000 2.015000 2.000000 1.994000 1.971000 1.950000 1.949000 1.929000 1.924000 1.924000 1.924000 1.924000 1.932000 1.944000 1.921000 1.899000 1.877000 1.875000 1.858000 1.851000 1.874000 1.898000 1.891000 1.875000 
2.110000 2.108000 2.108000 2.108000 2.108000 2.108000 2.108000 2.107000 2.098000 2.074000 2.053000 2.053000 2.053000 2.052000 2.033000 2.026000 2.026000 2.015000 2.000000 1.994000 1.974000 1.972000 1.951000 1.948000 1.931000 1.924000 1.924000 1.924000 1.932000 1.944000 1.921000 1.899000 1.877000 1.875000 1.858000 1.851000 1.864000 1.877000 1.876000 1.871000 
2.105000 2.085000 2.085000 2.085000 2.102000 2.108000 2.108000 2.098000 2.083000 2.079000 2.073000 2.053000 2.053000 2.053000 2.033000 2.026000 2.026000 2.015000 2.000000 1.999000 1.996000 1.995000 1.972000 1.970000 1.967000 1.953000 1.945000 1.945000 1.946000 1.944000 1.921000 1.899000 1.877000 1.875000 1.858000 1.851000 1.863000 1.875000 1.875000 1.870000 
2.084000 2.060000 2.060000 2.077000 2.101000 2.095000 2.087000 2.084000 2.080000 2.075000 2.059000 2.053000 2.053000 2.053000 2.033000 2.026000 2.026000 2.023000 2.013000 2.000000 2.000000 2.000000 1.994000 1.978000 1.974000 1.959000 1.949000 1.949000 1.949000 1.944000 1.923000 1.917000 1.895000 1.893000 1.888000 1.886000 1.889000 1.893000 1.887000 1.874000 
2.076000 2.053000 2.053000 2.076000 2.101000 2.090000 2.080000 2.080000 2.074000 2.061000 2.053000 2.053000 2.053000 2.053000 2.033000 2.026000 2.026000 2.026000 2.023000 2.013000 2.000000 2.000000 2.000000 1.992000 1.979000 1.959000 1.949000 1.949000 1.949000 1.944000 1.924000 1.924000 1.916000 1.915000 1.904000 1.899000 1.899000 1.899000 1.892000 1.875000 
0.000000 0.000000 0.000000 0.000000 1.668000 2.090000 2.072000 2.066000 2.057000 2.039000 2.039000 2.039000 2.065000 2.056000 2.033000 2.026000 2.026000 2.026000 2.026000 2.020000 2.000000 2.000000 2.000000 2.000000 1.991000 1.972000 1.956000 1.949000 1.949000 1.944000 1.924000 1.924000 1.924000 1.924000 1.916000 1.912000 1.912000 1.907000 1.896000 1.885000 
0.000000 0.000000 0.000000 0.000000 0.000000 1.602000 2.066000 2.053000 2.044000 2.026000 2.026000 2.027000 2.076000 2.058000 2.017000 2.004000 2.015000 2.026000 2.026000 2.020000 2.000000 2.000000 2.000000 2.000000 2.000000 1.984000 1.961000 1.949000 1.949000 1.944000 1.924000 1.924000 1.924000 1.924000 1.924000 1.924000 1.919000 1.908000 1.899000 1.894000 
0.000000 0.000000 0.000000 0.000000 0.000000 0.000000 2.070000 2.058000 2.041000 2.017000 2.019000 2.027000 2.059000 2.026000 1.980000 1.966000 1.988000 2.012000 2.017000 2.016000 2.009000 2.008000 2.001000 2.000000 2.000000 1.989000 1.970000 1.957000 1.957000 1.952000 1.931000 1.924000 1.924000 1.924000 1.924000 1.924000 1.912000 1.899000 1.899000 1.893000 
0.000000 0.000000 0.000000 0.000000 0.000000 0.000000 1.379000 1.670000 2.036000 2.000000 2.003000 2.008000 1.389000 1.288000 1.759000 1.943000 1.956000 1.979000 1.996000 2.006000 2.025000 2.020000 2.002000 2.000000 2.000000 2.000000 1.987000 1.974000 1.974000 1.969000 1.947000 1.930000 1.930000 1.925000 1.924000 1.924000 1.912000 1.899000 1.899000 1.888000 
0.000000 0.000000 0.000000 0.000000 0.000000 0.000000 0.000000 0.000000 1.650000 1.619000 1.622000 1.572000 0.000000 0.000000 1.118000 1.924000 1.937000 1.959000 1.982000 1.922000 1.683000 2.000000 2.000000 1.997000 1.994000 1.992000 1.979000 1.969000 1.971000 1.968000 1.955000 1.952000 1.949000 1.929000 1.924000 1.924000 1.913000 1.901000 1.899000 1.881000 
0.000000 0.000000 0.000000 0.000000 0.000000 0.000000 0.000000 0.000000 0.000000 0.000000 0.000000 0.000000 0.000000 0.000000 1.062000 1.847000 1.860000 1.882000 1.904000 1.291000 0.000000 1.921000 1.921000 1.963000 1.956000 1.934000 1.924000 1.933000 1.948000 1.959000 1.997000 1.974000 1.951000 1.929000 1.924000 1.924000 1.924000 1.914000 1.899000 1.881000 
0.000000 0.000000 0.000000 0.000000 0.000000 0.000000 0.000000 0.000000 0.000000 0.000000 0.000000 0.000000 0.000000 0.000000 0.000000 0.000000 0.000000 0.000000 0.000000 0.000000 0.000000 0.000000 0.000000 1.441000 1.933000 1.925000 1.912000 1.902000 1.910000 1.941000 1.997000 1.974000 1.951000 1.929000 1.924000 1.924000 1.924000 1.914000 1.899000 1.885000 
0.000000 0.000000 0.000000 0.000000 0.000000 0.000000 0.000000 0.000000 0.000000 0.000000 0.000000 0.000000 0.000000 0.000000 0.000000 0.000000 0.000000 0.000000 0.000000 0.000000 0.000000 0.000000 0.000000 1.398000 1.931000 1.924000 1.911000 1.899000 1.907000 1.940000 2.000000 1.995000 1.991000 1.937000 1.924000 1.924000 1.914000 1.902000 1.899000 1.889000 
0.000000 0.000000 0.000000 0.000000 0.000000 0.000000 0.000000 0.000000 0.000000 0.000000 0.000000 0.000000 0.000000 0.000000 0.000000 0.000000 0.000000 0.000000 0.000000 0.000000 0.000000 0.000000 0.000000 0.000000 0.000000 0.000000 0.000000 0.000000 0.000000 0.000000 0.000000 0.000000 0.000000 0.000000 0.000000 0.000000 0.000000 1.899000 1.287000 0.000000 
0.000000 0.000000 0.000000 0.000000 0.000000 0.000000 0.000000 0.000000 0.000000 0.000000 0.000000 0.000000 0.000000 0.000000 0.000000 0.000000 0.000000 0.000000 0.000000 0.000000 0.000000 0.000000 0.000000 0.000000 0.000000 0.000000 0.000000 0.000000 0.000000 0.000000 0.000000 0.000000 0.000000 0.000000 0.000000 0.000000 0.000000 0.000000 0.000000 0.000000 
0.000000 0.000000 0.000000 0.000000 0.000000 0.000000 0.000000 0.000000 0.000000 0.000000 0.000000 0.000000 0.000000 0.000000 0.000000 0.000000 0.000000 0.000000 0.000000 0.000000 0.000000 0.000000 0.000000 0.000000 0.000000 0.000000 0.000000 0.000000 0.000000 0.000000 0.000000 0.000000 0.000000 0.000000 0.000000 0.000000 0.000000 0.000000 0.000000 0.000000 
0.000000 0.000000 0.000000 0.000000 0.000000 0.000000 0.000000 0.000000 0.000000 0.000000 0.000000 0.000000 0.000000 0.000000 0.000000 0.000000 0.000000 0.000000 0.000000 0.000000 0.000000 0.000000 0.000000 0.000000 0.000000 0.000000 0.000000 0.000000 0.000000 0.000000 0.000000 0.000000 0.000000 0.000000 0.000000 0.000000 0.000000 0.000000 0.000000 0.000000 
0.000000 0.000000 0.000000 0.000000 0.000000 0.000000 0.000000 0.000000 0.000000 0.000000 0.000000 0.000000 0.000000 0.000000 0.000000 0.000000 0.000000 0.000000 0.000000 0.000000 0.000000 0.000000 0.000000 0.000000 0.000000 0.000000 0.000000 0.000000 0.000000 0.000000 0.000000 0.000000 0.000000 0.000000 0.000000 0.000000 0.000000 0.000000 0.000000 0.000000 
0.000000 0.000000 0.000000 0.000000 0.000000 0.000000 0.000000 0.000000 0.000000 0.000000 0.000000 0.000000 0.000000 0.000000 0.000000 0.000000 0.000000 0.000000 0.000000 0.000000 0.000000 0.000000 0.000000 0.000000 0.000000 0.000000 0.000000 0.000000 0.000000 0.000000 0.000000 0.000000 0.000000 0.000000 0.000000 0.000000 0.000000 0.000000 0.000000 0.000000 
0.000000 0.000000 0.000000 0.000000 0.000000 0.000000 0.000000 0.000000 0.000000 0.000000 0.000000 0.000000 0.000000 0.000000 0.000000 0.000000 0.000000 0.000000 0.000000 0.000000 0.000000 0.000000 0.000000 0.000000 0.000000 0.000000 0.000000 0.000000 0.000000 0.000000 0.000000 0.000000 0.000000 0.000000 0.000000 0.000000 0.000000 0.000000 0.000000 0.000000 
0.000000 0.000000 0.000000 0.000000 0.000000 0.000000 0.000000 0.000000 0.000000 0.000000 0.000000 0.000000 0.000000 0.000000 0.000000 0.000000 0.000000 0.000000 0.000000 0.000000 0.000000 0.000000 0.000000 0.000000 0.000000 0.000000 0.000000 0.000000 0.000000 0.000000 0.000000 0.000000 0.000000 0.000000 0.000000 0.000000 0.000000 0.000000 0.000000 0.000000 
0.000000 0.000000 0.000000 0.000000 0.000000 0.000000 0.000000 0.000000 0.000000 0.000000 0.000000 0.000000 0.000000 0.000000 0.000000 0.000000 0.000000 0.000000 0.000000 0.000000 0.000000 0.000000 0.000000 0.000000 0.000000 0.000000 0.000000 0.000000 0.000000 0.000000 0.000000 0.000000 0.000000 0.000000 0.000000 0.000000 0.000000 0.000000 0.000000 0.000000 
0.000000 0.000000 0.000000 0.000000 0.000000 0.000000 0.000000 0.000000 0.000000 0.000000 0.000000 0.000000 0.000000 0.000000 0.000000 0.000000 0.000000 0.000000 0.000000 0.000000 0.000000 0.000000 0.000000 0.000000 0.000000 0.000000 0.000000 0.000000 0.000000 0.000000 0.000000 0.000000 0.000000 0.000000 0.000000 0.000000 0.000000 0.000000 0.000000 0.000000 
