40 40
0.000000 0.000000 0.000000 0.000000 0.000000 0.000000 0.000000 0.000000 0.000000 0.000000 0.000000 0.000000 0.000000 0.000000 0.000000 0.000000 0.000000 0.000000 0.000000 0.000000 0.000000 0.000000 0.000000 0.000000 0.000000 0.000000 0.000000 0.000000 0.000000 0.000000 0.000000 0.000000 0.000000 0.000000 0.000000 0.000000 0.000000 0.000000 0.000000 0.000000 
0.000000 0.000000 0.000000 0.000000 0.000000 0.000000 0.000000 0.000000 0.000000 0.000000 0.000000 0.000000 2.239000 2.200000 2.163000 2.126000 2.117000 2.113000 2.077000 2.058000 2.058000 2.058000 2.058000 2.058000 2.855000 0.000000 0.000000 0.000000 0.000000 0.000000 0.000000 0.000000 0.000000 0.000000 0.000000 0.000000 0.000000 0.000000 0.000000 0.000000 
0.000000 0.000000 0.000000 0.000000 0.000000 0.000000 0.000000 0.000000 0.000000 0.000000 0.000000 0.000000 2.213000 2.191000 2.163000 2.126000 2.117000 2.113000 2.077000 2.058000 2.058000 2.058000 2.055000 2.041000 2.501000 0.000000 0.000000 0.000000 0.000000 0.000000 0.000000 0.000000 0.000000 0.000000 0.000000 0.000000 0.000000 0.000000 0.000000 0.000000 
0.000000 0.000000 0.000000 0.000000 0.000000 0.000000 0.000000 0.000000 0.000000 0.000000 0.000000 0.000000 2.176000 2.176000 2.162000 2.126000 2.117000 2.113000 2.077000 2.058000 2.058000 2.058000 2.052000 2.016000 2.000000 2.000000 2.000000 2.000000 2.000000 2.000000 0.000000 0.000000 0.000000 0.000000 0.000000 0.000000 0.000000 0.000000 0.000000 0.000000 
0.000000 0.000000 0.000000 0.000000 0.000000 0.000000 0.000000 0.000000 0.000000 0.000000 2.940000 2.609000 2.139000 2.139000 2.134000 2.120000 2.117000 2.113000 2.077000 2.058000 2.058000 2.058000 2.052000 2.016000 2.000000 2.000000 2.000000 2.000000 2.000000 2.000000 0.000000 0.000000 0.000000 0.000000 0.000000 0.000000 0.000000 0.000000 0.000000 0.000000 
0.000000 0.000000 0.000000 0.000000 0.000000 0.000000 0.000000 0.000000 0.000000 0.000000 2.117000 2.117000 2.117000 2.117000 2.114000 2.105000 2.103000 2.100000 2.073000 2.058000 2.058000 2.058000 2.052000 2.016000 2.000000 2.000000 2.000000 2.000000 2.000000 2.000000 0.000000 0.000000 0.000000 0.000000 0.000000 0.000000 0.000000 0.000000 0.000000 0.000000 
0.000000 0.000000 0.000000 0.000000 0.000000 0.000000 0.000000 0.000000 0.000000 0.000000 2.117000 2.117000 2.117000 2.117000 2.105000 2.075000 2.067000 2.066000 2.061000 2.058000 2.058000 2.058000 2.052000 2.016000 2.000000 2.000000 2.000000 2.000000 2.000000 2.000000 0.000000 0.000000 0.000000 0.000000 0.000000 0.000000 0.000000 0.000000 0.000000 0.000000 
0.000000 0.000000 0.000000 0.000000 0.000000 0.000000 0.000000 0.000000 0.000000 0.000000 2.117000 2.106000 2.090000 2.090000 2.082000 2.063000 2.058000 2.058000 2.058000 2.050000 2.034000 2.031000 2.031000 2.028000 2.027000 2.027000 2.012000 2.000000 2.000000 2.000000 0.000000 0.000000 0.000000 0.000000 0.000000 0.000000 0.000000 0.000000 0.000000 0.000000 
0.000000 0.000000 0.000000 0.000000 0.000000 0.000000 0.000000 0.000000 0.000000 0.000000 2.256000 2.174000 2.058000 2.058000 2.058000 2.058000 2.058000 2.058000 2.058000 2.042000 2.006000 2.000000 2.006000 2.042000 2.058000 2.058000 2.026000 2.000000 2.000000 2.000000 0.000000 0.000000 0.000000 0.000000 0.000000 0.000000 0.000000 0.000000 0.000000 0.000000 
0.000000 0.000000 0.000000 0.000000 0.000000 0.000000 0.000000 0.000000 0.000000 0.000000 0.000000 2.925000 2.058000 2.058000 2.058000 2.058000 2.058000 2.058000 2.058000 2.042000 2.006000 2.000000 2.006000 2.042000 2.058000 2.058000 2.026000 2.000000 2.000000 2.000000 0.000000 0.000000 0.000000 0.000000 0.000000 0.000000 0.000000 0.000000 0.000000 0.000000 
0.000000 0.000000 0.000000 0.000000 0.000000 0.000000 0.000000 0.000000 0.000000 0.000000 0.000000 2.975000 2.058000 2.058000 2.058000 2.058000 2.058000 2.058000 2.058000 2.046000 2.021000 2.016000 2.021000 2.046000 2.058000 2.058000 2.026000 2.000000 2.000000 2.000000 0.000000 0.000000 0.000000 0.000000 0.000000 0.000000 0.000000 0.000000 0.000000 0.000000 
0.000000 0.000000 0.000000 0.000000 0.000000 0.000000 0.000000 0.000000 0.000000 0.000000 2.342000 2.224000 2.058000 2.058000 2.058000 2.058000 2.058000 2.058000 2.058000 2.056000 2.052000 2.052000 2.052000 2.056000 2.058000 2.058000 2.026000 2.000000 2.000000 2.000000 0.000000 0.000000 0.000000 0.000000 0.000000 0.000000 0.000000 0.000000 0.000000 0.000000 
0.000000 0.000000 0.000000 0.000000 0.000000 0.000000 0.000000 0.000000 0.000000 0.000000 2.117000 2.093000 2.058000 2.058000 2.058000 2.058000 2.058000 2.056000 2.038000 2.029000 2.029000 2.029000 2.029000 2.029000 2.029000 2.029000 2.013000 2.000000 2.000000 2.000000 0.000000 0.000000 0.000000 0.000000 0.000000 0.000000 0.000000 0.000000 0.000000 0.000000 
0.000000 0.000000 0.000000 0.000000 0.000000 0.000000 0.000000 0.000000 0.000000 0.000000 2.117000 2.095000 2.065000 2.065000 2.063000 2.059000 2.058000 2.054000 2.019000 2.000000 2.000000 2.000000 2.000000 2.000000 2.000000 2.000000 2.000000 2.000000 2.000000 2.000000 0.000000 0.000000 0.000000 0.000000 0.000000 0.000000 0.000000 0.000000 0.000000 0.000000 
0.000000 0.000000 0.000000 0.000000 0.000000 0.000000 0.000000 0.000000 0.000000 0.000000 2.117000 2.110000 2.100000 2.100000 2.090000 2.064000 2.058000 2.054000 2.019000 2.000000 2.000000 2.000000 2.000000 2.000000 2.000000 2.000000 2.000000 2.000000 2.000000 2.000000 0.000000 0.000000 0.000000 0.000000 0.000000 0.000000 0.000000 0.000000 0.000000 0.000000 
0.000000 0.000000 0.000000 0.000000 0.000000 0.000000 0.000000 0.000000 0.000000 0.000000 2.137000 2.137000 2.136000 2.124000 2.103000 2.067000 2.058000 2.054000 2.019000 2.000000 2.000000 2.000000 2.000000 2.000000 2.006000 2.018000 2.009000 2.000000 2.000000 2.000000 0.000000 0.000000 0.000000 0.000000 0.000000 0.000000 0.000000 0.000000 0.000000 0.000000 
0.000000 0.000000 0.000000 0.000000 0.000000 0.000000 0.000000 0.000000 0.000000 0.000000 2.173000 2.173000 2.172000 2.138000 2.103000 2.067000 2.058000 2.054000 2.019000 2.000000 2.000000 2.000000 2.000000 2.000000 2.018000 2.051000 2.025000 2.000000 2.000000 2.000000 0.000000 0.000000 0.000000 0.000000 0.000000 0.000000 0.000000 0.000000 0.000000 0.000000 
0.000000 0.000000 0.000000 0.000000 0.000000 0.000000 0.000000 0.000000 0.000000 0.000000 2.177000 2.163000 2.144000 2.127000 2.103000 2.067000 2.058000 2.054000 2.019000 2.000000 2.000000 2.000000 2.000000 2.000000 2.019000 2.054000 2.026000 1.995000 1.977000 1.969000 0.000000 0.000000 0.000000 0.000000 0.000000 0.000000 0.000000 0.000000 0.000000 0.000000 
0.000000 0.000000 0.000000 0.000000 0.000000 0.000000 0.000000 0.000000 0.000000 0.000000 2.177000 2.152000 2.117000 2.117000 2.103000 2.067000 2.058000 2.054000 2.019000 2.000000 2.000000 2.000000 2.001000 2.006000 2.025000 2.055000 2.026000 1.991000 1.957000 1.944000 0.000000 0.000000 0.000000 0.000000 0.000000 0.000000 0.000000 0.000000 0.000000 0.000000 
0.000000 0.000000 0.000000 0.000000 0.000000 0.000000 0.000000 0.000000 0.000000 0.000000 2.177000 2.152000 2.117000 2.117000 2.103000 2.067000 2.058000 2.054000 2.019000 2.000000 2.000000 2.000000 2.005000 2.032000 2.049000 2.057000 2.026000 1.991000 1.957000 1.944000 0.000000 0.000000 0.000000 0.000000 0.000000 0.000000 0.000000 0.000000 0.000000 0.000000 
0.000000 0.000000 0.000000 0.000000 0.000000 0.000000 0.000000 0.000000 0.000000 0.000000 2.177000 2.161000 2.139000 2.125000 2.108000 2.086000 2.080000 2.076000 2.041000 2.015000 2.002000 2.000000 2.006000 2.042000 2.058000 2.058000 2.026000 1.995000 1.973000 1.965000 0.000000 0.000000 0.000000 0.000000 0.000000 0.000000 0.000000 0.000000 0.000000 0.000000 
0.000000 0.000000 0.000000 0.000000 0.000000 0.000000 0.000000 0.000000 0.000000 0.000000 2.177000 2.177000 2.175000 2.139000 2.117000 2.116000 2.116000 2.112000 2.076000 2.041000 2.006000 2.000000 2.006000 2.042000 2.058000 2.058000 2.026000 2.000000 1.999000 1.999000 0.000000 0.000000 0.000000 0.000000 0.000000 0.000000 0.000000 0.000000 0.000000 0.000000 
0.000000 0.000000 0.000000 0.000000 0.000000 0.000000 0.000000 0.000000 0.000000 0.000000 2.142000 2.142000 2.141000 2.126000 2.109000 2.087000 2.082000 2.078000 2.043000 2.017000 2.003000 2.000000 2.006000 2.042000 2.058000 2.058000 2.045000 2.029000 2.008000 2.000000 0.000000 0.000000 0.000000 0.000000 0.000000 0.000000 0.000000 0.000000 0.000000 0.000000 
0.000000 0.000000 0.000000 0.000000 0.000000 0.000000 0.000000 0.000000 0.000000 0.000000 2.117000 2.117000 2.117000 2.117000 2.103000 2.067000 2.053000 2.043000 2.015000 2.000000 2.000000 2.000000 2.006000 2.042000 2.058000 2.058000 2.064000 2.063000 2.034000 2.023000 0.000000 0.000000 0.000000 0.000000 0.000000 0.000000 0.000000 0.000000 0.000000 0.000000 
0.000000 0.000000 0.000000 0.000000 0.000000 0.000000 0.000000 0.000000 0.000000 0.000000 2.117000 2.117000 2.117000 2.117000 2.103000 2.067000 2.037000 2.010000 2.004000 2.000000 2.000000 2.000000 2.006000 2.042000 2.058000 2.058000 2.084000 2.104000 2.097000 2.095000 0.000000 0.000000 0.000000 0.000000 0.000000 0.000000 0.000000 0.000000 0.000000 0.000000 
0.000000 0.000000 0.000000 0.000000 0.000000 0.000000 0.000000 0.000000 0.000000 0.000000 2.142000 2.132000 2.116000 2.101000 2.078000 2.043000 2.018000 2.000000 2.000000 2.000000 2.000000 2.000000 2.006000 2.042000 2.058000 2.058000 2.077000 2.096000 2.111000 2.117000 0.000000 0.000000 0.000000 0.000000 0.000000 0.000000 0.000000 0.000000 0.000000 0.000000 
0.000000 0.000000 0.000000 0.000000 0.000000 0.000000 0.000000 0.000000 0.000000 0.000000 2.174000 2.150000 2.116000 2.079000 2.043000 2.009000 2.000000 2.000000 2.000000 2.000000 2.000000 2.001000 2.008000 2.042000 2.058000 2.058000 2.058000 2.077000 2.150000 2.178000 0.000000 0.000000 0.000000 0.000000 0.000000 0.000000 0.000000 0.000000 0.000000 0.000000 
0.000000 0.000000 0.000000 0.000000 0.000000 0.000000 0.000000 0.000000 0.000000 0.000000 2.101000 2.108000 2.115000 2.057000 2.016000 2.003000 2.000000 2.000000 2.000000 2.000000 2.000000 2.018000 2.039000 2.052000 2.058000 2.058000 2.058000 2.300000 0.000000 0.000000 0.000000 0.000000 0.000000 0.000000 0.000000 0.000000 0.000000 0.000000 0.000000 0.000000 
0.000000 0.000000 0.000000 0.000000 0.000000 0.000000 0.000000 0.000000 0.000000 0.000000 2.058000 2.082000 2.114000 2.043000 2.000000 2.000000 2.000000 2.000000 2.000000 2.004000 2.013000 2.036000 2.058000 2.058000 2.053000 2.045000 2.044000 2.417000 0.000000 0.000000 0.000000 0.000000 0.000000 0.000000 0.000000 0.000000 0.000000 0.000000 0.000000 0.000000 
0.000000 0.000000 0.000000 0.000000 0.000000 0.000000 0.000000 0.000000 0.000000 0.000000 2.058000 2.082000 2.114000 2.043000 2.000000 2.000000 2.000000 2.000000 2.000000 2.014000 2.044000 2.054000 2.058000 2.058000 2.042000 2.012000 2.009000 2.374000 0.000000 0.000000 0.000000 0.000000 0.000000 0.000000 0.000000 0.000000 0.000000 0.000000 0.000000 0.000000 
0.000000 0.000000 0.000000 0.000000 0.000000 0.000000 0.000000 0.000000 0.000000 0.000000 2.058000 2.071000 2.088000 2.050000 2.020000 2.004000 2.000000 2.002000 2.018000 2.036000 2.055000 2.058000 2.058000 2.058000 2.039000 2.004000 2.000000 2.364000 0.000000 0.000000 0.000000 0.000000 0.000000 0.000000 0.000000 0.000000 0.000000 0.000000 0.000000 0.000000 
0.000000 0.000000 0.000000 0.000000 0.000000 0.000000 0.000000 0.000000 0.000000 0.000000 2.058000 2.056000 2.054000 2.054000 2.041000 2.008000 2.000000 2.004000 2.039000 2.058000 2.058000 2.058000 2.058000 2.058000 2.039000 2.004000 1.998000 2.334000 0.000000 0.000000 0.000000 0.000000 0.000000 0.000000 0.000000 0.000000 0.000000 0.000000 0.000000 0.000000 
0.000000 0.000000 0.000000 0.000000 0.000000 0.000000 0.000000 0.000000 0.000000 0.000000 2.058000 2.042000 2.019000 2.019000 2.014000 2.003000 2.000000 2.004000 2.039000 2.058000 2.058000 2.058000 2.058000 2.058000 2.039000 2.004000 1.979000 2.079000 2.538000 2.716000 0.000000 0.000000 0.000000 0.000000 0.000000 0.000000 0.000000 0.000000 0.000000 0.000000 
0.000000 0.000000 0.000000 0.000000 0.000000 0.000000 0.000000 0.000000 0.000000 0.000000 2.717000 2.421000 2.000000 2.000000 2.000000 2.000000 2.000000 2.004000 2.039000 2.058000 2.058000 2.058000 2.058000 2.058000 2.039000 2.004000 1.969000 1.944000 1.944000 1.944000 0.000000 0.000000 0.000000 0.000000 0.000000 0.000000 0.000000 0.000000 0.000000 0.000000 
0.000000 0.000000 0.000000 0.000000 0.000000 0.000000 0.000000 0.000000 0.000000 0.000000 0.000000 0.000000 2.000000 2.000000 2.000000 2.000000 2.000000 2.004000 2.039000 2.058000 2.058000 2.058000 2.058000 2.058000 2.039000 2.004000 1.969000 1.944000 1.944000 1.944000 0.000000 0.000000 0.000000 0.000000 0.000000 0.000000 0.000000 0.000000 0.000000 0.000000 
0.000000 0.000000 0.000000 0.000000 0.000000 0.000000 0.000000 0.000000 0.000000 0.000000 0.000000 0.000000 0.000000 2.438000 2.000000 2.000000 2.000000 2.004000 2.039000 2.058000 2.058000 2.058000 2.058000 2.058000 2.049000 2.031000 1.998000 1.972000 1.972000 1.972000 0.000000 0.000000 0.000000 0.000000 0.000000 0.000000 0.000000 0.000000 0.000000 0.000000 
0.000000 0.000000 0.000000 0.000000 0.000000 0.000000 0.000000 0.000000 0.000000 0.000000 0.000000 0.000000 0.000000 2.866000 2.000000 2.000000 2.000000 2.004000 2.039000 2.058000 2.058000 2.058000 2.058000 2.058000 2.058000 2.058000 2.034000 2.055000 2.220000 2.284000 0.000000 0.000000 0.000000 0.000000 0.000000 0.000000 0.000000 0.000000 0.000000 0.000000 
0.000000 0.000000 0.000000 0.000000 0.000000 0.000000 0.000000 0.000000 0.000000 0.000000 0.000000 0.000000 0.000000 2.866000 2.000000 2.000000 2.000000 2.004000 2.039000 2.058000 2.058000 2.058000 2.058000 2.058000 2.058000 2.058000 2.073000 2.350000 0.000000 0.000000 0.000000 0.000000 0.000000 0.000000 0.000000 0.000000 0.000000 0.000000 0.000000 0.000000 
0.000000 0.000000 0.000000 0.000000 0.000000 0.000000 0.000000 0.000000 0.000000 0.000000 0.000000 0.000000 0.000000 2.866000 2.000000 2.000000 2.000000 2.004000 2.039000 2.058000 2.058000 2.058000 2.058000 2.058000 2.058000 2.058000 2.090000 2.484000 0.000000 0.000000 0.000000 0.000000 0.000000 0.000000 0.000000 0.000000 0.000000 0.000000 0.000000 0.000000 
0.000000 0.000000 0.000000 0.000000 0.000000 0.000000 0.000000 0.000000 0.000000 0.000000 0.000000 0.000000 0.000000 0.000000 0.000000 0.000000 0.000000 0.000000 0.000000 0.000000 0.000000 0.000000 0.000000 0.000000 0.000000 0.000000 0.000000 0.000000 0.000000 0.000000 0.000000 0.000000 0.000000 0.000000 0.000000 0.000000 0.000000 0.000000 0.000000 0.000000 
