0.000000,0.000000,0.000000,0.000000,0.000000,0.000000,0.000000,0.000000,0.000000,0.000000,0.000000,0.000000,0.000000,0.000000,0.000000,0.000000,0.000000,0.000000,0.000000,0.000000,0.000000,0.000000,0.000000,0.000000,0.000000,0.000000,0.000000,0.000000,0.000000,0.000000,0.000000,0.000000,0.000000,0.000000,0.000000,0.000000,0.000000,0.000000,0.000000,0.000000,
0.000000,0.000000,0.000000,0.000000,0.000000,0.000000,0.000000,0.000000,0.000000,0.000000,0.000000,1.318000,1.880000,1.663000,1.266000,1.241000,1.241000,1.241000,1.693000,2.000000,2.000000,1.929000,0.000000,0.000000,0.000000,0.000000,0.000000,0.000000,0.000000,0.000000,0.000000,0.000000,0.000000,0.000000,0.000000,0.000000,0.000000,0.000000,0.000000,0.000000,
0.000000,0.000000,0.000000,0.000000,0.000000,0.000000,0.000000,0.000000,0.000000,0.000000,0.000000,1.880000,2.037000,2.016000,1.940000,1.933000,1.933000,1.819000,1.914000,2.000000,2.000000,1.980000,1.497000,0.000000,0.000000,0.000000,0.000000,0.000000,0.000000,0.000000,0.000000,0.000000,0.000000,0.000000,0.000000,0.000000,0.000000,0.000000,0.000000,0.000000,
0.000000,0.000000,0.000000,0.000000,0.000000,0.000000,0.000000,0.000000,0.000000,0.000000,0.000000,2.117000,2.117000,2.163000,2.203000,1.910000,0.000000,1.681000,2.032000,2.018000,2.018000,2.018000,2.032000,1.372000,1.029000,1.033000,1.042000,1.039000,0.000000,0.000000,0.000000,0.000000,0.000000,0.000000,0.000000,0.000000,0.000000,0.000000,0.000000,0.000000,
0.000000,0.000000,0.000000,0.000000,0.000000,0.000000,0.000000,0.000000,0.000000,0.000000,0.000000,2.133000,2.133000,2.164000,2.191000,1.828000,0.000000,1.617000,2.073000,2.046000,2.033000,2.034000,2.060000,2.044000,2.033000,2.039000,2.054000,2.054000,0.000000,0.000000,0.000000,0.000000,0.000000,0.000000,0.000000,0.000000,0.000000,0.000000,0.000000,0.000000,
0.000000,0.000000,0.000000,0.000000,0.000000,0.000000,0.000000,0.000000,0.000000,0.000000,0.000000,2.139000,2.135000,2.149000,2.164000,2.162000,2.134000,2.111000,2.101000,2.076000,2.042000,2.039000,2.061000,2.044000,2.033000,2.032000,2.028000,2.028000,0.000000,0.000000,0.000000,0.000000,0.000000,0.000000,0.000000,0.000000,0.000000,0.000000,0.000000,0.000000,
0.000000,0.000000,0.000000,0.000000,0.000000,0.000000,0.000000,0.000000,0.000000,0.000000,0.000000,2.167000,2.143000,2.134000,2.146000,2.162000,2.134000,2.132000,2.112000,2.098000,2.090000,2.064000,2.065000,2.044000,2.033000,2.024000,2.001000,2.001000,0.000000,0.000000,0.000000,0.000000,0.000000,0.000000,0.000000,0.000000,0.000000,0.000000,0.000000,0.000000,
0.000000,0.000000,0.000000,0.000000,0.000000,0.000000,0.000000,0.000000,0.000000,0.000000,0.000000,2.141000,2.135000,2.133000,2.145000,2.162000,2.134000,2.112000,2.102000,2.099000,2.091000,2.065000,2.065000,2.044000,2.021000,2.005000,2.000000,2.000000,0.000000,0.000000,0.000000,0.000000,0.000000,0.000000,0.000000,0.000000,0.000000,0.000000,0.000000,0.000000,
0.000000,0.000000,0.000000,0.000000,0.000000,0.000000,0.000000,0.000000,0.000000,0.000000,0.000000,2.133000,2.133000,2.133000,2.138000,2.142000,2.114000,2.102000,2.099000,2.099000,2.091000,2.065000,2.065000,2.044000,2.017000,2.000000,2.000000,2.000000,0.000000,0.000000,0.000000,0.000000,0.000000,0.000000,0.000000,0.000000,0.000000,0.000000,0.000000,0.000000,
0.000000,0.000000,0.000000,0.000000,0.000000,0.000000,0.000000,0.000000,0.000000,0.000000,0.000000,2.119000,2.129000,2.133000,2.133000,2.128000,2.100000,2.099000,2.099000,2.099000,2.091000,2.065000,2.065000,2.044000,2.024000,2.010000,2.000000,2.000000,0.000000,0.000000,0.000000,0.000000,0.000000,0.000000,0.000000,0.000000,0.000000,0.000000,0.000000,0.000000,
0.000000,0.000000,0.000000,0.000000,0.000000,0.000000,0.000000,0.000000,0.000000,0.000000,0.000000,2.099000,2.123000,2.133000,2.133000,2.128000,2.100000,2.099000,2.099000,2.099000,2.091000,2.065000,2.065000,2.044000,2.033000,1.816000,1.271000,1.271000,0.000000,0.000000,0.000000,0.000000,0.000000,0.000000,0.000000,0.000000,0.000000,0.000000,0.000000,0.000000,
0.000000,0.000000,0.000000,0.000000,0.000000,0.000000,0.000000,0.000000,0.000000,0.000000,0.000000,2.099000,2.123000,2.133000,2.133000,2.127000,2.100000,2.099000,2.099000,2.099000,2.091000,2.065000,2.064000,2.043000,2.032000,1.116000,0.000000,0.000000,0.000000,0.000000,0.000000,0.000000,0.000000,0.000000,0.000000,0.000000,0.000000,0.000000,0.000000,0.000000,
0.000000,0.000000,0.000000,0.000000,0.000000,0.000000,0.000000,0.000000,0.000000,0.000000,0.000000,2.099000,2.123000,2.133000,2.123000,2.103000,2.099000,2.099000,2.099000,2.087000,2.069000,2.064000,2.042000,2.016000,2.005000,1.867000,1.247000,0.000000,0.000000,0.000000,0.000000,0.000000,0.000000,0.000000,0.000000,0.000000,0.000000,0.000000,0.000000,0.000000,
0.000000,0.000000,0.000000,0.000000,0.000000,0.000000,0.000000,0.000000,0.000000,0.000000,0.000000,2.121000,2.114000,2.111000,2.107000,2.095000,2.077000,2.077000,2.077000,2.072000,2.065000,2.064000,2.038000,2.011000,2.000000,2.003000,1.901000,0.000000,0.000000,0.000000,0.000000,0.000000,0.000000,0.000000,0.000000,0.000000,0.000000,0.000000,0.000000,0.000000,
0.000000,0.000000,0.000000,0.000000,0.000000,0.000000,0.000000,0.000000,0.000000,0.000000,0.000000,2.117000,2.104000,2.099000,2.099000,2.094000,2.066000,2.053000,2.050000,2.050000,2.050000,2.049000,2.036000,2.011000,2.000000,2.000000,2.000000,2.000000,0.000000,0.000000,0.000000,0.000000,0.000000,0.000000,0.000000,0.000000,0.000000,0.000000,0.000000,0.000000,
0.000000,0.000000,0.000000,0.000000,0.000000,0.000000,0.000000,0.000000,0.000000,0.000000,0.000000,2.099000,2.092000,2.089000,2.093000,2.094000,2.066000,2.040000,2.033000,2.033000,2.033000,2.033000,2.025000,2.008000,2.000000,1.997000,1.991000,1.991000,0.000000,0.000000,0.000000,0.000000,0.000000,0.000000,0.000000,0.000000,0.000000,0.000000,0.000000,0.000000,
0.000000,0.000000,0.000000,0.000000,0.000000,0.000000,0.000000,0.000000,0.000000,0.000000,0.000000,2.099000,2.075000,2.065000,2.076000,2.091000,2.066000,2.040000,2.033000,2.033000,2.032000,2.029000,2.005000,2.000000,2.000000,1.991000,1.969000,1.969000,0.000000,0.000000,0.000000,0.000000,0.000000,0.000000,0.000000,0.000000,0.000000,0.000000,0.000000,0.000000,
0.000000,0.000000,0.000000,0.000000,0.000000,0.000000,0.000000,0.000000,0.000000,0.000000,0.000000,2.099000,2.075000,2.065000,2.066000,2.068000,2.065000,2.040000,2.033000,2.033000,2.026000,2.003000,2.000000,2.000000,2.000000,1.991000,1.969000,1.969000,0.000000,0.000000,0.000000,0.000000,0.000000,0.000000,0.000000,0.000000,0.000000,0.000000,0.000000,0.000000,
0.000000,0.000000,0.000000,0.000000,0.000000,0.000000,0.000000,0.000000,0.000000,0.000000,0.000000,2.099000,2.092000,2.077000,2.065000,2.065000,2.065000,2.040000,2.033000,2.033000,2.026000,2.000000,2.000000,2.000000,2.000000,1.991000,1.969000,1.969000,0.000000,0.000000,0.000000,0.000000,0.000000,0.000000,0.000000,0.000000,0.000000,0.000000,0.000000,0.000000,
0.000000,0.000000,0.000000,0.000000,0.000000,0.000000,0.000000,0.000000,0.000000,0.000000,0.000000,2.099000,2.099000,2.091000,2.077000,2.065000,2.065000,2.040000,2.033000,2.026000,2.012000,2.000000,2.000000,2.000000,2.000000,1.991000,1.969000,1.969000,0.000000,0.000000,0.000000,0.000000,0.000000,0.000000,0.000000,0.000000,0.000000,0.000000,0.000000,0.000000,
0.000000,0.000000,0.000000,0.000000,0.000000,0.000000,0.000000,0.000000,0.000000,0.000000,0.000000,2.099000,2.099000,2.093000,2.080000,2.065000,2.065000,2.040000,2.026000,2.013000,2.000000,2.000000,1.991000,1.989000,1.994000,1.991000,1.969000,1.969000,0.000000,0.000000,0.000000,0.000000,0.000000,0.000000,0.000000,0.000000,0.000000,0.000000,0.000000,0.000000,
0.000000,0.000000,0.000000,0.000000,0.000000,0.000000,0.000000,0.000000,0.000000,0.000000,0.000000,2.094000,2.094000,2.078000,2.063000,2.060000,2.060000,2.035000,2.011000,2.000000,2.000000,1.999000,1.974000,1.969000,1.984000,1.991000,1.969000,1.969000,0.000000,0.000000,0.000000,0.000000,0.000000,0.000000,0.000000,0.000000,0.000000,0.000000,0.000000,0.000000,
0.000000,0.000000,0.000000,0.000000,0.000000,0.000000,0.000000,0.000000,0.000000,0.000000,0.000000,2.066000,2.066000,2.065000,2.054000,2.034000,2.034000,2.008000,2.000000,2.000000,2.000000,1.999000,1.974000,1.969000,1.984000,1.991000,1.969000,1.969000,0.000000,0.000000,0.000000,0.000000,0.000000,0.000000,0.000000,0.000000,0.000000,0.000000,0.000000,0.000000,
0.000000,0.000000,0.000000,0.000000,0.000000,0.000000,0.000000,0.000000,0.000000,0.000000,0.000000,2.040000,2.040000,2.040000,2.037000,2.029000,2.008000,2.002000,2.000000,2.000000,2.000000,2.000000,1.994000,1.993000,1.985000,1.974000,1.969000,1.969000,0.000000,0.000000,0.000000,0.000000,0.000000,0.000000,0.000000,0.000000,0.000000,0.000000,0.000000,0.000000,
0.000000,0.000000,0.000000,0.000000,0.000000,0.000000,0.000000,0.000000,0.000000,0.000000,0.000000,2.013000,2.013000,2.024000,2.033000,2.028000,2.001000,2.000000,2.000000,2.000000,2.000000,2.000000,2.000000,1.988000,1.976000,1.969000,1.969000,1.969000,0.000000,0.000000,0.000000,0.000000,0.000000,0.000000,0.000000,0.000000,0.000000,0.000000,0.000000,0.000000,
0.000000,0.000000,0.000000,0.000000,0.000000,0.000000,0.000000,0.000000,0.000000,0.000000,0.000000,1.950000,1.977000,2.004000,2.019000,2.018000,2.014000,2.003000,2.000000,1.995000,1.987000,1.987000,1.987000,1.975000,1.963000,1.956000,1.956000,1.956000,0.000000,0.000000,0.000000,0.000000,0.000000,0.000000,0.000000,0.000000,0.000000,0.000000,0.000000,0.000000,
0.000000,0.000000,0.000000,0.000000,0.000000,0.000000,0.000000,0.000000,0.000000,0.000000,0.000000,1.878000,1.943000,1.985000,2.000000,2.005000,2.032000,2.007000,2.000000,1.987000,1.969000,1.969000,1.969000,1.969000,1.954000,1.938000,1.938000,1.938000,0.000000,0.000000,0.000000,0.000000,0.000000,0.000000,0.000000,0.000000,0.000000,0.000000,0.000000,0.000000,
0.000000,0.000000,0.000000,0.000000,0.000000,0.000000,0.000000,0.000000,0.000000,0.000000,0.000000,1.881000,1.945000,1.987000,2.001000,2.005000,2.031000,2.006000,1.999000,1.987000,1.969000,1.969000,1.969000,1.969000,1.955000,1.939000,1.939000,1.939000,0.000000,0.000000,0.000000,0.000000,0.000000,0.000000,0.000000,0.000000,0.000000,0.000000,0.000000,0.000000,
0.000000,0.000000,0.000000,0.000000,0.000000,0.000000,0.000000,0.000000,0.000000,0.000000,0.000000,1.955000,1.984000,2.013000,2.018000,2.001000,2.005000,1.980000,1.974000,1.972000,1.969000,1.969000,1.969000,1.969000,1.967000,1.964000,1.964000,1.964000,0.000000,0.000000,0.000000,0.000000,0.000000,0.000000,0.000000,0.000000,0.000000,0.000000,0.000000,0.000000,
0.000000,0.000000,0.000000,0.000000,0.000000,0.000000,0.000000,0.000000,0.000000,0.000000,0.000000,1.969000,1.991000,2.006000,2.000000,1.979000,1.979000,1.971000,1.969000,1.969000,1.969000,1.969000,1.969000,1.969000,1.969000,1.969000,1.969000,1.969000,0.000000,0.000000,0.000000,0.000000,0.000000,0.000000,0.000000,0.000000,0.000000,0.000000,0.000000,0.000000,
0.000000,0.000000,0.000000,0.000000,0.000000,0.000000,0.000000,0.000000,0.000000,0.000000,0.000000,1.999000,2.000000,2.000000,1.989000,1.969000,1.969000,1.969000,1.969000,1.969000,1.969000,1.969000,1.969000,1.969000,1.962000,1.950000,1.940000,1.940000,0.000000,0.000000,0.000000,0.000000,0.000000,0.000000,0.000000,0.000000,0.000000,0.000000,0.000000,0.000000,
0.000000,0.000000,0.000000,0.000000,0.000000,0.000000,0.000000,0.000000,0.000000,0.000000,0.000000,2.033000,2.009000,2.000000,1.989000,1.969000,1.969000,1.969000,1.969000,1.969000,1.969000,1.969000,1.969000,1.969000,1.950000,1.923000,1.908000,1.908000,0.000000,0.000000,0.000000,0.000000,0.000000,0.000000,0.000000,0.000000,0.000000,0.000000,0.000000,0.000000,
0.000000,0.000000,0.000000,0.000000,0.000000,0.000000,0.000000,0.000000,0.000000,0.000000,0.000000,2.036000,2.010000,2.000000,1.989000,1.969000,1.969000,1.969000,1.969000,1.969000,1.969000,1.969000,1.969000,1.969000,1.940000,1.908000,1.908000,1.908000,0.000000,0.000000,0.000000,0.000000,0.000000,0.000000,0.000000,0.000000,0.000000,0.000000,0.000000,0.000000,
0.000000,0.000000,0.000000,0.000000,0.000000,0.000000,0.000000,0.000000,0.000000,0.000000,0.000000,2.062000,2.017000,2.000000,1.989000,1.969000,1.969000,1.969000,1.969000,1.969000,1.969000,1.969000,1.969000,1.969000,1.940000,1.908000,1.908000,1.908000,0.000000,0.000000,0.000000,0.000000,0.000000,0.000000,0.000000,0.000000,0.000000,0.000000,0.000000,0.000000,
0.000000,0.000000,0.000000,0.000000,0.000000,0.000000,0.000000,0.000000,0.000000,0.000000,0.000000,2.042000,2.012000,2.000000,1.989000,1.969000,1.969000,1.969000,1.969000,1.969000,1.964000,1.946000,1.946000,1.961000,1.961000,1.952000,1.952000,1.952000,0.000000,0.000000,0.000000,0.000000,0.000000,0.000000,0.000000,0.000000,0.000000,0.000000,0.000000,0.000000,
0.000000,0.000000,0.000000,0.000000,0.000000,0.000000,0.000000,0.000000,0.000000,0.000000,0.000000,2.015000,2.004000,1.991000,1.978000,1.969000,1.969000,1.969000,1.969000,1.962000,1.949000,1.938000,1.938000,1.958000,1.977000,1.986000,1.986000,1.986000,0.000000,0.000000,0.000000,0.000000,0.000000,0.000000,0.000000,0.000000,0.000000,0.000000,0.000000,0.000000,
0.000000,0.000000,0.000000,0.000000,0.000000,0.000000,0.000000,0.000000,0.000000,0.000000,0.000000,1.989000,1.989000,1.978000,1.969000,1.969000,1.969000,1.969000,1.969000,1.956000,1.938000,1.938000,1.947000,1.962000,1.984000,2.003000,1.898000,0.000000,0.000000,0.000000,0.000000,0.000000,0.000000,0.000000,0.000000,0.000000,0.000000,0.000000,0.000000,0.000000,
0.000000,0.000000,0.000000,0.000000,0.000000,0.000000,0.000000,0.000000,0.000000,0.000000,0.000000,1.969000,1.969000,1.969000,1.971000,1.973000,1.969000,1.969000,1.969000,1.958000,1.943000,1.944000,1.965000,1.969000,1.981000,2.004000,1.704000,0.000000,0.000000,0.000000,0.000000,0.000000,0.000000,0.000000,0.000000,0.000000,0.000000,0.000000,0.000000,0.000000,
0.000000,0.000000,0.000000,0.000000,0.000000,0.000000,0.000000,0.000000,0.000000,0.000000,0.000000,1.969000,1.969000,1.969000,1.979000,1.995000,1.970000,1.969000,1.969000,1.969000,1.968000,1.968000,1.969000,1.969000,1.969000,1.979000,1.680000,0.000000,0.000000,0.000000,0.000000,0.000000,0.000000,0.000000,0.000000,0.000000,0.000000,0.000000,0.000000,0.000000,
0.000000,0.000000,0.000000,0.000000,0.000000,0.000000,0.000000,0.000000,0.000000,0.000000,0.000000,0.000000,0.000000,0.000000,0.000000,0.000000,0.000000,0.000000,0.000000,0.000000,0.000000,0.000000,0.000000,0.000000,0.000000,0.000000,0.000000,0.000000,0.000000,0.000000,0.000000,0.000000,0.000000,0.000000,0.000000,0.000000,0.000000,0.000000,0.000000,0.000000,
