0.000000,0.000000,0.000000,0.000000,0.000000,0.000000,0.000000,0.000000,0.000000,0.000000,0.000000,0.000000,0.000000,0.000000,0.000000,0.000000,0.000000,0.000000,0.000000,0.000000,0.000000,0.000000,0.000000,0.000000,0.000000,0.000000,0.000000,0.000000,0.000000,0.000000,0.000000,0.000000,0.000000,0.000000,0.000000,0.000000,0.000000,0.000000,0.000000,0.000000,
0.000000,0.000000,0.000000,0.000000,0.000000,0.000000,0.000000,0.000000,0.000000,0.000000,0.000000,0.000000,0.000000,0.000000,0.000000,0.000000,0.000000,0.000000,0.000000,0.000000,0.000000,0.000000,0.000000,0.000000,0.000000,0.000000,0.000000,0.000000,0.000000,0.000000,0.000000,0.000000,0.000000,0.000000,0.000000,0.000000,0.000000,0.000000,0.000000,0.000000,
0.000000,0.000000,0.000000,0.000000,0.000000,0.000000,0.000000,0.000000,0.000000,0.000000,0.000000,0.000000,0.000000,0.000000,0.000000,0.000000,0.000000,0.000000,0.000000,0.000000,0.000000,0.000000,0.000000,0.000000,0.000000,0.000000,0.000000,0.000000,0.000000,0.000000,0.000000,0.000000,0.000000,0.000000,0.000000,0.000000,0.000000,0.000000,0.000000,0.000000,
0.000000,0.000000,0.000000,0.000000,0.000000,0.000000,0.000000,0.000000,0.000000,0.000000,0.000000,0.000000,0.000000,0.000000,0.000000,0.000000,0.000000,0.000000,0.000000,0.000000,0.000000,0.000000,0.000000,0.000000,0.000000,0.000000,0.000000,0.000000,0.000000,0.000000,0.000000,0.000000,0.000000,0.000000,0.000000,0.000000,0.000000,0.000000,0.000000,0.000000,
0.000000,0.000000,0.000000,0.000000,0.000000,0.000000,0.000000,0.000000,0.000000,0.000000,0.000000,0.000000,0.000000,0.000000,0.000000,0.000000,0.000000,0.000000,0.000000,0.000000,0.000000,0.000000,0.000000,0.000000,0.000000,0.000000,0.000000,0.000000,0.000000,0.000000,0.000000,0.000000,0.000000,0.000000,0.000000,0.000000,0.000000,0.000000,0.000000,0.000000,
0.000000,0.000000,0.000000,0.000000,0.000000,0.000000,0.000000,0.000000,0.000000,0.000000,0.000000,0.000000,0.000000,0.000000,0.000000,0.000000,0.000000,0.000000,0.000000,0.000000,0.000000,0.000000,0.000000,0.000000,0.000000,0.000000,0.000000,0.000000,0.000000,0.000000,0.000000,0.000000,0.000000,0.000000,0.000000,0.000000,0.000000,0.000000,0.000000,0.000000,
0.000000,0.000000,0.000000,0.000000,0.000000,0.000000,0.000000,0.000000,0.000000,0.000000,0.000000,0.000000,0.000000,0.000000,0.000000,0.000000,0.000000,0.000000,0.000000,0.000000,0.000000,0.000000,0.000000,0.000000,0.000000,0.000000,0.000000,0.000000,0.000000,0.000000,0.000000,0.000000,0.000000,0.000000,0.000000,0.000000,0.000000,0.000000,0.000000,0.000000,
0.000000,0.000000,0.000000,0.000000,0.000000,0.000000,0.000000,0.000000,0.000000,0.000000,0.000000,0.000000,0.000000,0.000000,0.000000,0.000000,0.000000,0.000000,0.000000,0.000000,0.000000,0.000000,0.000000,0.000000,0.000000,0.000000,0.000000,0.000000,0.000000,0.000000,0.000000,0.000000,0.000000,0.000000,0.000000,0.000000,0.000000,0.000000,0.000000,0.000000,
0.000000,0.000000,0.000000,0.000000,0.000000,0.000000,0.000000,0.000000,0.000000,0.000000,0.000000,0.000000,0.000000,0.000000,0.000000,0.000000,0.000000,0.000000,0.000000,0.000000,0.000000,0.000000,0.000000,0.000000,0.000000,0.000000,0.000000,0.000000,0.000000,0.000000,0.000000,0.000000,0.000000,0.000000,0.000000,0.000000,0.000000,0.000000,0.000000,0.000000,
0.000000,0.000000,0.000000,0.000000,0.000000,0.000000,0.000000,0.000000,0.000000,0.000000,0.000000,0.000000,0.000000,0.000000,0.000000,0.000000,0.000000,0.000000,0.000000,0.000000,0.000000,0.000000,0.000000,0.000000,0.000000,0.000000,0.000000,0.000000,0.000000,0.000000,0.000000,0.000000,0.000000,0.000000,0.000000,0.000000,0.000000,0.000000,0.000000,0.000000,
2.932000,2.932000,2.932000,2.932000,2.932000,2.890000,2.840000,2.840000,2.840000,2.840000,2.840000,2.840000,2.840000,2.839000,2.789000,2.752000,2.752000,2.778000,2.828000,2.765000,2.666000,2.666000,2.666000,2.666000,2.666000,2.666000,2.702000,2.751000,2.704000,2.666000,2.666000,2.689000,2.738000,2.717000,2.668000,2.621000,2.583000,2.583000,2.562000,2.516000,
2.945000,2.926000,2.908000,2.899000,2.899000,2.858000,2.809000,2.809000,2.814000,2.832000,2.840000,2.840000,2.840000,2.839000,2.789000,2.752000,2.752000,2.778000,2.828000,2.673000,2.453000,2.453000,2.479000,2.584000,2.606000,2.544000,2.551000,2.582000,2.510000,2.447000,2.421000,2.422000,2.454000,2.431000,2.387000,2.356000,2.329000,2.317000,2.297000,2.267000,
2.966000,2.917000,2.868000,2.847000,2.847000,2.807000,2.759000,2.759000,2.772000,2.818000,2.840000,2.840000,2.840000,2.839000,2.789000,2.752000,2.752000,2.778000,2.828000,2.525000,2.111000,2.111000,2.179000,2.451000,2.509000,2.347000,2.307000,2.311000,2.200000,2.096000,2.028000,1.994000,1.998000,1.972000,1.936000,1.931000,1.921000,1.890000,1.871000,1.867000,
2.951000,2.860000,2.628000,2.525000,2.525000,2.629000,2.752000,2.752000,2.767000,2.817000,2.723000,2.506000,2.458000,2.457000,2.432000,2.413000,2.413000,2.426000,2.452000,2.274000,2.033000,2.033000,2.070000,2.219000,2.260000,2.190000,2.172000,2.172000,2.094000,2.021000,1.966000,1.937000,1.937000,1.911000,1.875000,1.858000,1.841000,1.824000,1.814000,1.814000,
2.883000,2.760000,2.371000,2.199000,2.199000,2.434000,2.713000,2.713000,2.726000,2.770000,2.570000,2.157000,2.066000,2.066000,2.066000,2.066000,2.066000,2.066000,2.066000,2.037000,2.000000,2.000000,2.000000,2.000000,2.017000,2.053000,2.062000,2.062000,2.025000,1.988000,1.955000,1.936000,1.934000,1.909000,1.875000,1.841000,1.814000,1.814000,1.814000,1.814000,
2.444000,2.379000,2.227000,2.159000,2.159000,2.251000,2.361000,2.361000,2.359000,2.353000,2.263000,2.102000,2.066000,2.066000,2.066000,2.066000,2.066000,2.066000,2.066000,2.037000,2.000000,2.000000,2.000000,2.000000,2.007000,2.021000,2.024000,2.024000,1.988000,1.957000,1.944000,1.926000,1.904000,1.888000,1.875000,1.841000,1.814000,1.814000,1.814000,1.814000,
2.156000,2.132000,2.124000,2.120000,2.120000,2.127000,2.134000,2.134000,2.123000,2.084000,2.066000,2.066000,2.066000,2.066000,2.066000,2.066000,2.066000,2.066000,2.066000,2.037000,2.000000,2.000000,2.000000,2.000000,1.996000,1.989000,1.987000,1.987000,1.959000,1.935000,1.928000,1.911000,1.882000,1.874000,1.874000,1.841000,1.814000,1.814000,1.814000,1.814000,
2.140000,2.125000,2.095000,2.081000,2.081000,2.105000,2.134000,2.134000,2.123000,2.084000,2.066000,2.066000,2.066000,2.066000,2.066000,2.066000,2.066000,2.066000,2.066000,2.037000,2.000000,2.000000,2.000000,2.000000,1.986000,1.959000,1.951000,1.951000,1.943000,1.931000,1.903000,1.884000,1.876000,1.874000,1.874000,1.841000,1.814000,1.814000,1.814000,1.814000,
2.111000,2.103000,2.077000,2.066000,2.066000,2.086000,2.111000,2.111000,2.103000,2.078000,2.066000,2.066000,2.066000,2.066000,2.066000,2.063000,2.050000,2.043000,2.043000,2.025000,2.000000,2.000000,2.000000,2.000000,1.982000,1.946000,1.937000,1.937000,1.937000,1.929000,1.893000,1.874000,1.874000,1.874000,1.874000,1.852000,1.835000,1.835000,1.829000,1.818000,
2.072000,2.071000,2.068000,2.066000,2.066000,2.069000,2.072000,2.072000,2.071000,2.068000,2.066000,2.066000,2.066000,2.066000,2.066000,2.057000,2.022000,2.006000,2.006000,2.003000,2.000000,2.000000,2.000000,2.000000,1.982000,1.946000,1.937000,1.937000,1.937000,1.929000,1.893000,1.874000,1.874000,1.874000,1.874000,1.871000,1.869000,1.869000,1.855000,1.824000,
2.066000,2.066000,2.066000,2.066000,2.066000,2.066000,2.066000,2.066000,2.066000,2.066000,2.066000,2.066000,2.066000,2.066000,2.066000,2.056000,2.018000,2.000000,2.000000,2.000000,2.000000,2.000000,2.000000,2.000000,1.982000,1.946000,1.937000,1.937000,1.937000,1.929000,1.893000,1.874000,1.874000,1.874000,1.874000,1.874000,1.874000,1.874000,1.859000,1.824000,
2.066000,2.066000,2.066000,2.066000,2.066000,2.066000,2.066000,2.066000,2.066000,2.066000,2.066000,2.066000,2.066000,2.066000,2.066000,2.056000,2.018000,2.000000,2.000000,2.000000,2.000000,2.000000,2.000000,2.000000,1.981000,1.944000,1.934000,1.934000,1.934000,1.926000,1.892000,1.875000,1.877000,1.877000,1.877000,1.877000,1.877000,1.877000,1.862000,1.828000,
2.066000,2.066000,2.066000,2.066000,2.066000,2.066000,2.066000,2.066000,2.066000,2.066000,2.066000,2.066000,2.066000,2.066000,2.066000,2.056000,2.018000,2.000000,2.000000,2.000000,2.000000,2.000000,2.000000,2.000000,1.971000,1.913000,1.898000,1.898000,1.898000,1.895000,1.881000,1.884000,1.907000,1.913000,1.913000,1.913000,1.913000,1.913000,1.897000,1.862000,
2.066000,2.066000,2.066000,2.066000,2.066000,2.066000,2.066000,2.066000,2.066000,2.066000,2.066000,2.066000,2.066000,2.066000,2.066000,2.056000,2.018000,2.000000,2.000000,2.000000,2.000000,2.000000,2.000000,2.000000,1.965000,1.893000,1.874000,1.874000,1.874000,1.874000,1.874000,1.891000,1.927000,1.937000,1.937000,1.944000,1.949000,1.949000,1.939000,1.917000,
2.066000,2.066000,2.066000,2.066000,2.066000,2.066000,2.066000,2.066000,2.066000,2.066000,2.066000,2.066000,2.066000,2.066000,2.066000,2.056000,2.018000,2.000000,2.000000,2.000000,2.000000,2.000000,2.000000,2.000000,1.965000,1.893000,1.874000,1.874000,1.874000,1.874000,1.874000,1.891000,1.927000,1.937000,1.937000,1.963000,1.985000,1.985000,1.994000,2.014000,
2.088000,2.088000,2.088000,2.088000,2.088000,2.078000,2.066000,2.066000,2.066000,2.066000,2.066000,2.066000,2.066000,2.066000,2.066000,2.056000,2.018000,2.000000,2.000000,2.009000,2.022000,2.009000,2.000000,2.000000,1.965000,1.893000,1.874000,1.874000,1.874000,1.874000,1.874000,1.891000,1.927000,1.945000,1.957000,1.993000,2.024000,2.037000,2.056000,2.081000,
2.127000,2.127000,2.127000,2.127000,2.127000,2.099000,2.066000,2.066000,2.066000,2.066000,2.066000,2.066000,2.066000,2.066000,2.066000,2.056000,2.018000,2.000000,2.000000,2.026000,2.059000,2.025000,2.000000,2.000000,1.965000,1.893000,1.874000,1.874000,1.874000,1.874000,1.874000,1.891000,1.927000,1.960000,1.992000,2.030000,2.067000,2.101000,2.122000,2.126000,
2.553000,2.553000,2.553000,2.553000,2.553000,2.536000,2.512000,2.416000,2.348000,2.348000,2.262000,2.101000,2.066000,2.066000,2.085000,2.093000,2.073000,2.063000,2.063000,2.169000,2.309000,2.289000,2.274000,2.274000,2.170000,1.959000,1.904000,1.904000,2.095000,2.246000,2.246000,2.265000,2.307000,2.333000,2.352000,2.372000,2.397000,2.441000,2.444000,2.398000,
0.000000,0.000000,0.000000,0.000000,0.000000,0.000000,0.000000,2.811000,2.666000,2.666000,2.483000,2.141000,2.066000,2.067000,2.106000,2.134000,2.134000,2.134000,2.134000,2.328000,2.583000,2.583000,2.583000,2.583000,2.402000,2.034000,1.937000,1.937000,2.345000,2.666000,2.666000,2.689000,2.738000,2.752000,2.752000,2.752000,2.762000,2.812000,2.795000,2.696000,
0.000000,0.000000,0.000000,0.000000,0.000000,0.000000,0.000000,0.000000,0.000000,0.000000,0.000000,0.000000,0.000000,0.000000,0.000000,0.000000,0.000000,0.000000,0.000000,0.000000,0.000000,0.000000,0.000000,0.000000,0.000000,0.000000,0.000000,0.000000,0.000000,0.000000,0.000000,0.000000,0.000000,0.000000,0.000000,0.000000,0.000000,0.000000,0.000000,0.000000,
0.000000,0.000000,0.000000,0.000000,0.000000,0.000000,0.000000,0.000000,0.000000,0.000000,0.000000,0.000000,0.000000,0.000000,0.000000,0.000000,0.000000,0.000000,0.000000,0.000000,0.000000,0.000000,0.000000,0.000000,0.000000,0.000000,0.000000,0.000000,0.000000,0.000000,0.000000,0.000000,0.000000,0.000000,0.000000,0.000000,0.000000,0.000000,0.000000,0.000000,
0.000000,0.000000,0.000000,0.000000,0.000000,0.000000,0.000000,0.000000,0.000000,0.000000,0.000000,0.000000,0.000000,0.000000,0.000000,0.000000,0.000000,0.000000,0.000000,0.000000,0.000000,0.000000,0.000000,0.000000,0.000000,0.000000,0.000000,0.000000,0.000000,0.000000,0.000000,0.000000,0.000000,0.000000,0.000000,0.000000,0.000000,0.000000,0.000000,0.000000,
0.000000,0.000000,0.000000,0.000000,0.000000,0.000000,0.000000,0.000000,0.000000,0.000000,0.000000,0.000000,0.000000,0.000000,0.000000,0.000000,0.000000,0.000000,0.000000,0.000000,0.000000,0.000000,0.000000,0.000000,0.000000,0.000000,0.000000,0.000000,0.000000,0.000000,0.000000,0.000000,0.000000,0.000000,0.000000,0.000000,0.000000,0.000000,0.000000,0.000000,
0.000000,0.000000,0.000000,0.000000,0.000000,0.000000,0.000000,0.000000,0.000000,0.000000,0.000000,0.000000,0.000000,0.000000,0.000000,0.000000,0.000000,0.000000,0.000000,0.000000,0.000000,0.000000,0.000000,0.000000,0.000000,0.000000,0.000000,0.000000,0.000000,0.000000,0.000000,0.000000,0.000000,0.000000,0.000000,0.000000,0.000000,0.000000,0.000000,0.000000,
0.000000,0.000000,0.000000,0.000000,0.000000,0.000000,0.000000,0.000000,0.000000,0.000000,0.000000,0.000000,0.000000,0.000000,0.000000,0.000000,0.000000,0.000000,0.000000,0.000000,0.000000,0.000000,0.000000,0.000000,0.000000,0.000000,0.000000,0.000000,0.000000,0.000000,0.000000,0.000000,0.000000,0.000000,0.000000,0.000000,0.000000,0.000000,0.000000,0.000000,
0.000000,0.000000,0.000000,0.000000,0.000000,0.000000,0.000000,0.000000,0.000000,0.000000,0.000000,0.000000,0.000000,0.000000,0.000000,0.000000,0.000000,0.000000,0.000000,0.000000,0.000000,0.000000,0.000000,0.000000,0.000000,0.000000,0.000000,0.000000,0.000000,0.000000,0.000000,0.000000,0.000000,0.000000,0.000000,0.000000,0.000000,0.000000,0.000000,0.000000,
0.000000,0.000000,0.000000,0.000000,0.000000,0.000000,0.000000,0.000000,0.000000,0.000000,0.000000,0.000000,0.000000,0.000000,0.000000,0.000000,0.000000,0.000000,0.000000,0.000000,0.000000,0.000000,0.000000,0.000000,0.000000,0.000000,0.000000,0.000000,0.000000,0.000000,0.000000,0.000000,0.000000,0.000000,0.000000,0.000000,0.000000,0.000000,0.000000,0.000000,
0.000000,0.000000,0.000000,0.000000,0.000000,0.000000,0.000000,0.000000,0.000000,0.000000,0.000000,0.000000,0.000000,0.000000,0.000000,0.000000,0.000000,0.000000,0.000000,0.000000,0.000000,0.000000,0.000000,0.000000,0.000000,0.000000,0.000000,0.000000,0.000000,0.000000,0.000000,0.000000,0.000000,0.000000,0.000000,0.000000,0.000000,0.000000,0.000000,0.000000,
0.000000,0.000000,0.000000,0.000000,0.000000,0.000000,0.000000,0.000000,0.000000,0.000000,0.000000,0.000000,0.000000,0.000000,0.000000,0.000000,0.000000,0.000000,0.000000,0.000000,0.000000,0.000000,0.000000,0.000000,0.000000,0.000000,0.000000,0.000000,0.000000,0.000000,0.000000,0.000000,0.000000,0.000000,0.000000,0.000000,0.000000,0.000000,0.000000,0.000000,
0.000000,0.000000,0.000000,0.000000,0.000000,0.000000,0.000000,0.000000,0.000000,0.000000,0.000000,0.000000,0.000000,0.000000,0.000000,0.000000,0.000000,0.000000,0.000000,0.000000,0.000000,0.000000,0.000000,0.000000,0.000000,0.000000,0.000000,0.000000,0.000000,0.000000,0.000000,0.000000,0.000000,0.000000,0.000000,0.000000,0.000000,0.000000,0.000000,0.000000,
