0.000000,0.000000,0.000000,0.000000,0.000000,0.000000,0.000000,0.000000,0.000000,0.000000,0.000000,0.000000,0.000000,0.000000,0.000000,0.000000,0.000000,0.000000,0.000000,0.000000,0.000000,0.000000,0.000000,0.000000,0.000000,0.000000,0.000000,0.000000,0.000000,0.000000,0.000000,0.000000,0.000000,0.000000,0.000000,0.000000,0.000000,0.000000,0.000000,0.000000,
0.000000,0.000000,0.000000,0.000000,0.000000,0.000000,0.000000,0.000000,0.000000,0.000000,0.000000,0.000000,0.000000,0.000000,0.000000,2.072000,2.072000,2.072000,2.066000,2.060000,2.054000,2.054000,2.054000,0.000000,0.000000,0.000000,0.000000,0.000000,0.000000,0.000000,0.000000,0.000000,0.000000,0.000000,0.000000,0.000000,0.000000,0.000000,0.000000,0.000000,
0.000000,0.000000,0.000000,0.000000,0.000000,0.000000,0.000000,0.000000,0.000000,0.000000,0.000000,0.000000,2.077000,2.074000,2.072000,2.070000,2.064000,2.063000,2.063000,2.058000,2.054000,2.054000,2.054000,0.000000,0.000000,0.000000,0.000000,0.000000,0.000000,0.000000,0.000000,0.000000,0.000000,0.000000,0.000000,0.000000,0.000000,0.000000,0.000000,0.000000,
0.000000,0.000000,0.000000,0.000000,0.000000,0.000000,0.000000,0.000000,0.000000,0.000000,0.000000,2.077000,2.073000,2.072000,2.069000,2.066000,2.063000,2.057000,2.054000,2.053000,2.050000,2.052000,2.059000,0.000000,0.000000,0.000000,0.000000,0.000000,0.000000,0.000000,0.000000,0.000000,0.000000,0.000000,0.000000,0.000000,0.000000,0.000000,0.000000,0.000000,
0.000000,0.000000,0.000000,0.000000,0.000000,0.000000,0.000000,0.000000,0.000000,0.000000,0.000000,2.077000,2.072000,2.069000,2.066000,2.064000,2.057000,2.054000,2.054000,2.049000,2.046000,2.050000,2.069000,1.668000,0.000000,0.000000,0.000000,0.000000,0.000000,0.000000,0.000000,0.000000,0.000000,0.000000,0.000000,0.000000,0.000000,0.000000,0.000000,0.000000,
0.000000,0.000000,0.000000,0.000000,0.000000,0.000000,0.000000,0.000000,0.000000,0.000000,0.000000,2.073000,2.070000,2.066000,2.061000,2.058000,2.054000,2.054000,2.050000,2.049000,2.044000,2.045000,2.070000,1.722000,2.898000,0.000000,0.000000,0.000000,0.000000,0.000000,0.000000,0.000000,0.000000,0.000000,0.000000,0.000000,0.000000,0.000000,0.000000,0.000000,
0.000000,0.000000,0.000000,0.000000,0.000000,0.000000,0.000000,0.000000,0.000000,0.000000,0.000000,2.072000,2.069000,2.060000,2.054000,2.054000,2.053000,2.050000,2.046000,2.043000,2.040000,2.038000,2.065000,2.109000,1.733000,0.000000,0.000000,0.000000,0.000000,0.000000,0.000000,0.000000,0.000000,0.000000,0.000000,0.000000,0.000000,0.000000,0.000000,0.000000,
0.000000,0.000000,0.000000,0.000000,0.000000,0.000000,0.000000,0.000000,0.000000,0.000000,0.000000,2.060000,2.063000,2.060000,2.054000,2.050000,2.049000,2.049000,2.046000,2.039000,2.035000,2.035000,2.050000,2.102000,2.126000,2.617000,0.000000,0.000000,0.000000,0.000000,0.000000,0.000000,0.000000,0.000000,0.000000,0.000000,0.000000,0.000000,0.000000,0.000000,
0.000000,0.000000,0.000000,0.000000,0.000000,0.000000,0.000000,0.000000,0.000000,0.000000,0.000000,2.060000,2.054000,2.054000,2.050000,2.049000,2.047000,2.044000,2.037000,2.033000,2.032000,2.032000,2.037000,2.063000,2.149000,2.173000,0.000000,0.000000,0.000000,0.000000,0.000000,0.000000,0.000000,0.000000,0.000000,0.000000,0.000000,0.000000,0.000000,0.000000,
0.000000,0.000000,0.000000,0.000000,0.000000,0.000000,0.000000,0.000000,0.000000,0.000000,0.000000,1.681000,2.054000,2.051000,2.049000,2.043000,2.043000,2.040000,2.032000,2.032000,2.029000,2.029000,2.031000,2.073000,2.157000,2.177000,0.000000,0.000000,0.000000,0.000000,0.000000,0.000000,0.000000,0.000000,0.000000,0.000000,0.000000,0.000000,0.000000,0.000000,
0.000000,0.000000,0.000000,0.000000,0.000000,0.000000,0.000000,0.000000,0.000000,0.000000,0.000000,1.359000,2.049000,2.049000,2.047000,2.039000,2.038000,2.036000,2.031000,2.029000,2.027000,2.022000,2.023000,2.055000,2.167000,2.194000,0.000000,0.000000,0.000000,0.000000,0.000000,0.000000,0.000000,0.000000,0.000000,0.000000,0.000000,0.000000,0.000000,0.000000,
0.000000,0.000000,0.000000,0.000000,0.000000,0.000000,0.000000,0.000000,0.000000,0.000000,0.000000,0.000000,2.049000,2.049000,2.046000,2.038000,2.035000,2.032000,2.028000,2.025000,2.020000,2.016000,2.019000,2.052000,2.104000,2.188000,0.000000,0.000000,0.000000,0.000000,0.000000,0.000000,0.000000,0.000000,0.000000,0.000000,0.000000,0.000000,0.000000,0.000000,
0.000000,0.000000,0.000000,0.000000,0.000000,0.000000,0.000000,0.000000,0.000000,0.000000,0.000000,0.000000,2.042000,2.040000,2.040000,2.033000,2.032000,2.028000,2.027000,2.022000,2.015000,2.011000,2.018000,2.036000,2.068000,2.185000,0.000000,0.000000,0.000000,0.000000,0.000000,0.000000,0.000000,0.000000,0.000000,0.000000,0.000000,0.000000,0.000000,0.000000,
0.000000,0.000000,0.000000,0.000000,0.000000,0.000000,0.000000,0.000000,0.000000,0.000000,0.000000,0.000000,1.661000,2.038000,2.036000,2.031000,2.028000,2.027000,2.024000,2.020000,2.013000,2.011000,2.014000,2.027000,2.078000,2.168000,2.863000,0.000000,0.000000,0.000000,0.000000,0.000000,0.000000,0.000000,0.000000,0.000000,0.000000,0.000000,0.000000,0.000000,
0.000000,0.000000,0.000000,0.000000,0.000000,0.000000,0.000000,0.000000,0.000000,0.000000,0.000000,0.000000,1.361000,2.038000,2.032000,2.028000,2.025000,2.021000,2.018000,2.013000,2.011000,2.009000,2.008000,2.012000,2.072000,2.135000,2.184000,0.000000,0.000000,0.000000,0.000000,0.000000,0.000000,0.000000,0.000000,0.000000,0.000000,0.000000,0.000000,0.000000,
0.000000,0.000000,0.000000,0.000000,0.000000,0.000000,0.000000,0.000000,0.000000,0.000000,0.000000,0.000000,0.000000,2.033000,2.028000,2.027000,2.024000,2.017000,2.013000,2.011000,2.011000,2.008000,2.005000,2.009000,2.049000,2.120000,2.185000,0.000000,0.000000,0.000000,0.000000,0.000000,0.000000,0.000000,0.000000,0.000000,0.000000,0.000000,0.000000,0.000000,
0.000000,0.000000,0.000000,0.000000,0.000000,0.000000,0.000000,0.000000,0.000000,0.000000,0.000000,0.000000,1.351000,2.022000,2.024000,2.018000,2.018000,2.012000,2.011000,2.008000,2.006000,2.002000,2.005000,2.006000,2.075000,2.120000,2.181000,0.000000,0.000000,0.000000,0.000000,0.000000,0.000000,0.000000,0.000000,0.000000,0.000000,0.000000,0.000000,0.000000,
0.000000,0.000000,0.000000,0.000000,0.000000,0.000000,0.000000,0.000000,0.000000,0.000000,0.000000,2.855000,2.027000,2.024000,2.017000,2.013000,2.013000,2.011000,2.011000,2.005000,2.002000,1.993000,1.996000,2.003000,2.053000,2.110000,2.174000,2.846000,0.000000,0.000000,0.000000,0.000000,0.000000,0.000000,0.000000,0.000000,0.000000,0.000000,0.000000,0.000000,
0.000000,0.000000,0.000000,0.000000,0.000000,0.000000,0.000000,0.000000,0.000000,0.000000,0.000000,2.888000,1.352000,2.021000,2.016000,2.011000,2.009000,2.006000,2.005000,2.003000,2.001000,1.990000,1.997000,2.005000,2.019000,2.102000,2.161000,2.178000,0.000000,0.000000,0.000000,0.000000,0.000000,0.000000,0.000000,0.000000,0.000000,0.000000,0.000000,0.000000,
0.000000,0.000000,0.000000,0.000000,0.000000,0.000000,0.000000,0.000000,0.000000,0.000000,0.000000,2.883000,0.000000,2.017000,2.012000,2.011000,2.006000,2.002000,2.000000,2.000000,2.000000,1.995000,1.990000,1.997000,2.021000,2.068000,2.178000,2.184000,0.000000,0.000000,0.000000,0.000000,0.000000,0.000000,0.000000,0.000000,0.000000,0.000000,0.000000,0.000000,
0.000000,0.000000,0.000000,0.000000,0.000000,0.000000,0.000000,0.000000,0.000000,0.000000,0.000000,2.827000,0.000000,2.012000,2.011000,2.005000,2.005000,2.003000,1.999000,1.997000,1.996000,1.992000,1.988000,1.988000,2.021000,2.047000,2.183000,2.181000,0.000000,0.000000,0.000000,0.000000,0.000000,0.000000,0.000000,0.000000,0.000000,0.000000,0.000000,0.000000,
0.000000,0.000000,0.000000,0.000000,0.000000,0.000000,0.000000,0.000000,0.000000,0.000000,0.000000,1.523000,0.000000,2.007000,2.009000,2.006000,2.002000,2.001000,1.994000,1.990000,1.990000,1.987000,1.984000,1.987000,2.006000,1.761000,2.175000,2.171000,0.000000,0.000000,0.000000,0.000000,0.000000,0.000000,0.000000,0.000000,0.000000,0.000000,0.000000,0.000000,
0.000000,0.000000,0.000000,0.000000,0.000000,0.000000,0.000000,0.000000,0.000000,0.000000,0.000000,0.000000,0.000000,2.005000,2.005000,2.002000,1.996000,1.995000,1.992000,1.990000,1.990000,1.985000,1.984000,1.984000,1.990000,1.003000,2.158000,2.165000,0.000000,0.000000,0.000000,0.000000,0.000000,0.000000,0.000000,0.000000,0.000000,0.000000,0.000000,0.000000,
0.000000,0.000000,0.000000,0.000000,0.000000,0.000000,0.000000,0.000000,0.000000,0.000000,0.000000,0.000000,0.000000,1.995000,1.997000,1.997000,1.995000,1.992000,1.990000,1.988000,1.984000,1.982000,1.980000,1.979000,1.989000,2.027000,2.113000,2.176000,2.800000,0.000000,0.000000,0.000000,0.000000,0.000000,0.000000,0.000000,0.000000,0.000000,0.000000,0.000000,
0.000000,0.000000,0.000000,0.000000,0.000000,0.000000,0.000000,0.000000,0.000000,0.000000,0.000000,1.925000,0.000000,1.600000,1.994000,1.995000,1.990000,1.990000,1.987000,1.984000,1.984000,1.978000,1.973000,1.971000,1.982000,2.021000,2.131000,2.163000,2.177000,0.000000,0.000000,0.000000,0.000000,0.000000,0.000000,0.000000,0.000000,0.000000,0.000000,0.000000,
0.000000,0.000000,0.000000,0.000000,0.000000,0.000000,0.000000,0.000000,0.000000,0.000000,0.000000,0.000000,1.075000,1.996000,1.993000,1.990000,1.988000,1.984000,1.984000,1.981000,1.980000,1.975000,1.970000,1.969000,1.978000,2.017000,2.140000,2.144000,2.157000,0.000000,0.000000,0.000000,0.000000,0.000000,0.000000,0.000000,0.000000,0.000000,0.000000,0.000000,
0.000000,0.000000,0.000000,0.000000,0.000000,0.000000,0.000000,0.000000,0.000000,0.000000,0.000000,0.000000,1.338000,1.994000,1.990000,1.988000,1.984000,1.984000,1.980000,1.973000,1.971000,1.969000,1.969000,1.966000,1.969000,2.013000,2.114000,2.146000,2.151000,0.000000,0.000000,0.000000,0.000000,0.000000,0.000000,0.000000,0.000000,0.000000,0.000000,0.000000,
0.000000,0.000000,0.000000,0.000000,0.000000,0.000000,0.000000,0.000000,0.000000,0.000000,0.000000,0.000000,0.000000,1.991000,1.985000,1.984000,1.984000,1.980000,1.976000,1.970000,1.969000,1.969000,1.966000,1.964000,1.967000,2.012000,2.068000,2.127000,2.145000,0.000000,0.000000,0.000000,0.000000,0.000000,0.000000,0.000000,0.000000,0.000000,0.000000,0.000000,
0.000000,0.000000,0.000000,0.000000,0.000000,0.000000,0.000000,0.000000,0.000000,0.000000,0.000000,0.000000,0.000000,1.985000,1.984000,1.984000,1.981000,1.973000,1.971000,1.969000,1.967000,1.965000,1.964000,1.964000,1.964000,1.977000,2.041000,2.122000,2.701000,0.000000,0.000000,0.000000,0.000000,0.000000,0.000000,0.000000,0.000000,0.000000,0.000000,0.000000,
0.000000,0.000000,0.000000,0.000000,0.000000,0.000000,0.000000,0.000000,0.000000,0.000000,0.000000,0.000000,0.000000,1.990000,1.984000,1.982000,1.976000,1.970000,1.969000,1.967000,1.964000,1.959000,1.960000,1.961000,1.963000,1.975000,2.024000,2.119000,2.142000,0.000000,0.000000,0.000000,0.000000,0.000000,0.000000,0.000000,0.000000,0.000000,0.000000,0.000000,
0.000000,0.000000,0.000000,0.000000,0.000000,0.000000,0.000000,0.000000,0.000000,0.000000,0.000000,0.000000,2.729000,1.980000,1.975000,1.972000,1.971000,1.969000,1.969000,1.964000,1.964000,1.956000,1.954000,1.954000,1.955000,1.973000,2.023000,2.108000,2.128000,0.000000,0.000000,0.000000,0.000000,0.000000,0.000000,0.000000,0.000000,0.000000,0.000000,0.000000,
0.000000,0.000000,0.000000,0.000000,0.000000,0.000000,0.000000,0.000000,0.000000,0.000000,0.000000,0.000000,1.329000,1.978000,1.974000,1.970000,1.969000,1.966000,1.965000,1.964000,1.961000,1.955000,1.954000,1.951000,1.950000,1.955000,2.030000,2.087000,2.132000,0.000000,0.000000,0.000000,0.000000,0.000000,0.000000,0.000000,0.000000,0.000000,0.000000,0.000000,
0.000000,0.000000,0.000000,0.000000,0.000000,0.000000,0.000000,0.000000,0.000000,0.000000,0.000000,0.000000,2.199000,1.973000,1.971000,1.969000,1.965000,1.964000,1.964000,1.957000,1.953000,1.951000,1.951000,1.950000,1.950000,1.950000,2.004000,2.090000,2.126000,0.000000,0.000000,0.000000,0.000000,0.000000,0.000000,0.000000,0.000000,0.000000,0.000000,0.000000,
0.000000,0.000000,0.000000,0.000000,0.000000,0.000000,0.000000,0.000000,0.000000,0.000000,0.000000,0.000000,0.000000,1.743000,1.967000,1.965000,1.964000,1.961000,1.957000,1.954000,1.950000,1.950000,1.950000,1.950000,1.950000,1.957000,1.974000,2.126000,2.126000,0.000000,0.000000,0.000000,0.000000,0.000000,0.000000,0.000000,0.000000,0.000000,0.000000,0.000000,
0.000000,0.000000,0.000000,0.000000,0.000000,0.000000,0.000000,0.000000,0.000000,0.000000,0.000000,0.000000,1.367000,1.330000,1.557000,1.967000,1.967000,1.966000,1.961000,1.957000,1.957000,1.965000,1.964000,1.966000,1.973000,1.985000,2.003000,1.723000,2.130000,0.000000,0.000000,0.000000,0.000000,0.000000,0.000000,0.000000,0.000000,0.000000,0.000000,0.000000,
0.000000,0.000000,0.000000,0.000000,0.000000,0.000000,0.000000,0.000000,0.000000,0.000000,0.000000,0.000000,0.000000,0.000000,0.000000,1.979000,1.986000,2.001000,1.992000,2.021000,2.016000,2.014000,2.019000,2.014000,2.000000,1.993000,1.125000,0.000000,0.000000,0.000000,0.000000,0.000000,0.000000,0.000000,0.000000,0.000000,0.000000,0.000000,0.000000,0.000000,
0.000000,0.000000,0.000000,0.000000,0.000000,0.000000,0.000000,0.000000,0.000000,0.000000,0.000000,0.000000,0.000000,0.000000,0.000000,0.000000,0.000000,2.034000,2.036000,2.034000,2.039000,2.063000,2.071000,2.051000,2.018000,1.251000,0.000000,0.000000,0.000000,0.000000,0.000000,0.000000,0.000000,0.000000,0.000000,0.000000,0.000000,0.000000,0.000000,0.000000,
0.000000,0.000000,0.000000,0.000000,0.000000,0.000000,0.000000,0.000000,0.000000,0.000000,0.000000,0.000000,0.000000,0.000000,0.000000,0.000000,0.000000,0.000000,1.128000,0.000000,2.108000,2.108000,2.115000,2.122000,2.005000,2.011000,0.000000,0.000000,0.000000,0.000000,0.000000,0.000000,0.000000,0.000000,0.000000,0.000000,0.000000,0.000000,0.000000,0.000000,
0.000000,0.000000,0.000000,0.000000,0.000000,0.000000,0.000000,0.000000,0.000000,0.000000,0.000000,0.000000,0.000000,0.000000,0.000000,0.000000,0.000000,0.000000,2.086000,0.000000,0.000000,2.140000,2.146000,2.156000,1.551000,2.018000,1.795000,1.063000,0.000000,0.000000,0.000000,0.000000,0.000000,0.000000,0.000000,0.000000,0.000000,0.000000,0.000000,0.000000,
0.000000,0.000000,0.000000,0.000000,0.000000,0.000000,0.000000,0.000000,0.000000,0.000000,0.000000,0.000000,0.000000,0.000000,0.000000,0.000000,0.000000,0.000000,0.000000,0.000000,0.000000,0.000000,0.000000,0.000000,0.000000,0.000000,0.000000,0.000000,0.000000,0.000000,0.000000,0.000000,0.000000,0.000000,0.000000,0.000000,0.000000,0.000000,0.000000,0.000000,
