0.000000,0.000000,0.000000,0.000000,0.000000,0.000000,0.000000,0.000000,0.000000,0.000000,0.000000,0.000000,0.000000,0.000000,0.000000,0.000000,0.000000,0.000000,0.000000,0.000000,0.000000,0.000000,0.000000,0.000000,0.000000,0.000000,0.000000,0.000000,0.000000,0.000000,0.000000,0.000000,0.000000,0.000000,0.000000,0.000000,0.000000,0.000000,0.000000,0.000000,
0.000000,0.000000,0.000000,0.000000,0.000000,0.000000,0.000000,0.000000,0.000000,0.000000,0.000000,0.000000,0.000000,0.000000,0.000000,0.000000,0.000000,0.000000,0.000000,0.000000,0.000000,0.000000,0.000000,0.000000,0.000000,0.000000,0.000000,0.000000,0.000000,0.000000,0.000000,0.000000,0.000000,0.000000,0.000000,0.000000,0.000000,0.000000,0.000000,0.000000,
0.000000,0.000000,0.000000,0.000000,0.000000,0.000000,0.000000,0.000000,0.000000,0.000000,0.000000,0.000000,0.000000,0.000000,0.000000,0.000000,0.000000,0.000000,0.000000,0.000000,0.000000,0.000000,0.000000,0.000000,0.000000,0.000000,0.000000,0.000000,0.000000,0.000000,0.000000,0.000000,0.000000,0.000000,0.000000,0.000000,0.000000,0.000000,0.000000,0.000000,
0.000000,0.000000,0.000000,0.000000,0.000000,0.000000,0.000000,0.000000,0.000000,0.000000,0.000000,0.000000,0.000000,0.000000,0.000000,0.000000,0.000000,0.000000,0.000000,0.000000,0.000000,0.000000,0.000000,0.000000,0.000000,0.000000,0.000000,0.000000,0.000000,0.000000,0.000000,0.000000,0.000000,0.000000,0.000000,0.000000,0.000000,0.000000,0.000000,0.000000,
0.000000,0.000000,0.000000,0.000000,0.000000,0.000000,0.000000,0.000000,0.000000,0.000000,0.000000,0.000000,0.000000,0.000000,0.000000,0.000000,0.000000,0.000000,0.000000,0.000000,0.000000,0.000000,0.000000,0.000000,0.000000,0.000000,0.000000,0.000000,0.000000,0.000000,0.000000,0.000000,0.000000,0.000000,0.000000,0.000000,0.000000,0.000000,0.000000,0.000000,
0.000000,0.000000,0.000000,0.000000,0.000000,0.000000,0.000000,0.000000,0.000000,0.000000,0.000000,0.000000,0.000000,0.000000,0.000000,0.000000,0.000000,0.000000,0.000000,0.000000,0.000000,0.000000,0.000000,0.000000,0.000000,0.000000,0.000000,0.000000,0.000000,0.000000,0.000000,0.000000,0.000000,0.000000,0.000000,0.000000,0.000000,0.000000,0.000000,0.000000,
0.000000,0.000000,0.000000,0.000000,0.000000,0.000000,0.000000,0.000000,0.000000,0.000000,0.000000,0.000000,0.000000,0.000000,0.000000,0.000000,0.000000,0.000000,0.000000,0.000000,0.000000,0.000000,0.000000,0.000000,0.000000,0.000000,0.000000,0.000000,0.000000,0.000000,0.000000,0.000000,0.000000,0.000000,0.000000,0.000000,0.000000,0.000000,0.000000,0.000000,
0.000000,0.000000,0.000000,0.000000,0.000000,0.000000,0.000000,0.000000,0.000000,0.000000,0.000000,0.000000,0.000000,0.000000,0.000000,0.000000,0.000000,0.000000,0.000000,0.000000,0.000000,0.000000,0.000000,0.000000,0.000000,0.000000,0.000000,0.000000,0.000000,0.000000,0.000000,0.000000,0.000000,0.000000,0.000000,0.000000,0.000000,0.000000,0.000000,0.000000,
0.000000,0.000000,0.000000,0.000000,0.000000,0.000000,0.000000,0.000000,0.000000,0.000000,0.000000,0.000000,0.000000,0.000000,0.000000,0.000000,0.000000,0.000000,0.000000,0.000000,0.000000,0.000000,0.000000,0.000000,0.000000,0.000000,0.000000,0.000000,0.000000,0.000000,0.000000,0.000000,0.000000,0.000000,0.000000,0.000000,0.000000,0.000000,0.000000,0.000000,
0.000000,0.000000,0.000000,0.000000,0.000000,0.000000,0.000000,0.000000,0.000000,0.000000,0.000000,0.000000,0.000000,0.000000,0.000000,0.000000,0.000000,0.000000,0.000000,0.000000,0.000000,0.000000,0.000000,0.000000,0.000000,0.000000,0.000000,0.000000,0.000000,0.000000,0.000000,0.000000,0.000000,0.000000,0.000000,0.000000,0.000000,0.000000,0.000000,0.000000,
0.000000,0.000000,0.000000,0.000000,0.000000,0.000000,0.000000,0.000000,0.000000,0.000000,0.000000,0.000000,0.000000,0.000000,0.000000,0.000000,0.000000,0.000000,0.000000,0.000000,0.000000,0.000000,0.000000,0.000000,0.000000,0.000000,0.000000,0.000000,0.000000,0.000000,0.000000,0.000000,0.000000,0.000000,0.000000,0.000000,0.000000,0.000000,0.000000,0.000000,
0.000000,0.000000,0.000000,0.000000,0.000000,0.000000,0.000000,0.000000,0.000000,0.000000,0.000000,0.000000,0.000000,0.000000,0.000000,0.000000,0.000000,0.000000,0.000000,0.000000,0.000000,0.000000,0.000000,0.000000,0.000000,0.000000,0.000000,0.000000,0.000000,0.000000,0.000000,0.000000,0.000000,0.000000,0.000000,0.000000,0.000000,0.000000,0.000000,0.000000,
0.000000,0.000000,0.000000,0.000000,0.000000,0.000000,0.000000,0.000000,0.000000,0.000000,0.000000,0.000000,0.000000,0.000000,0.000000,0.000000,0.000000,0.000000,0.000000,0.000000,0.000000,0.000000,0.000000,0.000000,0.000000,0.000000,0.000000,0.000000,0.000000,0.000000,0.000000,0.000000,0.000000,0.000000,0.000000,0.000000,0.000000,0.000000,0.000000,0.000000,
2.010000,2.043000,2.051000,2.051000,2.051000,2.051000,2.051000,2.051000,2.051000,2.051000,2.051000,2.051000,2.051000,2.020000,1.987000,1.954000,1.950000,1.960000,1.993000,2.000000,2.008000,2.041000,2.051000,2.046000,2.013000,2.000000,2.000000,2.000000,1.983000,1.951000,1.950000,1.964000,1.996000,2.000000,2.000000,2.000000,1.925000,1.855000,1.855000,1.877000,
2.029000,2.047000,2.051000,2.051000,2.051000,2.051000,2.051000,2.051000,2.051000,2.051000,2.051000,2.051000,2.051000,2.020000,1.987000,1.954000,1.950000,1.960000,1.993000,2.000000,2.001000,2.003000,2.003000,2.001000,1.983000,1.986000,2.000000,2.000000,1.983000,1.951000,1.950000,1.957000,1.974000,1.963000,1.954000,1.954000,1.902000,1.855000,1.855000,1.877000,
2.051000,2.051000,2.051000,2.051000,2.051000,2.051000,2.051000,2.051000,2.051000,2.051000,2.051000,2.051000,2.051000,2.020000,1.988000,1.960000,1.956000,1.965000,1.994000,2.000000,1.992000,1.960000,1.950000,1.950000,1.950000,1.970000,2.000000,2.000000,1.985000,1.957000,1.956000,1.954000,1.950000,1.922000,1.902000,1.902000,1.881000,1.861000,1.861000,1.880000,
2.051000,2.051000,2.051000,2.051000,2.051000,2.051000,2.051000,2.051000,2.051000,2.051000,2.051000,2.051000,2.051000,2.020000,1.997000,1.989000,1.988000,1.991000,1.998000,2.000000,1.992000,1.960000,1.950000,1.950000,1.950000,1.970000,2.000000,2.000000,1.996000,1.989000,1.988000,1.978000,1.953000,1.922000,1.902000,1.902000,1.896000,1.891000,1.891000,1.896000,
2.051000,2.051000,2.051000,2.051000,2.051000,2.051000,2.051000,2.051000,2.051000,2.051000,2.051000,2.051000,2.051000,2.020000,2.000000,2.000000,2.000000,2.000000,2.000000,2.000000,1.992000,1.960000,1.950000,1.950000,1.950000,1.970000,2.000000,2.000000,2.000000,2.000000,2.000000,1.986000,1.954000,1.922000,1.902000,1.902000,1.902000,1.902000,1.902000,1.893000,
2.051000,2.051000,2.051000,2.051000,2.051000,2.051000,2.051000,2.051000,2.051000,2.051000,2.051000,2.051000,2.051000,2.022000,2.002000,2.000000,2.000000,2.000000,2.000000,2.000000,1.992000,1.960000,1.950000,1.950000,1.950000,1.970000,2.000000,2.000000,2.000000,2.000000,2.000000,1.986000,1.954000,1.922000,1.902000,1.902000,1.902000,1.902000,1.902000,1.880000,
2.051000,2.051000,2.051000,2.051000,2.051000,2.051000,2.051000,2.051000,2.051000,2.051000,2.051000,2.051000,2.051000,2.042000,2.027000,2.003000,2.000000,2.000000,2.000000,2.000000,1.992000,1.960000,1.950000,1.950000,1.950000,1.970000,2.000000,2.000000,2.000000,2.000000,2.000000,1.986000,1.954000,1.922000,1.902000,1.902000,1.902000,1.902000,1.902000,1.880000,
2.047000,2.036000,2.033000,2.035000,2.047000,2.051000,2.051000,2.051000,2.051000,2.051000,2.051000,2.051000,2.051000,2.051000,2.042000,2.021000,2.008000,2.000000,2.000000,2.000000,1.992000,1.960000,1.950000,1.950000,1.950000,1.970000,2.000000,2.000000,2.000000,2.000000,2.000000,1.986000,1.954000,1.932000,1.919000,1.919000,1.910000,1.902000,1.902000,1.888000,
2.041000,2.008000,2.000000,2.007000,2.040000,2.051000,2.051000,2.051000,2.051000,2.051000,2.051000,2.051000,2.051000,2.051000,2.051000,2.051000,2.023000,2.000000,2.000000,2.000000,1.992000,1.960000,1.950000,1.950000,1.950000,1.970000,2.000000,2.000000,2.000000,2.000000,2.000000,1.986000,1.954000,1.950000,1.950000,1.950000,1.925000,1.902000,1.902000,1.902000,
2.041000,2.008000,2.000000,2.007000,2.040000,2.037000,2.018000,2.018000,2.030000,2.051000,2.051000,2.051000,2.051000,2.051000,2.051000,2.051000,2.041000,2.027000,2.005000,2.000000,1.997000,1.986000,1.983000,1.983000,1.983000,1.990000,2.000000,2.000000,2.000000,2.000000,1.979000,1.962000,1.951000,1.950000,1.950000,1.950000,1.925000,1.902000,1.902000,1.888000,
1.800000,0.000000,0.000000,0.000000,1.732000,1.990000,1.973000,1.992000,2.019000,2.051000,2.051000,2.051000,2.051000,2.051000,2.047000,2.037000,2.036000,2.028000,2.005000,2.000000,2.000000,2.000000,2.000000,2.000000,2.000000,2.000000,1.999000,1.990000,1.985000,1.985000,1.954000,1.935000,1.935000,1.935000,1.935000,1.935000,1.918000,1.902000,1.902000,1.880000,
1.286000,0.000000,0.000000,0.000000,1.076000,1.908000,1.914000,1.975000,2.019000,2.051000,2.051000,2.051000,2.051000,2.051000,2.038000,2.007000,2.002000,2.002000,2.000000,2.000000,2.000000,2.000000,2.000000,2.000000,2.000000,2.000000,1.998000,1.967000,1.952000,1.952000,1.922000,1.904000,1.904000,1.904000,1.904000,1.904000,1.903000,1.902000,1.902000,1.880000,
0.000000,0.000000,0.000000,0.000000,1.028000,1.902000,1.910000,1.973000,2.019000,2.052000,2.072000,2.082000,2.082000,2.063000,2.038000,2.005000,2.000000,2.000000,2.000000,2.000000,2.000000,2.000000,2.000000,2.000000,2.000000,2.000000,1.998000,1.966000,1.950000,1.950000,1.920000,1.894000,1.876000,1.874000,1.874000,1.874000,1.874000,1.879000,1.897000,1.893000,
0.000000,0.000000,0.000000,0.000000,1.028000,1.902000,1.910000,1.973000,2.019000,2.052000,2.085000,2.102000,2.102000,2.071000,2.038000,2.005000,2.000000,2.000000,2.000000,2.000000,2.000000,2.000000,2.000000,2.000000,2.000000,2.000000,1.998000,1.966000,1.950000,1.950000,1.920000,1.889000,1.858000,1.855000,1.855000,1.855000,1.855000,1.863000,1.893000,1.902000,
0.000000,0.000000,0.000000,0.000000,0.000000,0.000000,0.000000,0.000000,0.000000,0.000000,0.000000,0.000000,0.000000,0.000000,0.000000,0.000000,0.000000,0.000000,0.000000,0.000000,0.000000,0.000000,0.000000,0.000000,0.000000,0.000000,0.000000,0.000000,0.000000,0.000000,0.000000,0.000000,0.000000,0.000000,0.000000,0.000000,0.000000,0.000000,0.000000,0.000000,
0.000000,0.000000,0.000000,0.000000,0.000000,0.000000,0.000000,0.000000,0.000000,0.000000,0.000000,0.000000,0.000000,0.000000,0.000000,0.000000,0.000000,0.000000,0.000000,0.000000,0.000000,0.000000,0.000000,0.000000,0.000000,0.000000,0.000000,0.000000,0.000000,0.000000,0.000000,0.000000,0.000000,0.000000,0.000000,0.000000,0.000000,0.000000,0.000000,0.000000,
0.000000,0.000000,0.000000,0.000000,0.000000,0.000000,0.000000,0.000000,0.000000,0.000000,0.000000,0.000000,0.000000,0.000000,0.000000,0.000000,0.000000,0.000000,0.000000,0.000000,0.000000,0.000000,0.000000,0.000000,0.000000,0.000000,0.000000,0.000000,0.000000,0.000000,0.000000,0.000000,0.000000,0.000000,0.000000,0.000000,0.000000,0.000000,0.000000,0.000000,
0.000000,0.000000,0.000000,0.000000,0.000000,0.000000,0.000000,0.000000,0.000000,0.000000,0.000000,0.000000,0.000000,0.000000,0.000000,0.000000,0.000000,0.000000,0.000000,0.000000,0.000000,0.000000,0.000000,0.000000,0.000000,0.000000,0.000000,0.000000,0.000000,0.000000,0.000000,0.000000,0.000000,0.000000,0.000000,0.000000,0.000000,0.000000,0.000000,0.000000,
0.000000,0.000000,0.000000,0.000000,0.000000,0.000000,0.000000,0.000000,0.000000,0.000000,0.000000,0.000000,0.000000,0.000000,0.000000,0.000000,0.000000,0.000000,0.000000,0.000000,0.000000,0.000000,0.000000,0.000000,0.000000,0.000000,0.000000,0.000000,0.000000,0.000000,0.000000,0.000000,0.000000,0.000000,0.000000,0.000000,0.000000,0.000000,0.000000,0.000000,
0.000000,0.000000,0.000000,0.000000,0.000000,0.000000,0.000000,0.000000,0.000000,0.000000,0.000000,0.000000,0.000000,0.000000,0.000000,0.000000,0.000000,0.000000,0.000000,0.000000,0.000000,0.000000,0.000000,0.000000,0.000000,0.000000,0.000000,0.000000,0.000000,0.000000,0.000000,0.000000,0.000000,0.000000,0.000000,0.000000,0.000000,0.000000,0.000000,0.000000,
0.000000,0.000000,0.000000,0.000000,0.000000,0.000000,0.000000,0.000000,0.000000,0.000000,0.000000,0.000000,0.000000,0.000000,0.000000,0.000000,0.000000,0.000000,0.000000,0.000000,0.000000,0.000000,0.000000,0.000000,0.000000,0.000000,0.000000,0.000000,0.000000,0.000000,0.000000,0.000000,0.000000,0.000000,0.000000,0.000000,0.000000,0.000000,0.000000,0.000000,
0.000000,0.000000,0.000000,0.000000,0.000000,0.000000,0.000000,0.000000,0.000000,0.000000,0.000000,0.000000,0.000000,0.000000,0.000000,0.000000,0.000000,0.000000,0.000000,0.000000,0.000000,0.000000,0.000000,0.000000,0.000000,0.000000,0.000000,0.000000,0.000000,0.000000,0.000000,0.000000,0.000000,0.000000,0.000000,0.000000,0.000000,0.000000,0.000000,0.000000,
0.000000,0.000000,0.000000,0.000000,0.000000,0.000000,0.000000,0.000000,0.000000,0.000000,0.000000,0.000000,0.000000,0.000000,0.000000,0.000000,0.000000,0.000000,0.000000,0.000000,0.000000,0.000000,0.000000,0.000000,0.000000,0.000000,0.000000,0.000000,0.000000,0.000000,0.000000,0.000000,0.000000,0.000000,0.000000,0.000000,0.000000,0.000000,0.000000,0.000000,
0.000000,0.000000,0.000000,0.000000,0.000000,0.000000,0.000000,0.000000,0.000000,0.000000,0.000000,0.000000,0.000000,0.000000,0.000000,0.000000,0.000000,0.000000,0.000000,0.000000,0.000000,0.000000,0.000000,0.000000,0.000000,0.000000,0.000000,0.000000,0.000000,0.000000,0.000000,0.000000,0.000000,0.000000,0.000000,0.000000,0.000000,0.000000,0.000000,0.000000,
0.000000,0.000000,0.000000,0.000000,0.000000,0.000000,0.000000,0.000000,0.000000,0.000000,0.000000,0.000000,0.000000,0.000000,0.000000,0.000000,0.000000,0.000000,0.000000,0.000000,0.000000,0.000000,0.000000,0.000000,0.000000,0.000000,0.000000,0.000000,0.000000,0.000000,0.000000,0.000000,0.000000,0.000000,0.000000,0.000000,0.000000,0.000000,0.000000,0.000000,
0.000000,0.000000,0.000000,0.000000,0.000000,0.000000,0.000000,0.000000,0.000000,0.000000,0.000000,0.000000,0.000000,0.000000,0.000000,0.000000,0.000000,0.000000,0.000000,0.000000,0.000000,0.000000,0.000000,0.000000,0.000000,0.000000,0.000000,0.000000,0.000000,0.000000,0.000000,0.000000,0.000000,0.000000,0.000000,0.000000,0.000000,0.000000,0.000000,0.000000,
0.000000,0.000000,0.000000,0.000000,0.000000,0.000000,0.000000,0.000000,0.000000,0.000000,0.000000,0.000000,0.000000,0.000000,0.000000,0.000000,0.000000,0.000000,0.000000,0.000000,0.000000,0.000000,0.000000,0.000000,0.000000,0.000000,0.000000,0.000000,0.000000,0.000000,0.000000,0.000000,0.000000,0.000000,0.000000,0.000000,0.000000,0.000000,0.000000,0.000000,
