0.000000,0.000000,0.000000,0.000000,0.000000,0.000000,0.000000,0.000000,0.000000,0.000000,0.000000,0.000000,0.000000,0.000000,0.000000,0.000000,0.000000,0.000000,0.000000,0.000000,0.000000,0.000000,0.000000,0.000000,0.000000,0.000000,0.000000,0.000000,0.000000,0.000000,0.000000,0.000000,0.000000,0.000000,0.000000,0.000000,0.000000,0.000000,0.000000,0.000000,
0.000000,0.000000,0.000000,0.000000,0.000000,0.000000,0.000000,0.000000,0.000000,0.000000,0.000000,0.000000,0.000000,0.000000,0.000000,0.000000,0.000000,0.000000,0.000000,0.000000,0.000000,0.000000,0.000000,0.000000,0.000000,0.000000,0.000000,0.000000,0.000000,0.000000,0.000000,0.000000,0.000000,0.000000,0.000000,0.000000,0.000000,0.000000,0.000000,0.000000,
0.000000,0.000000,0.000000,0.000000,0.000000,0.000000,0.000000,0.000000,0.000000,0.000000,0.000000,0.000000,0.000000,0.000000,0.000000,0.000000,0.000000,0.000000,0.000000,0.000000,0.000000,0.000000,0.000000,0.000000,0.000000,0.000000,0.000000,0.000000,0.000000,0.000000,0.000000,0.000000,0.000000,0.000000,0.000000,0.000000,0.000000,0.000000,0.000000,0.000000,
0.000000,0.000000,0.000000,0.000000,0.000000,0.000000,0.000000,0.000000,0.000000,0.000000,0.000000,0.000000,0.000000,0.000000,0.000000,0.000000,0.000000,0.000000,0.000000,0.000000,0.000000,0.000000,0.000000,0.000000,0.000000,0.000000,0.000000,0.000000,0.000000,0.000000,0.000000,0.000000,0.000000,0.000000,0.000000,0.000000,0.000000,0.000000,0.000000,0.000000,
0.000000,0.000000,0.000000,0.000000,0.000000,0.000000,0.000000,0.000000,0.000000,0.000000,0.000000,0.000000,0.000000,0.000000,0.000000,0.000000,0.000000,0.000000,0.000000,0.000000,0.000000,0.000000,0.000000,0.000000,0.000000,0.000000,0.000000,0.000000,0.000000,0.000000,0.000000,0.000000,0.000000,0.000000,0.000000,0.000000,0.000000,0.000000,0.000000,0.000000,
0.000000,0.000000,0.000000,0.000000,0.000000,0.000000,0.000000,0.000000,0.000000,0.000000,0.000000,0.000000,0.000000,0.000000,0.000000,0.000000,0.000000,0.000000,0.000000,0.000000,0.000000,0.000000,0.000000,0.000000,0.000000,0.000000,0.000000,0.000000,0.000000,0.000000,0.000000,0.000000,0.000000,0.000000,0.000000,0.000000,0.000000,0.000000,0.000000,0.000000,
0.000000,0.000000,0.000000,0.000000,0.000000,0.000000,0.000000,0.000000,0.000000,0.000000,0.000000,0.000000,0.000000,0.000000,0.000000,0.000000,0.000000,0.000000,0.000000,0.000000,0.000000,0.000000,0.000000,0.000000,0.000000,0.000000,0.000000,0.000000,0.000000,0.000000,0.000000,0.000000,0.000000,0.000000,0.000000,0.000000,0.000000,0.000000,0.000000,0.000000,
0.000000,0.000000,0.000000,0.000000,0.000000,0.000000,0.000000,0.000000,0.000000,0.000000,0.000000,0.000000,0.000000,0.000000,0.000000,0.000000,0.000000,0.000000,0.000000,0.000000,0.000000,0.000000,0.000000,0.000000,0.000000,0.000000,0.000000,0.000000,0.000000,0.000000,0.000000,0.000000,0.000000,0.000000,0.000000,0.000000,0.000000,0.000000,0.000000,0.000000,
0.000000,0.000000,0.000000,0.000000,0.000000,0.000000,0.000000,0.000000,0.000000,0.000000,0.000000,0.000000,0.000000,0.000000,0.000000,0.000000,0.000000,0.000000,0.000000,0.000000,0.000000,0.000000,0.000000,0.000000,0.000000,0.000000,0.000000,0.000000,0.000000,0.000000,0.000000,0.000000,0.000000,0.000000,0.000000,0.000000,0.000000,0.000000,0.000000,0.000000,
0.000000,0.000000,0.000000,0.000000,0.000000,0.000000,0.000000,0.000000,0.000000,0.000000,0.000000,0.000000,0.000000,0.000000,0.000000,0.000000,0.000000,0.000000,0.000000,0.000000,0.000000,0.000000,0.000000,0.000000,0.000000,0.000000,0.000000,0.000000,0.000000,0.000000,0.000000,0.000000,0.000000,0.000000,0.000000,0.000000,0.000000,0.000000,0.000000,0.000000,
0.000000,0.000000,0.000000,0.000000,0.000000,0.000000,0.000000,0.000000,0.000000,0.000000,0.000000,0.000000,0.000000,0.000000,0.000000,0.000000,0.000000,0.000000,0.000000,0.000000,0.000000,0.000000,0.000000,0.000000,0.000000,0.000000,0.000000,0.000000,0.000000,0.000000,0.000000,0.000000,0.000000,0.000000,0.000000,0.000000,0.000000,0.000000,0.000000,0.000000,
0.000000,0.000000,0.000000,0.000000,0.000000,0.000000,0.000000,0.000000,0.000000,0.000000,0.000000,0.000000,0.000000,0.000000,0.000000,0.000000,0.000000,0.000000,0.000000,0.000000,0.000000,0.000000,0.000000,0.000000,0.000000,0.000000,0.000000,0.000000,0.000000,0.000000,0.000000,0.000000,0.000000,0.000000,0.000000,0.000000,0.000000,0.000000,0.000000,0.000000,
1.913000,1.823000,1.769000,1.726000,1.707000,1.707000,1.707000,1.707000,1.702000,1.660000,1.619000,1.579000,1.539000,1.527000,1.527000,1.631000,1.844000,1.988000,1.942000,1.899000,1.899000,1.899000,1.899000,1.899000,1.899000,1.899000,1.899000,1.899000,1.899000,1.899000,1.899000,1.899000,1.899000,1.899000,1.899000,1.874000,1.829000,1.801000,1.801000,1.822000,
1.883000,1.817000,1.769000,1.726000,1.707000,1.707000,1.707000,1.707000,1.703000,1.669000,1.634000,1.602000,1.569000,1.564000,1.572000,1.661000,1.837000,1.954000,1.917000,1.882000,1.890000,1.898000,1.899000,1.899000,1.899000,1.899000,1.899000,1.899000,1.899000,1.899000,1.899000,1.899000,1.899000,1.899000,1.899000,1.874000,1.829000,1.801000,1.801000,1.822000,
1.809000,1.803000,1.769000,1.726000,1.707000,1.707000,1.707000,1.707000,1.705000,1.690000,1.674000,1.660000,1.645000,1.659000,1.686000,1.738000,1.817000,1.870000,1.853000,1.839000,1.867000,1.895000,1.899000,1.899000,1.899000,1.899000,1.899000,1.899000,1.899000,1.899000,1.899000,1.899000,1.899000,1.899000,1.899000,1.874000,1.829000,1.801000,1.801000,1.822000,
1.748000,1.791000,1.769000,1.726000,1.707000,1.707000,1.707000,1.707000,1.707000,1.711000,1.714000,1.715000,1.715000,1.747000,1.793000,1.814000,1.806000,1.801000,1.801000,1.804000,1.852000,1.900000,1.907000,1.907000,1.907000,1.907000,1.907000,1.907000,1.907000,1.907000,1.907000,1.907000,1.907000,1.907000,1.907000,1.880000,1.832000,1.801000,1.801000,1.822000,
1.748000,1.791000,1.769000,1.726000,1.707000,1.707000,1.707000,1.707000,1.710000,1.732000,1.755000,1.757000,1.757000,1.804000,1.872000,1.884000,1.836000,1.801000,1.801000,1.805000,1.874000,1.943000,1.953000,1.953000,1.953000,1.953000,1.953000,1.953000,1.953000,1.953000,1.953000,1.953000,1.953000,1.953000,1.953000,1.913000,1.845000,1.801000,1.801000,1.822000,
1.748000,1.791000,1.769000,1.726000,1.707000,1.707000,1.707000,1.707000,1.712000,1.754000,1.796000,1.800000,1.800000,1.862000,1.951000,1.954000,1.866000,1.801000,1.801000,1.806000,1.896000,1.985000,1.999000,1.999000,1.999000,1.999000,1.999000,1.999000,1.999000,1.999000,1.999000,1.999000,1.999000,1.999000,1.999000,1.947000,1.858000,1.801000,1.801000,1.822000,
1.730000,1.754000,1.728000,1.686000,1.667000,1.667000,1.673000,1.691000,1.712000,1.755000,1.797000,1.819000,1.838000,1.893000,1.964000,1.956000,1.866000,1.801000,1.801000,1.806000,1.896000,1.986000,2.000000,2.000000,2.000000,2.000000,2.000000,2.000000,2.000000,2.000000,2.000000,2.000000,2.000000,2.000000,2.000000,1.959000,1.889000,1.844000,1.844000,1.859000,
1.712000,1.716000,1.686000,1.644000,1.625000,1.625000,1.637000,1.674000,1.712000,1.755000,1.797000,1.837000,1.876000,1.923000,1.974000,1.956000,1.866000,1.801000,1.801000,1.806000,1.896000,1.986000,2.000000,2.000000,2.000000,2.000000,2.000000,2.000000,2.000000,2.000000,2.000000,2.000000,2.000000,2.000000,2.000000,1.971000,1.920000,1.888000,1.888000,1.897000,
1.675000,1.675000,1.655000,1.627000,1.615000,1.615000,1.629000,1.670000,1.712000,1.755000,1.797000,1.841000,1.886000,1.931000,1.976000,1.964000,1.889000,1.835000,1.835000,1.839000,1.914000,1.989000,2.000000,2.000000,2.010000,2.027000,2.029000,2.013000,2.000000,2.000000,2.000000,2.016000,2.032000,2.023000,2.007000,1.983000,1.953000,1.934000,1.934000,1.938000,
1.634000,1.634000,1.627000,1.619000,1.615000,1.615000,1.629000,1.670000,1.712000,1.755000,1.797000,1.841000,1.886000,1.931000,1.976000,1.973000,1.919000,1.879000,1.879000,1.882000,1.937000,1.992000,2.000000,2.000000,2.024000,2.062000,2.067000,2.030000,2.000000,2.000000,2.000000,2.038000,2.075000,2.054000,2.016000,1.995000,1.985000,1.979000,1.979000,1.981000,
1.615000,1.615000,1.615000,1.615000,1.615000,1.615000,1.629000,1.670000,1.711000,1.743000,1.775000,1.808000,1.842000,1.898000,1.965000,1.978000,1.932000,1.899000,1.899000,1.902000,1.947000,1.993000,2.000000,2.000000,2.023000,2.059000,2.069000,2.045000,2.026000,2.026000,2.026000,2.062000,2.097000,2.077000,2.041000,2.026000,2.026000,2.026000,2.026000,2.026000,
1.615000,1.615000,1.615000,1.615000,1.615000,1.615000,1.629000,1.670000,1.709000,1.721000,1.734000,1.747000,1.761000,1.839000,1.945000,1.978000,1.932000,1.899000,1.899000,1.902000,1.947000,1.993000,2.000000,2.000000,2.009000,2.023000,2.040000,2.058000,2.073000,2.073000,2.073000,2.088000,2.102000,2.094000,2.079000,2.073000,2.073000,2.073000,2.073000,2.073000,
1.621000,1.627000,1.629000,1.629000,1.419000,1.036000,0.000000,1.356000,1.734000,1.721000,1.708000,1.707000,1.707000,1.799000,1.932000,1.981000,1.942000,1.914000,1.914000,1.917000,1.963000,2.009000,2.010000,2.003000,2.000000,2.000000,2.020000,2.068000,2.105000,2.105000,2.105000,2.112000,2.120000,2.121000,2.121000,2.121000,2.121000,2.121000,2.121000,2.121000,
1.639000,1.664000,1.670000,1.670000,0.000000,0.000000,0.000000,0.000000,1.816000,1.764000,1.712000,1.707000,1.707000,1.799000,1.932000,1.991000,1.973000,1.960000,1.960000,1.963000,2.009000,2.056000,2.039000,2.010000,2.000000,2.000000,2.020000,2.068000,2.105000,2.105000,2.105000,2.134000,2.164000,2.170000,2.170000,2.170000,2.170000,2.170000,2.170000,2.170000,
1.655000,1.697000,1.707000,1.707000,0.000000,0.000000,0.000000,0.000000,1.888000,1.802000,1.715000,1.707000,1.707000,1.799000,1.932000,2.000000,2.000000,2.000000,2.000000,2.003000,2.050000,2.098000,2.065000,2.017000,2.000000,2.000000,2.020000,2.068000,2.105000,2.105000,2.105000,2.154000,2.203000,2.213000,2.213000,2.213000,2.213000,2.213000,2.213000,2.213000,
0.000000,0.000000,0.000000,0.000000,0.000000,0.000000,0.000000,0.000000,0.000000,0.000000,0.000000,0.000000,0.000000,0.000000,0.000000,0.000000,0.000000,0.000000,0.000000,0.000000,0.000000,0.000000,0.000000,0.000000,0.000000,0.000000,0.000000,0.000000,0.000000,0.000000,0.000000,0.000000,0.000000,0.000000,0.000000,0.000000,0.000000,0.000000,0.000000,0.000000,
0.000000,0.000000,0.000000,0.000000,0.000000,0.000000,0.000000,0.000000,0.000000,0.000000,0.000000,0.000000,0.000000,0.000000,0.000000,0.000000,0.000000,0.000000,0.000000,0.000000,0.000000,0.000000,0.000000,0.000000,0.000000,0.000000,0.000000,0.000000,0.000000,0.000000,0.000000,0.000000,0.000000,0.000000,0.000000,0.000000,0.000000,0.000000,0.000000,0.000000,
0.000000,0.000000,0.000000,0.000000,0.000000,0.000000,0.000000,0.000000,0.000000,0.000000,0.000000,0.000000,0.000000,0.000000,0.000000,0.000000,0.000000,0.000000,0.000000,0.000000,0.000000,0.000000,0.000000,0.000000,0.000000,0.000000,0.000000,0.000000,0.000000,0.000000,0.000000,0.000000,0.000000,0.000000,0.000000,0.000000,0.000000,0.000000,0.000000,0.000000,
0.000000,0.000000,0.000000,0.000000,0.000000,0.000000,0.000000,0.000000,0.000000,0.000000,0.000000,0.000000,0.000000,0.000000,0.000000,0.000000,0.000000,0.000000,0.000000,0.000000,0.000000,0.000000,0.000000,0.000000,0.000000,0.000000,0.000000,0.000000,0.000000,0.000000,0.000000,0.000000,0.000000,0.000000,0.000000,0.000000,0.000000,0.000000,0.000000,0.000000,
0.000000,0.000000,0.000000,0.000000,0.000000,0.000000,0.000000,0.000000,0.000000,0.000000,0.000000,0.000000,0.000000,0.000000,0.000000,0.000000,0.000000,0.000000,0.000000,0.000000,0.000000,0.000000,0.000000,0.000000,0.000000,0.000000,0.000000,0.000000,0.000000,0.000000,0.000000,0.000000,0.000000,0.000000,0.000000,0.000000,0.000000,0.000000,0.000000,0.000000,
0.000000,0.000000,0.000000,0.000000,0.000000,0.000000,0.000000,0.000000,0.000000,0.000000,0.000000,0.000000,0.000000,0.000000,0.000000,0.000000,0.000000,0.000000,0.000000,0.000000,0.000000,0.000000,0.000000,0.000000,0.000000,0.000000,0.000000,0.000000,0.000000,0.000000,0.000000,0.000000,0.000000,0.000000,0.000000,0.000000,0.000000,0.000000,0.000000,0.000000,
0.000000,0.000000,0.000000,0.000000,0.000000,0.000000,0.000000,0.000000,0.000000,0.000000,0.000000,0.000000,0.000000,0.000000,0.000000,0.000000,0.000000,0.000000,0.000000,0.000000,0.000000,0.000000,0.000000,0.000000,0.000000,0.000000,0.000000,0.000000,0.000000,0.000000,0.000000,0.000000,0.000000,0.000000,0.000000,0.000000,0.000000,0.000000,0.000000,0.000000,
0.000000,0.000000,0.000000,0.000000,0.000000,0.000000,0.000000,0.000000,0.000000,0.000000,0.000000,0.000000,0.000000,0.000000,0.000000,0.000000,0.000000,0.000000,0.000000,0.000000,0.000000,0.000000,0.000000,0.000000,0.000000,0.000000,0.000000,0.000000,0.000000,0.000000,0.000000,0.000000,0.000000,0.000000,0.000000,0.000000,0.000000,0.000000,0.000000,0.000000,
0.000000,0.000000,0.000000,0.000000,0.000000,0.000000,0.000000,0.000000,0.000000,0.000000,0.000000,0.000000,0.000000,0.000000,0.000000,0.000000,0.000000,0.000000,0.000000,0.000000,0.000000,0.000000,0.000000,0.000000,0.000000,0.000000,0.000000,0.000000,0.000000,0.000000,0.000000,0.000000,0.000000,0.000000,0.000000,0.000000,0.000000,0.000000,0.000000,0.000000,
0.000000,0.000000,0.000000,0.000000,0.000000,0.000000,0.000000,0.000000,0.000000,0.000000,0.000000,0.000000,0.000000,0.000000,0.000000,0.000000,0.000000,0.000000,0.000000,0.000000,0.000000,0.000000,0.000000,0.000000,0.000000,0.000000,0.000000,0.000000,0.000000,0.000000,0.000000,0.000000,0.000000,0.000000,0.000000,0.000000,0.000000,0.000000,0.000000,0.000000,
0.000000,0.000000,0.000000,0.000000,0.000000,0.000000,0.000000,0.000000,0.000000,0.000000,0.000000,0.000000,0.000000,0.000000,0.000000,0.000000,0.000000,0.000000,0.000000,0.000000,0.000000,0.000000,0.000000,0.000000,0.000000,0.000000,0.000000,0.000000,0.000000,0.000000,0.000000,0.000000,0.000000,0.000000,0.000000,0.000000,0.000000,0.000000,0.000000,0.000000,
0.000000,0.000000,0.000000,0.000000,0.000000,0.000000,0.000000,0.000000,0.000000,0.000000,0.000000,0.000000,0.000000,0.000000,0.000000,0.000000,0.000000,0.000000,0.000000,0.000000,0.000000,0.000000,0.000000,0.000000,0.000000,0.000000,0.000000,0.000000,0.000000,0.000000,0.000000,0.000000,0.000000,0.000000,0.000000,0.000000,0.000000,0.000000,0.000000,0.000000,
0.000000,0.000000,0.000000,0.000000,0.000000,0.000000,0.000000,0.000000,0.000000,0.000000,0.000000,0.000000,0.000000,0.000000,0.000000,0.000000,0.000000,0.000000,0.000000,0.000000,0.000000,0.000000,0.000000,0.000000,0.000000,0.000000,0.000000,0.000000,0.000000,0.000000,0.000000,0.000000,0.000000,0.000000,0.000000,0.000000,0.000000,0.000000,0.000000,0.000000,
