0.000000,0.000000,0.000000,0.000000,0.000000,0.000000,0.000000,0.000000,0.000000,0.000000,0.000000,0.000000,0.000000,0.000000,0.000000,0.000000,0.000000,0.000000,0.000000,0.000000,0.000000,0.000000,0.000000,0.000000,0.000000,0.000000,0.000000,0.000000,0.000000,0.000000,0.000000,0.000000,0.000000,0.000000,0.000000,0.000000,0.000000,0.000000,0.000000,0.000000,
0.000000,0.000000,0.000000,0.000000,0.000000,0.000000,0.000000,0.000000,0.000000,0.000000,0.000000,0.000000,0.000000,0.000000,0.000000,0.000000,2.000000,2.000000,1.975000,1.964000,1.972000,1.999000,2.000000,1.982000,1.938000,1.860000,1.860000,0.000000,0.000000,0.000000,0.000000,0.000000,0.000000,0.000000,0.000000,0.000000,0.000000,0.000000,0.000000,0.000000,
0.000000,0.000000,0.000000,0.000000,0.000000,0.000000,0.000000,0.000000,0.000000,0.000000,0.000000,0.000000,0.000000,0.000000,0.000000,2.670000,2.000000,2.000000,1.975000,1.964000,1.972000,1.999000,2.000000,1.982000,1.938000,1.860000,1.860000,0.000000,0.000000,0.000000,0.000000,0.000000,0.000000,0.000000,0.000000,0.000000,0.000000,0.000000,0.000000,0.000000,
0.000000,0.000000,0.000000,0.000000,0.000000,0.000000,0.000000,0.000000,0.000000,0.000000,0.000000,0.000000,0.000000,2.220000,2.015000,2.000000,2.000000,2.000000,1.975000,1.964000,1.969000,1.985000,1.986000,1.975000,1.948000,1.901000,1.901000,0.000000,0.000000,0.000000,0.000000,0.000000,0.000000,0.000000,0.000000,0.000000,0.000000,0.000000,0.000000,0.000000,
0.000000,0.000000,0.000000,0.000000,0.000000,0.000000,0.000000,0.000000,0.000000,2.153000,2.153000,2.138000,2.113000,2.109000,2.036000,2.000000,2.000000,2.000000,1.975000,1.964000,1.964000,1.964000,1.964000,1.964000,1.964000,1.964000,1.964000,1.964000,2.905000,0.000000,0.000000,0.000000,0.000000,0.000000,0.000000,0.000000,0.000000,0.000000,0.000000,0.000000,
0.000000,0.000000,0.000000,0.000000,0.000000,0.000000,0.000000,0.000000,0.000000,2.153000,2.153000,2.138000,2.109000,2.082000,2.026000,2.000000,2.000000,2.000000,1.975000,1.964000,1.964000,1.964000,1.964000,1.964000,1.964000,1.964000,1.964000,1.964000,2.905000,0.000000,0.000000,0.000000,0.000000,0.000000,0.000000,0.000000,0.000000,0.000000,0.000000,0.000000,
0.000000,0.000000,0.000000,0.000000,0.000000,0.000000,0.000000,0.000000,0.000000,2.153000,2.153000,2.138000,2.108000,2.078000,2.041000,2.014000,2.000000,2.000000,1.975000,1.964000,1.964000,1.964000,1.964000,1.964000,1.964000,1.964000,1.964000,1.964000,2.905000,0.000000,0.000000,0.000000,0.000000,0.000000,0.000000,0.000000,0.000000,0.000000,0.000000,0.000000,
0.000000,0.000000,0.000000,0.000000,0.000000,0.000000,0.000000,0.000000,0.000000,2.170000,2.159000,2.138000,2.108000,2.078000,2.050000,2.021000,2.000000,2.000000,1.975000,1.964000,1.967000,1.979000,1.968000,1.964000,1.964000,1.964000,1.964000,1.964000,2.889000,0.000000,0.000000,0.000000,0.000000,0.000000,0.000000,0.000000,0.000000,0.000000,0.000000,0.000000,
0.000000,0.000000,0.000000,0.000000,0.000000,0.000000,0.000000,0.000000,0.000000,2.193000,2.172000,2.145000,2.114000,2.079000,2.050000,2.021000,2.000000,2.000000,1.979000,1.971000,1.977000,1.999000,1.974000,1.964000,1.964000,1.964000,1.964000,1.964000,2.867000,0.000000,0.000000,0.000000,0.000000,0.000000,0.000000,0.000000,0.000000,0.000000,0.000000,0.000000,
0.000000,0.000000,0.000000,0.000000,0.000000,0.000000,0.000000,0.000000,0.000000,2.193000,2.192000,2.175000,2.139000,2.082000,2.050000,2.021000,2.000000,2.000000,1.999000,1.998000,1.998000,2.000000,1.974000,1.964000,1.964000,1.964000,1.964000,1.964000,2.867000,0.000000,0.000000,0.000000,0.000000,0.000000,0.000000,0.000000,0.000000,0.000000,0.000000,0.000000,
0.000000,0.000000,0.000000,0.000000,0.000000,0.000000,0.000000,0.000000,0.000000,2.193000,2.193000,2.177000,2.141000,2.082000,2.050000,2.021000,2.000000,2.000000,2.000000,2.000000,2.000000,2.000000,1.992000,1.977000,1.964000,1.964000,1.964000,1.964000,2.867000,0.000000,0.000000,0.000000,0.000000,0.000000,0.000000,0.000000,0.000000,0.000000,0.000000,0.000000,
0.000000,0.000000,0.000000,0.000000,0.000000,0.000000,0.000000,0.000000,0.000000,2.193000,2.181000,2.166000,2.138000,2.066000,2.044000,2.021000,2.000000,2.000000,2.000000,2.000000,2.000000,2.000000,2.000000,1.990000,1.976000,1.964000,1.964000,1.964000,2.851000,0.000000,0.000000,0.000000,0.000000,0.000000,0.000000,0.000000,0.000000,0.000000,0.000000,0.000000,
0.000000,0.000000,0.000000,0.000000,0.000000,0.000000,0.000000,0.000000,0.000000,2.193000,2.168000,2.150000,2.128000,2.047000,2.037000,2.021000,2.000000,2.000000,2.000000,2.000000,1.998000,1.992000,1.992000,1.996000,1.991000,1.964000,1.964000,1.964000,2.831000,0.000000,0.000000,0.000000,0.000000,0.000000,0.000000,0.000000,0.000000,0.000000,0.000000,0.000000,
0.000000,0.000000,0.000000,0.000000,0.000000,0.000000,0.000000,0.000000,0.000000,2.193000,2.168000,2.138000,2.103000,2.044000,2.037000,2.021000,2.000000,2.000000,2.000000,2.000000,1.992000,1.966000,1.965000,1.982000,1.991000,1.964000,1.964000,1.964000,2.831000,0.000000,0.000000,0.000000,0.000000,0.000000,0.000000,0.000000,0.000000,0.000000,0.000000,0.000000,
0.000000,0.000000,0.000000,0.000000,0.000000,0.000000,0.000000,0.000000,0.000000,2.193000,2.168000,2.138000,2.102000,2.044000,2.037000,2.021000,2.000000,2.000000,2.000000,1.988000,1.972000,1.964000,1.964000,1.969000,1.971000,1.964000,1.964000,1.964000,2.857000,0.000000,0.000000,0.000000,0.000000,0.000000,0.000000,0.000000,0.000000,0.000000,0.000000,0.000000,
0.000000,0.000000,0.000000,0.000000,0.000000,0.000000,0.000000,0.000000,0.000000,2.193000,2.180000,2.149000,2.105000,2.061000,2.043000,2.021000,2.000000,2.000000,2.000000,1.984000,1.964000,1.964000,1.964000,1.964000,1.964000,1.964000,1.964000,1.964000,2.849000,0.000000,0.000000,0.000000,0.000000,0.000000,0.000000,0.000000,0.000000,0.000000,0.000000,0.000000,
0.000000,0.000000,0.000000,0.000000,0.000000,0.000000,0.000000,0.000000,0.000000,2.203000,2.197000,2.162000,2.110000,2.087000,2.059000,2.031000,2.007000,2.001000,2.000000,1.984000,1.964000,1.964000,1.970000,1.973000,1.973000,1.973000,1.966000,1.964000,2.831000,0.000000,0.000000,0.000000,0.000000,0.000000,0.000000,0.000000,0.000000,0.000000,0.000000,0.000000,
0.000000,0.000000,0.000000,0.000000,0.000000,0.000000,0.000000,0.000000,0.000000,2.235000,2.208000,2.162000,2.114000,2.114000,2.088000,2.059000,2.030000,2.002000,2.000000,1.984000,1.964000,1.964000,1.990000,2.000000,2.000000,2.000000,1.973000,1.964000,2.827000,0.000000,0.000000,0.000000,0.000000,0.000000,0.000000,0.000000,0.000000,0.000000,0.000000,0.000000,
0.000000,0.000000,0.000000,0.000000,0.000000,0.000000,0.000000,0.000000,0.000000,2.203000,2.197000,2.162000,2.109000,2.087000,2.078000,2.059000,2.030000,2.002000,2.000000,1.996000,1.991000,1.991000,1.998000,2.000000,2.000000,2.000000,1.973000,1.964000,2.170000,2.706000,0.000000,0.000000,0.000000,0.000000,0.000000,0.000000,0.000000,0.000000,0.000000,0.000000,
0.000000,0.000000,0.000000,0.000000,0.000000,0.000000,0.000000,0.000000,0.000000,2.193000,2.193000,2.162000,2.108000,2.078000,2.075000,2.059000,2.030000,2.002000,2.000000,2.000000,2.000000,2.000000,2.000000,1.991000,1.981000,1.981000,1.968000,1.964000,1.964000,1.964000,0.000000,0.000000,0.000000,0.000000,0.000000,0.000000,0.000000,0.000000,0.000000,0.000000,
0.000000,0.000000,0.000000,0.000000,0.000000,0.000000,0.000000,0.000000,0.000000,2.193000,2.193000,2.162000,2.110000,2.088000,2.079000,2.059000,2.030000,2.002000,2.000000,2.000000,2.000000,2.000000,2.000000,1.982000,1.964000,1.964000,1.964000,1.964000,1.964000,1.964000,0.000000,0.000000,0.000000,0.000000,0.000000,0.000000,0.000000,0.000000,0.000000,0.000000,
0.000000,0.000000,0.000000,0.000000,0.000000,0.000000,0.000000,0.000000,0.000000,2.193000,2.192000,2.161000,2.114000,2.114000,2.088000,2.059000,2.030000,2.002000,2.000000,2.000000,2.000000,2.000000,2.000000,1.983000,1.965000,1.965000,1.965000,1.965000,1.965000,1.965000,0.000000,0.000000,0.000000,0.000000,0.000000,0.000000,0.000000,0.000000,0.000000,0.000000,
0.000000,0.000000,0.000000,0.000000,0.000000,0.000000,0.000000,0.000000,0.000000,2.193000,2.173000,2.143000,2.114000,2.114000,2.088000,2.059000,2.030000,2.002000,2.000000,2.000000,2.000000,2.000000,2.000000,1.996000,1.993000,1.993000,1.993000,1.993000,1.993000,1.993000,0.000000,0.000000,0.000000,0.000000,0.000000,0.000000,0.000000,0.000000,0.000000,0.000000,
0.000000,0.000000,0.000000,0.000000,0.000000,0.000000,0.000000,0.000000,0.000000,2.193000,2.168000,2.138000,2.114000,2.114000,2.088000,2.059000,2.030000,2.002000,2.000000,2.000000,2.000000,2.000000,2.000000,2.000000,2.000000,2.000000,2.000000,2.000000,2.000000,2.000000,0.000000,0.000000,0.000000,0.000000,0.000000,0.000000,0.000000,0.000000,0.000000,0.000000,
0.000000,0.000000,0.000000,0.000000,0.000000,0.000000,0.000000,0.000000,0.000000,2.193000,2.168000,2.138000,2.114000,2.114000,2.088000,2.059000,2.030000,2.002000,2.000000,2.000000,2.000000,2.000000,2.000000,2.000000,2.000000,2.000000,2.000000,1.994000,1.989000,1.989000,0.000000,0.000000,0.000000,0.000000,0.000000,0.000000,0.000000,0.000000,0.000000,0.000000,
0.000000,0.000000,0.000000,0.000000,0.000000,0.000000,0.000000,0.000000,0.000000,2.193000,2.168000,2.138000,2.114000,2.114000,2.088000,2.059000,2.030000,2.002000,2.000000,2.000000,2.000000,2.000000,2.000000,2.000000,2.000000,2.000000,2.000000,1.981000,1.963000,1.962000,0.000000,0.000000,0.000000,0.000000,0.000000,0.000000,0.000000,0.000000,0.000000,0.000000,
0.000000,0.000000,0.000000,0.000000,0.000000,0.000000,0.000000,0.000000,0.000000,2.193000,2.168000,2.138000,2.114000,2.114000,2.088000,2.059000,2.030000,2.002000,2.000000,2.000000,2.000000,2.000000,2.000000,2.000000,2.000000,2.000000,2.000000,1.981000,1.956000,1.935000,0.000000,0.000000,0.000000,0.000000,0.000000,0.000000,0.000000,0.000000,0.000000,0.000000,
0.000000,0.000000,0.000000,0.000000,0.000000,0.000000,0.000000,0.000000,0.000000,2.193000,2.168000,2.147000,2.133000,2.116000,2.088000,2.059000,2.030000,2.002000,2.000000,2.000000,2.000000,2.000000,2.000000,2.000000,2.000000,2.000000,2.000000,1.981000,1.954000,1.929000,0.000000,0.000000,0.000000,0.000000,0.000000,0.000000,0.000000,0.000000,0.000000,0.000000,
0.000000,0.000000,0.000000,0.000000,0.000000,0.000000,0.000000,0.000000,0.000000,2.193000,2.176000,2.161000,2.147000,2.117000,2.088000,2.059000,2.030000,2.002000,2.000000,2.000000,2.000000,2.000000,2.000000,2.000000,2.000000,2.000000,2.000000,1.981000,1.954000,1.929000,0.000000,0.000000,0.000000,0.000000,0.000000,0.000000,0.000000,0.000000,0.000000,0.000000,
0.000000,0.000000,0.000000,0.000000,0.000000,0.000000,0.000000,0.000000,0.000000,2.193000,2.193000,2.177000,2.147000,2.117000,2.088000,2.057000,2.027000,2.002000,2.000000,2.000000,2.000000,2.000000,2.000000,2.000000,2.000000,2.000000,2.000000,1.981000,1.954000,1.929000,0.000000,0.000000,0.000000,0.000000,0.000000,0.000000,0.000000,0.000000,0.000000,0.000000,
0.000000,0.000000,0.000000,0.000000,0.000000,0.000000,0.000000,0.000000,0.000000,2.193000,2.193000,2.177000,2.147000,2.117000,2.088000,2.045000,2.004000,2.000000,2.000000,2.000000,2.000000,2.000000,2.000000,2.000000,2.000000,2.000000,2.000000,1.981000,1.954000,1.929000,0.000000,0.000000,0.000000,0.000000,0.000000,0.000000,0.000000,0.000000,0.000000,0.000000,
0.000000,0.000000,0.000000,0.000000,0.000000,0.000000,0.000000,0.000000,0.000000,2.219000,2.202000,2.177000,2.147000,2.117000,2.088000,2.043000,2.000000,2.000000,2.000000,2.000000,2.000000,2.000000,1.984000,1.978000,1.978000,1.978000,1.995000,1.993000,1.976000,1.950000,0.000000,0.000000,0.000000,0.000000,0.000000,0.000000,0.000000,0.000000,0.000000,0.000000,
0.000000,0.000000,0.000000,0.000000,0.000000,0.000000,0.000000,0.000000,0.000000,2.235000,2.208000,2.177000,2.147000,2.117000,2.088000,2.049000,2.011000,2.001000,2.000000,2.000000,2.000000,2.000000,1.974000,1.964000,1.964000,1.964000,1.991000,2.000000,1.990000,1.964000,0.000000,0.000000,0.000000,0.000000,0.000000,0.000000,0.000000,0.000000,0.000000,0.000000,
0.000000,0.000000,0.000000,0.000000,0.000000,0.000000,0.000000,0.000000,0.000000,2.622000,2.349000,2.177000,2.147000,2.117000,2.088000,2.059000,2.030000,2.002000,2.000000,2.000000,2.000000,2.000000,1.977000,1.969000,1.969000,1.969000,1.993000,2.000000,1.991000,1.969000,0.000000,0.000000,0.000000,0.000000,0.000000,0.000000,0.000000,0.000000,0.000000,0.000000,
0.000000,0.000000,0.000000,0.000000,0.000000,0.000000,0.000000,0.000000,0.000000,0.000000,0.000000,2.177000,2.147000,2.117000,2.088000,2.059000,2.030000,2.002000,2.000000,2.000000,2.000000,2.000000,1.997000,1.996000,1.996000,1.996000,1.999000,2.000000,1.999000,1.996000,0.000000,0.000000,0.000000,0.000000,0.000000,0.000000,0.000000,0.000000,0.000000,0.000000,
0.000000,0.000000,0.000000,0.000000,0.000000,0.000000,0.000000,0.000000,0.000000,0.000000,0.000000,2.136000,2.126000,2.115000,2.088000,2.059000,2.030000,2.002000,2.000000,2.000000,1.995000,1.977000,1.977000,1.977000,1.982000,2.000000,2.000000,1.988000,1.977000,1.977000,0.000000,0.000000,0.000000,0.000000,0.000000,0.000000,0.000000,0.000000,0.000000,0.000000,
0.000000,0.000000,0.000000,0.000000,0.000000,0.000000,0.000000,0.000000,0.000000,0.000000,0.000000,2.114000,2.114000,2.114000,2.088000,2.065000,2.045000,2.017000,2.004000,2.000000,1.992000,1.965000,1.964000,1.964000,1.973000,2.000000,2.000000,1.981000,1.964000,1.964000,0.000000,0.000000,0.000000,0.000000,0.000000,0.000000,0.000000,0.000000,0.000000,0.000000,
0.000000,0.000000,0.000000,0.000000,0.000000,0.000000,0.000000,0.000000,0.000000,0.000000,0.000000,2.114000,2.114000,2.114000,2.088000,2.075000,2.068000,2.039000,2.011000,2.000000,1.992000,1.965000,1.964000,1.964000,1.973000,2.000000,2.000000,1.981000,1.964000,1.964000,0.000000,0.000000,0.000000,0.000000,0.000000,0.000000,0.000000,0.000000,0.000000,0.000000,
0.000000,0.000000,0.000000,0.000000,0.000000,0.000000,0.000000,0.000000,0.000000,0.000000,0.000000,0.000000,0.000000,0.000000,0.000000,0.000000,0.000000,0.000000,0.000000,0.000000,0.000000,0.000000,0.000000,0.000000,0.000000,0.000000,0.000000,0.000000,0.000000,0.000000,0.000000,0.000000,0.000000,0.000000,0.000000,0.000000,0.000000,0.000000,0.000000,0.000000,
0.000000,0.000000,0.000000,0.000000,0.000000,0.000000,0.000000,0.000000,0.000000,0.000000,0.000000,0.000000,0.000000,0.000000,0.000000,0.000000,0.000000,0.000000,0.000000,0.000000,0.000000,0.000000,0.000000,0.000000,0.000000,0.000000,0.000000,0.000000,0.000000,0.000000,0.000000,0.000000,0.000000,0.000000,0.000000,0.000000,0.000000,0.000000,0.000000,0.000000,
