0.000000,0.000000,0.000000,0.000000,0.000000,0.000000,0.000000,0.000000,0.000000,0.000000,0.000000,0.000000,0.000000,0.000000,0.000000,0.000000,0.000000,0.000000,0.000000,0.000000,0.000000,0.000000,0.000000,0.000000,0.000000,0.000000,0.000000,0.000000,0.000000,0.000000,0.000000,0.000000,0.000000,0.000000,0.000000,0.000000,0.000000,0.000000,0.000000,0.000000,
0.000000,0.000000,0.000000,0.000000,0.000000,0.000000,0.000000,0.000000,0.000000,0.000000,0.000000,0.000000,0.000000,0.000000,0.000000,0.000000,0.000000,0.000000,0.000000,0.000000,0.000000,0.000000,0.000000,0.000000,0.000000,0.000000,0.000000,0.000000,0.000000,0.000000,0.000000,0.000000,0.000000,0.000000,0.000000,0.000000,0.000000,0.000000,0.000000,0.000000,
0.000000,0.000000,0.000000,0.000000,0.000000,0.000000,0.000000,0.000000,0.000000,0.000000,0.000000,0.000000,0.000000,0.000000,0.000000,0.000000,0.000000,0.000000,0.000000,0.000000,0.000000,0.000000,0.000000,0.000000,0.000000,0.000000,0.000000,0.000000,0.000000,0.000000,0.000000,0.000000,0.000000,0.000000,0.000000,0.000000,0.000000,0.000000,0.000000,0.000000,
0.000000,0.000000,0.000000,0.000000,0.000000,0.000000,0.000000,0.000000,0.000000,0.000000,0.000000,0.000000,0.000000,0.000000,0.000000,0.000000,0.000000,0.000000,0.000000,0.000000,0.000000,0.000000,0.000000,0.000000,0.000000,0.000000,0.000000,0.000000,0.000000,0.000000,0.000000,0.000000,0.000000,0.000000,0.000000,0.000000,0.000000,0.000000,0.000000,0.000000,
0.000000,0.000000,0.000000,0.000000,0.000000,0.000000,0.000000,0.000000,0.000000,0.000000,0.000000,0.000000,0.000000,0.000000,0.000000,0.000000,0.000000,0.000000,0.000000,0.000000,0.000000,0.000000,0.000000,0.000000,0.000000,0.000000,0.000000,0.000000,0.000000,0.000000,0.000000,0.000000,0.000000,0.000000,0.000000,0.000000,0.000000,0.000000,0.000000,0.000000,
0.000000,0.000000,0.000000,0.000000,0.000000,0.000000,0.000000,0.000000,0.000000,0.000000,0.000000,0.000000,0.000000,0.000000,0.000000,0.000000,0.000000,0.000000,0.000000,0.000000,0.000000,0.000000,0.000000,0.000000,0.000000,0.000000,0.000000,0.000000,0.000000,0.000000,0.000000,0.000000,0.000000,0.000000,0.000000,0.000000,0.000000,0.000000,0.000000,0.000000,
0.000000,0.000000,0.000000,0.000000,0.000000,0.000000,0.000000,0.000000,0.000000,0.000000,0.000000,0.000000,0.000000,0.000000,0.000000,0.000000,0.000000,0.000000,0.000000,0.000000,0.000000,0.000000,0.000000,0.000000,0.000000,0.000000,0.000000,0.000000,0.000000,0.000000,0.000000,0.000000,0.000000,0.000000,0.000000,0.000000,0.000000,0.000000,0.000000,0.000000,
0.000000,0.000000,0.000000,0.000000,0.000000,0.000000,0.000000,0.000000,0.000000,0.000000,0.000000,0.000000,0.000000,0.000000,0.000000,0.000000,0.000000,0.000000,0.000000,0.000000,0.000000,0.000000,0.000000,0.000000,0.000000,0.000000,0.000000,0.000000,0.000000,0.000000,0.000000,0.000000,0.000000,0.000000,0.000000,0.000000,0.000000,0.000000,0.000000,0.000000,
0.000000,0.000000,0.000000,0.000000,0.000000,0.000000,0.000000,0.000000,0.000000,0.000000,0.000000,0.000000,0.000000,0.000000,0.000000,0.000000,0.000000,0.000000,0.000000,0.000000,0.000000,0.000000,0.000000,0.000000,0.000000,0.000000,0.000000,0.000000,0.000000,0.000000,0.000000,0.000000,0.000000,0.000000,0.000000,0.000000,0.000000,0.000000,0.000000,0.000000,
0.000000,0.000000,0.000000,0.000000,0.000000,0.000000,0.000000,0.000000,0.000000,0.000000,0.000000,0.000000,0.000000,0.000000,0.000000,0.000000,0.000000,0.000000,0.000000,0.000000,0.000000,0.000000,0.000000,0.000000,0.000000,0.000000,0.000000,0.000000,0.000000,0.000000,0.000000,0.000000,0.000000,0.000000,0.000000,0.000000,0.000000,0.000000,0.000000,0.000000,
0.000000,0.000000,0.000000,0.000000,0.000000,0.000000,0.000000,0.000000,0.000000,0.000000,0.000000,0.000000,0.000000,0.000000,0.000000,0.000000,0.000000,0.000000,0.000000,2.988000,2.946000,2.940000,2.940000,2.962000,2.975000,2.933000,2.892000,2.813000,2.183000,1.915000,1.893000,1.861000,1.858000,1.836000,1.835000,1.835000,1.835000,1.826000,1.793000,1.734000,
0.000000,0.000000,0.000000,0.000000,0.000000,0.000000,0.000000,0.000000,2.617000,2.354000,2.356000,2.348000,2.403000,0.000000,2.498000,2.320000,2.710000,0.000000,0.000000,2.966000,2.320000,2.232000,2.232000,2.227000,2.210000,2.179000,2.133000,2.115000,1.975000,1.903000,1.873000,1.841000,1.838000,1.816000,1.815000,1.815000,1.815000,1.806000,1.774000,1.715000,
2.714000,2.694000,2.676000,2.658000,2.633000,2.599000,2.582000,2.548000,2.262000,2.120000,2.120000,2.116000,2.127000,2.451000,2.163000,2.058000,2.229000,2.425000,2.414000,2.356000,2.052000,1.997000,1.993000,1.980000,1.961000,1.948000,1.915000,1.915000,1.915000,1.900000,1.867000,1.835000,1.832000,1.810000,1.809000,1.809000,1.809000,1.794000,1.756000,1.710000,
2.284000,2.284000,2.265000,2.250000,2.241000,2.213000,2.185000,2.171000,2.146000,2.127000,2.120000,2.113000,2.089000,2.089000,2.066000,2.040000,2.015000,2.000000,2.000000,2.000000,1.988000,1.975000,1.963000,1.951000,1.943000,1.939000,1.915000,1.915000,1.906000,1.887000,1.864000,1.844000,1.834000,1.822000,1.811000,1.809000,1.809000,1.791000,1.751000,1.722000,
2.284000,2.284000,2.265000,2.250000,2.241000,2.214000,2.196000,2.159000,2.144000,2.130000,2.120000,2.113000,2.089000,2.089000,2.066000,2.046000,2.020000,2.000000,2.000000,1.999000,1.974000,1.971000,1.955000,1.943000,1.943000,1.939000,1.915000,1.915000,1.896000,1.873000,1.861000,1.854000,1.835000,1.835000,1.814000,1.809000,1.809000,1.791000,1.754000,1.734000,
2.284000,2.284000,2.265000,2.250000,2.241000,2.216000,2.216000,2.168000,2.132000,2.120000,2.120000,2.112000,2.083000,2.083000,2.065000,2.056000,2.031000,2.004000,2.000000,1.999000,1.974000,1.971000,1.961000,1.951000,1.947000,1.939000,1.915000,1.911000,1.895000,1.873000,1.861000,1.854000,1.835000,1.835000,1.814000,1.809000,1.809000,1.793000,1.757000,1.734000,
2.284000,2.284000,2.265000,2.250000,2.241000,2.216000,2.215000,2.189000,2.141000,2.120000,2.120000,2.107000,2.059000,2.059000,2.059000,2.040000,2.029000,2.019000,2.000000,1.999000,1.974000,1.971000,1.988000,1.987000,1.962000,1.938000,1.915000,1.892000,1.888000,1.873000,1.861000,1.854000,1.835000,1.834000,1.814000,1.809000,1.809000,1.800000,1.773000,1.735000,
2.284000,2.284000,2.265000,2.250000,2.241000,2.213000,2.189000,2.161000,2.132000,2.120000,2.120000,2.107000,2.059000,2.059000,2.059000,2.040000,2.029000,2.019000,2.000000,1.999000,1.974000,1.971000,1.988000,1.976000,1.938000,1.918000,1.915000,1.892000,1.888000,1.873000,1.852000,1.837000,1.833000,1.813000,1.810000,1.809000,1.809000,1.800000,1.778000,1.755000,
2.284000,2.266000,2.254000,2.240000,2.223000,2.213000,2.185000,2.157000,2.130000,2.120000,2.120000,2.107000,2.059000,2.059000,2.059000,2.040000,2.029000,2.019000,2.000000,2.000000,1.993000,1.992000,1.997000,1.975000,1.935000,1.915000,1.915000,1.892000,1.874000,1.864000,1.851000,1.835000,1.832000,1.810000,1.809000,1.809000,1.800000,1.788000,1.779000,1.757000,
2.284000,2.260000,2.250000,2.236000,2.216000,2.213000,2.185000,2.157000,2.130000,2.120000,2.120000,2.111000,2.075000,2.060000,2.045000,2.034000,2.029000,2.019000,2.000000,2.000000,2.000000,2.000000,2.000000,1.975000,1.940000,1.929000,1.915000,1.892000,1.869000,1.861000,1.857000,1.846000,1.832000,1.810000,1.809000,1.799000,1.789000,1.779000,1.767000,1.757000,
2.284000,2.260000,2.250000,2.236000,2.216000,2.211000,2.171000,2.154000,2.130000,2.120000,2.120000,2.113000,2.087000,2.061000,2.036000,2.029000,2.029000,2.019000,2.000000,2.000000,2.000000,1.991000,1.987000,1.968000,1.943000,1.939000,1.915000,1.892000,1.878000,1.866000,1.861000,1.854000,1.833000,1.821000,1.811000,1.793000,1.784000,1.775000,1.759000,1.757000,
2.286000,2.267000,2.254000,2.240000,2.221000,2.201000,2.153000,2.144000,2.127000,2.120000,2.120000,2.113000,2.088000,2.069000,2.038000,2.029000,2.025000,2.011000,1.991000,1.991000,1.991000,1.976000,1.971000,1.959000,1.943000,1.939000,1.915000,1.892000,1.882000,1.870000,1.861000,1.854000,1.835000,1.835000,1.814000,1.793000,1.780000,1.770000,1.757000,1.750000,
2.288000,2.284000,2.265000,2.250000,2.233000,2.181000,2.157000,2.127000,2.120000,2.120000,2.120000,2.114000,2.093000,2.089000,2.043000,2.029000,2.015000,1.990000,1.971000,1.971000,1.967000,1.967000,1.967000,1.958000,1.946000,1.940000,1.919000,1.893000,1.869000,1.861000,1.861000,1.854000,1.835000,1.835000,1.814000,1.795000,1.773000,1.759000,1.754000,1.734000,
2.284000,2.284000,2.265000,2.250000,2.233000,2.184000,2.184000,2.132000,2.120000,2.120000,2.120000,2.120000,2.118000,2.091000,2.043000,2.029000,2.015000,1.990000,1.971000,1.970000,1.946000,1.943000,1.943000,1.955000,1.963000,1.943000,1.943000,1.896000,1.869000,1.861000,1.861000,1.854000,1.835000,1.835000,1.814000,1.809000,1.783000,1.759000,1.754000,1.734000,
2.259000,2.255000,2.252000,2.250000,2.240000,2.211000,2.211000,2.159000,2.129000,2.120000,2.120000,2.120000,2.120000,2.116000,2.088000,2.064000,2.040000,2.007000,1.971000,1.970000,1.946000,1.943000,1.943000,1.955000,1.963000,1.943000,1.943000,1.916000,1.908000,1.894000,1.884000,1.877000,1.855000,1.836000,1.797000,1.774000,1.763000,1.759000,1.754000,1.734000,
2.255000,2.250000,2.237000,2.226000,2.230000,1.982000,0.000000,0.000000,0.000000,0.000000,0.000000,0.000000,0.000000,0.000000,0.000000,0.000000,0.000000,0.000000,0.000000,0.000000,0.000000,0.000000,0.000000,0.000000,1.969000,1.960000,1.943000,1.919000,1.915000,1.911000,1.907000,1.895000,1.858000,1.836000,1.794000,1.768000,1.759000,1.759000,1.757000,1.617000,
0.000000,0.000000,1.391000,2.216000,1.743000,0.000000,0.000000,0.000000,0.000000,0.000000,0.000000,0.000000,0.000000,0.000000,0.000000,0.000000,0.000000,0.000000,0.000000,0.000000,0.000000,0.000000,0.000000,0.000000,0.000000,0.000000,1.932000,1.932000,1.930000,1.922000,1.915000,1.917000,1.741000,0.000000,0.000000,0.000000,0.000000,0.000000,0.000000,0.000000,
0.000000,0.000000,0.000000,0.000000,0.000000,0.000000,0.000000,0.000000,0.000000,0.000000,0.000000,0.000000,0.000000,0.000000,0.000000,0.000000,0.000000,0.000000,0.000000,0.000000,0.000000,0.000000,0.000000,0.000000,0.000000,0.000000,1.935000,1.954000,1.074000,0.000000,0.000000,0.000000,0.000000,0.000000,0.000000,0.000000,0.000000,0.000000,0.000000,0.000000,
0.000000,0.000000,0.000000,0.000000,0.000000,0.000000,0.000000,0.000000,0.000000,0.000000,0.000000,0.000000,0.000000,0.000000,0.000000,0.000000,0.000000,0.000000,0.000000,0.000000,0.000000,0.000000,0.000000,0.000000,0.000000,0.000000,1.952000,1.971000,0.000000,0.000000,0.000000,0.000000,0.000000,0.000000,0.000000,0.000000,0.000000,0.000000,0.000000,0.000000,
0.000000,0.000000,0.000000,0.000000,0.000000,0.000000,0.000000,0.000000,0.000000,0.000000,0.000000,0.000000,0.000000,0.000000,0.000000,0.000000,0.000000,0.000000,0.000000,0.000000,0.000000,0.000000,0.000000,0.000000,0.000000,0.000000,0.000000,0.000000,0.000000,0.000000,0.000000,0.000000,0.000000,0.000000,0.000000,0.000000,0.000000,0.000000,0.000000,0.000000,
0.000000,0.000000,0.000000,0.000000,0.000000,0.000000,0.000000,0.000000,0.000000,0.000000,0.000000,0.000000,0.000000,0.000000,0.000000,0.000000,0.000000,0.000000,0.000000,0.000000,0.000000,0.000000,0.000000,0.000000,0.000000,0.000000,0.000000,0.000000,0.000000,0.000000,0.000000,0.000000,0.000000,0.000000,0.000000,0.000000,0.000000,0.000000,0.000000,0.000000,
0.000000,0.000000,0.000000,0.000000,0.000000,0.000000,0.000000,0.000000,0.000000,0.000000,0.000000,0.000000,0.000000,0.000000,0.000000,0.000000,0.000000,0.000000,0.000000,0.000000,0.000000,0.000000,0.000000,0.000000,0.000000,0.000000,0.000000,0.000000,0.000000,0.000000,0.000000,0.000000,0.000000,0.000000,0.000000,0.000000,0.000000,0.000000,0.000000,0.000000,
0.000000,0.000000,0.000000,0.000000,0.000000,0.000000,0.000000,0.000000,0.000000,0.000000,0.000000,0.000000,0.000000,0.000000,0.000000,0.000000,0.000000,0.000000,0.000000,0.000000,0.000000,0.000000,0.000000,0.000000,0.000000,0.000000,0.000000,0.000000,0.000000,0.000000,0.000000,0.000000,0.000000,0.000000,0.000000,0.000000,0.000000,0.000000,0.000000,0.000000,
0.000000,0.000000,0.000000,0.000000,0.000000,0.000000,0.000000,0.000000,0.000000,0.000000,0.000000,0.000000,0.000000,0.000000,0.000000,0.000000,0.000000,0.000000,0.000000,0.000000,0.000000,0.000000,0.000000,0.000000,0.000000,0.000000,0.000000,0.000000,0.000000,0.000000,0.000000,0.000000,0.000000,0.000000,0.000000,0.000000,0.000000,0.000000,0.000000,0.000000,
0.000000,0.000000,0.000000,0.000000,0.000000,0.000000,0.000000,0.000000,0.000000,0.000000,0.000000,0.000000,0.000000,0.000000,0.000000,0.000000,0.000000,0.000000,0.000000,0.000000,0.000000,0.000000,0.000000,0.000000,0.000000,0.000000,0.000000,0.000000,0.000000,0.000000,0.000000,0.000000,0.000000,0.000000,0.000000,0.000000,0.000000,0.000000,0.000000,0.000000,
0.000000,0.000000,0.000000,0.000000,0.000000,0.000000,0.000000,0.000000,0.000000,0.000000,0.000000,0.000000,0.000000,0.000000,0.000000,0.000000,0.000000,0.000000,0.000000,0.000000,0.000000,0.000000,0.000000,0.000000,0.000000,0.000000,0.000000,0.000000,0.000000,0.000000,0.000000,0.000000,0.000000,0.000000,0.000000,0.000000,0.000000,0.000000,0.000000,0.000000,
0.000000,0.000000,0.000000,0.000000,0.000000,0.000000,0.000000,0.000000,0.000000,0.000000,0.000000,0.000000,0.000000,0.000000,0.000000,0.000000,0.000000,0.000000,0.000000,0.000000,0.000000,0.000000,0.000000,0.000000,0.000000,0.000000,0.000000,0.000000,0.000000,0.000000,0.000000,0.000000,0.000000,0.000000,0.000000,0.000000,0.000000,0.000000,0.000000,0.000000,
0.000000,0.000000,0.000000,0.000000,0.000000,0.000000,0.000000,0.000000,0.000000,0.000000,0.000000,0.000000,0.000000,0.000000,0.000000,0.000000,0.000000,0.000000,0.000000,0.000000,0.000000,0.000000,0.000000,0.000000,0.000000,0.000000,0.000000,0.000000,0.000000,0.000000,0.000000,0.000000,0.000000,0.000000,0.000000,0.000000,0.000000,0.000000,0.000000,0.000000,
0.000000,0.000000,0.000000,0.000000,0.000000,0.000000,0.000000,0.000000,0.000000,0.000000,0.000000,0.000000,0.000000,0.000000,0.000000,0.000000,0.000000,0.000000,0.000000,0.000000,0.000000,0.000000,0.000000,0.000000,0.000000,0.000000,0.000000,0.000000,0.000000,0.000000,0.000000,0.000000,0.000000,0.000000,0.000000,0.000000,0.000000,0.000000,0.000000,0.000000,
0.000000,0.000000,0.000000,0.000000,0.000000,0.000000,0.000000,0.000000,0.000000,0.000000,0.000000,0.000000,0.000000,0.000000,0.000000,0.000000,0.000000,0.000000,0.000000,0.000000,0.000000,0.000000,0.000000,0.000000,0.000000,0.000000,0.000000,0.000000,0.000000,0.000000,0.000000,0.000000,0.000000,0.000000,0.000000,0.000000,0.000000,0.000000,0.000000,0.000000,
