40 40
0.000000 0.000000 0.000000 0.000000 0.000000 0.000000 0.000000 0.000000 0.000000 0.000000 0.000000 0.000000 0.000000 0.000000 0.000000 0.000000 0.000000 0.000000 0.000000 0.000000 0.000000 0.000000 0.000000 0.000000 0.000000 0.000000 0.000000 0.000000 0.000000 0.000000 0.000000 0.000000 0.000000 0.000000 0.000000 0.000000 0.000000 0.000000 0.000000 0.000000 
0.000000 0.000000 0.000000 0.000000 0.000000 0.000000 0.000000 0.000000 0.000000 0.000000 0.000000 0.000000 0.000000 0.000000 0.000000 0.000000 0.000000 0.000000 0.000000 0.000000 0.000000 0.000000 0.000000 0.000000 0.000000 0.000000 0.000000 0.000000 0.000000 0.000000 0.000000 0.000000 0.000000 0.000000 0.000000 0.000000 0.000000 0.000000 0.000000 0.000000 
0.000000 0.000000 0.000000 0.000000 0.000000 0.000000 0.000000 0.000000 0.000000 0.000000 0.000000 0.000000 0.000000 0.000000 0.000000 0.000000 0.000000 0.000000 0.000000 0.000000 0.000000 0.000000 0.000000 0.000000 0.000000 0.000000 0.000000 0.000000 0.000000 0.000000 0.000000 0.000000 0.000000 0.000000 0.000000 0.000000 0.000000 0.000000 0.000000 0.000000 
0.000000 0.000000 0.000000 0.000000 0.000000 0.000000 0.000000 0.000000 0.000000 0.000000 0.000000 0.000000 0.000000 0.000000 0.000000 0.000000 0.000000 0.000000 0.000000 0.000000 0.000000 0.000000 0.000000 0.000000 0.000000 0.000000 0.000000 0.000000 0.000000 0.000000 0.000000 0.000000 0.000000 0.000000 0.000000 0.000000 0.000000 0.000000 0.000000 0.000000 
0.000000 0.000000 0.000000 0.000000 0.000000 0.000000 0.000000 0.000000 0.000000 0.000000 0.000000 0.000000 0.000000 0.000000 0.000000 0.000000 0.000000 0.000000 0.000000 0.000000 0.000000 0.000000 0.000000 0.000000 0.000000 0.000000 0.000000 0.000000 0.000000 0.000000 0.000000 0.000000 0.000000 0.000000 0.000000 0.000000 0.000000 0.000000 0.000000 0.000000 
0.000000 0.000000 0.000000 0.000000 0.000000 0.000000 0.000000 0.000000 0.000000 0.000000 0.000000 0.000000 0.000000 0.000000 0.000000 0.000000 0.000000 0.000000 0.000000 0.000000 0.000000 0.000000 0.000000 0.000000 0.000000 0.000000 0.000000 0.000000 0.000000 0.000000 0.000000 0.000000 0.000000 0.000000 0.000000 0.000000 0.000000 0.000000 0.000000 0.000000 
0.000000 0.000000 0.000000 0.000000 0.000000 0.000000 0.000000 0.000000 0.000000 0.000000 0.000000 0.000000 0.000000 0.000000 0.000000 0.000000 0.000000 0.000000 0.000000 0.000000 0.000000 0.000000 0.000000 0.000000 0.000000 0.000000 0.000000 0.000000 0.000000 0.000000 0.000000 0.000000 0.000000 0.000000 0.000000 0.000000 0.000000 0.000000 0.000000 0.000000 
0.000000 0.000000 0.000000 0.000000 0.000000 0.000000 0.000000 0.000000 0.000000 0.000000 0.000000 0.000000 0.000000 0.000000 0.000000 0.000000 0.000000 0.000000 0.000000 0.000000 0.000000 0.000000 0.000000 0.000000 0.000000 0.000000 0.000000 0.000000 0.000000 0.000000 0.000000 0.000000 0.000000 0.000000 0.000000 0.000000 0.000000 0.000000 0.000000 0.000000 
0.000000 0.000000 0.000000 0.000000 0.000000 0.000000 0.000000 0.000000 0.000000 0.000000 0.000000 0.000000 0.000000 0.000000 0.000000 0.000000 0.000000 0.000000 0.000000 0.000000 0.000000 0.000000 0.000000 0.000000 0.000000 0.000000 0.000000 0.000000 0.000000 0.000000 0.000000 0.000000 0.000000 0.000000 0.000000 0.000000 0.000000 0.000000 0.000000 0.000000 
0.000000 0.000000 0.000000 0.000000 0.000000 0.000000 0.000000 0.000000 0.000000 0.000000 0.000000 0.000000 0.000000 0.000000 0.000000 0.000000 0.000000 0.000000 0.000000 0.000000 0.000000 0.000000 0.000000 0.000000 0.000000 0.000000 0.000000 0.000000 0.000000 0.000000 0.000000 0.000000 0.000000 0.000000 0.000000 0.000000 0.000000 0.000000 0.000000 0.000000 
0.000000 0.000000 0.000000 0.000000 0.000000 0.000000 0.000000 0.000000 0.000000 0.000000 0.000000 0.000000 0.000000 0.000000 0.000000 0.000000 0.000000 0.000000 0.000000 0.000000 0.000000 0.000000 0.000000 0.000000 0.000000 0.000000 0.000000 0.000000 0.000000 0.000000 0.000000 0.000000 0.000000 0.000000 0.000000 0.000000 0.000000 0.000000 0.000000 0.000000 
2.048000 2.060000 2.073000 2.073000 2.073000 2.066000 2.048000 2.044000 2.024000 2.024000 2.024000 2.001000 2.000000 2.654000 2.779000 2.779000 2.779000 2.779000 2.349000 2.000000 1.977000 1.986000 2.008000 2.024000 2.219000 2.811000 2.779000 2.786000 2.856000 2.819000 2.131000 2.073000 2.648000 2.750000 2.665000 2.633000 2.633000 2.633000 2.633000 2.633000 
2.026000 2.038000 2.050000 2.050000 2.058000 2.066000 2.048000 2.044000 2.024000 2.024000 2.024000 2.001000 1.981000 2.032000 2.042000 2.057000 2.049000 2.042000 2.007000 1.979000 1.977000 1.986000 2.008000 2.024000 2.040000 2.083000 2.063000 2.065000 2.091000 2.088000 2.053000 2.050000 2.097000 2.105000 2.478000 2.282000 2.095000 2.083000 2.073000 2.073000 
2.024000 2.026000 2.036000 2.048000 2.049000 2.045000 2.027000 2.027000 2.024000 2.023000 2.003000 2.000000 1.979000 1.977000 1.977000 1.979000 1.978000 1.977000 1.977000 1.967000 1.957000 1.966000 1.988000 2.003000 2.003000 2.003000 2.000000 2.000000 2.003000 2.003000 2.025000 2.045000 2.031000 2.027000 2.083000 2.055000 2.040000 2.035000 2.024000 2.024000 
2.033000 2.024000 2.026000 2.036000 2.042000 2.027000 2.024000 2.024000 2.024000 2.023000 2.000000 1.982000 1.961000 1.958000 1.973000 1.977000 1.977000 1.977000 1.966000 1.956000 1.954000 1.956000 1.960000 1.963000 1.967000 1.985000 2.000000 2.000000 2.000000 2.000000 2.004000 2.025000 2.009000 2.005000 2.005000 2.005000 2.007000 2.007000 2.005000 2.005000 
2.027000 2.024000 2.024000 2.033000 2.040000 2.024000 2.024000 2.024000 2.024000 2.022000 1.983000 1.977000 1.956000 1.954000 1.972000 1.990000 1.983000 1.977000 1.964000 1.954000 1.954000 1.954000 1.954000 1.954000 1.960000 1.978000 1.983000 1.984000 1.999000 1.983000 1.983000 2.003000 2.001000 2.000000 1.988000 1.983000 1.983000 1.983000 1.983000 1.983000 
2.024000 2.024000 2.024000 2.027000 2.029000 2.024000 2.024000 2.024000 2.024000 2.021000 1.977000 1.977000 1.956000 1.954000 1.972000 1.994000 1.984000 1.977000 1.973000 1.970000 1.963000 1.954000 1.949000 1.939000 1.944000 1.961000 1.963000 1.979000 1.999000 1.978000 1.977000 1.997000 2.000000 2.000000 1.984000 1.977000 1.977000 1.977000 1.977000 1.977000 
2.024000 2.024000 2.024000 2.024000 2.024000 2.024000 2.024000 2.024000 2.024000 2.022000 1.992000 1.992000 1.985000 1.997000 2.006000 2.013000 2.000000 1.992000 1.983000 1.977000 1.966000 1.954000 1.946000 1.932000 1.937000 1.954000 1.957000 1.979000 2.000000 1.992000 1.992000 1.999000 2.000000 2.000000 1.984000 1.977000 1.986000 1.984000 1.977000 1.977000 
2.024000 2.024000 2.024000 2.024000 2.024000 2.024000 2.024000 2.024000 2.024000 2.023000 2.000000 2.000000 2.000000 2.020000 2.024000 2.024000 2.008000 2.000000 1.995000 1.991000 1.986000 1.981000 1.969000 1.945000 1.947000 1.954000 1.959000 1.991000 2.000000 2.014000 2.014000 2.014000 2.003000 1.990000 1.980000 1.977000 1.991000 1.987000 1.977000 1.977000 
2.024000 2.024000 2.024000 2.024000 2.024000 2.024000 2.024000 2.024000 2.024000 2.023000 2.013000 2.013000 2.013000 2.022000 2.024000 2.024000 2.008000 2.000000 2.000000 2.000000 2.000000 2.000000 1.984000 1.954000 1.954000 1.954000 1.960000 2.000000 2.001000 2.023000 2.024000 2.024000 2.004000 1.983000 1.977000 1.977000 1.991000 1.994000 1.989000 1.984000 
2.029000 2.024000 2.024000 2.024000 2.024000 2.024000 2.024000 2.024000 2.024000 2.024000 2.024000 2.024000 2.024000 2.024000 2.024000 2.024000 2.016000 2.012000 2.005000 2.000000 2.000000 2.000000 1.992000 1.976000 1.976000 1.976000 1.981000 2.012000 2.012000 2.024000 2.024000 2.024000 2.004000 1.983000 1.977000 1.977000 1.991000 2.000000 2.006000 2.001000 
2.041000 2.029000 2.024000 2.024000 2.024000 2.024000 2.024000 2.024000 2.024000 2.024000 2.024000 2.024000 2.024000 2.024000 2.024000 2.024000 2.024000 2.024000 2.016000 2.010000 2.010000 2.006000 2.000000 1.997000 1.990000 1.994000 2.012000 2.024000 2.024000 2.024000 2.024000 2.024000 2.013000 1.993000 1.987000 1.987000 1.995000 2.000000 2.007000 2.008000 
2.048000 2.041000 2.033000 2.030000 2.024000 2.024000 2.022000 2.015000 2.015000 2.015000 2.015000 2.015000 2.023000 2.024000 2.024000 2.024000 2.024000 2.024000 2.024000 2.024000 2.020000 2.009000 1.997000 1.987000 1.977000 1.984000 2.017000 2.033000 2.033000 2.024000 2.024000 2.024000 2.024000 2.013000 2.009000 2.009000 2.004000 2.000000 2.000000 1.996000 
2.048000 1.591000 1.110000 1.454000 2.016000 2.016000 2.013000 2.000000 2.000000 2.000000 2.000000 2.000000 2.021000 2.024000 2.024000 2.024000 2.024000 2.024000 2.020000 2.012000 1.998000 1.982000 1.972000 1.962000 1.966000 1.981000 2.007000 2.048000 2.048000 2.032000 2.025000 2.024000 2.024000 2.024000 2.024000 2.024000 2.014000 2.004000 1.993000 1.978000 
1.265000 0.000000 0.000000 0.000000 2.000000 1.998000 1.994000 1.994000 1.994000 1.994000 2.000000 2.000000 2.027000 2.025000 2.024000 2.029000 2.031000 2.031000 2.010000 1.982000 1.963000 1.945000 1.928000 1.920000 1.934000 1.981000 2.007000 2.048000 2.048000 2.048000 2.026000 2.024000 2.024000 2.024000 2.029000 2.031000 2.027000 2.008000 1.974000 1.951000 
0.000000 0.000000 0.000000 0.000000 1.584000 1.994000 1.977000 1.977000 1.977000 1.978000 2.000000 2.000000 2.038000 2.027000 2.028000 2.043000 2.048000 1.657000 1.738000 1.965000 1.954000 1.945000 1.916000 1.888000 1.910000 1.982000 2.011000 2.048000 2.053000 2.053000 2.036000 2.035000 2.018000 2.026000 2.042000 2.048000 2.034000 1.998000 1.966000 1.944000 
0.000000 0.000000 0.000000 0.000000 0.000000 1.531000 1.517000 1.517000 1.517000 1.518000 1.537000 1.979000 2.022000 2.024000 2.046000 2.052000 1.730000 0.000000 0.000000 1.507000 1.498000 1.677000 1.923000 1.899000 1.919000 1.899000 1.625000 2.054000 2.059000 1.609000 1.598000 1.598000 1.907000 2.022000 2.042000 2.044000 2.034000 1.750000 1.508000 1.490000 
0.000000 0.000000 0.000000 0.000000 0.000000 0.000000 0.000000 0.000000 0.000000 0.000000 0.000000 1.578000 1.711000 1.711000 1.998000 2.076000 0.000000 0.000000 0.000000 0.000000 0.000000 0.000000 1.649000 1.649000 1.659000 1.205000 0.000000 1.755000 1.676000 0.000000 0.000000 0.000000 1.455000 1.975000 2.004000 2.021000 2.038000 0.000000 0.000000 0.000000 
0.000000 0.000000 0.000000 0.000000 0.000000 0.000000 0.000000 0.000000 0.000000 0.000000 0.000000 0.000000 0.000000 0.000000 1.470000 2.098000 0.000000 0.000000 0.000000 0.000000 0.000000 0.000000 0.000000 0.000000 0.000000 0.000000 0.000000 0.000000 0.000000 0.000000 0.000000 0.000000 1.455000 1.960000 1.954000 2.000000 2.038000 0.000000 0.000000 0.000000 
0.000000 0.000000 0.000000 0.000000 0.000000 0.000000 0.000000 0.000000 0.000000 0.000000 0.000000 0.000000 0.000000 0.000000 0.000000 0.000000 0.000000 0.000000 0.000000 0.000000 0.000000 0.000000 0.000000 0.000000 0.000000 0.000000 0.000000 0.000000 0.000000 0.000000 0.000000 0.000000 0.000000 0.000000 0.000000 0.000000 0.000000 0.000000 0.000000 0.000000 
0.000000 0.000000 0.000000 0.000000 0.000000 0.000000 0.000000 0.000000 0.000000 0.000000 0.000000 0.000000 0.000000 0.000000 0.000000 0.000000 0.000000 0.000000 0.000000 0.000000 0.000000 0.000000 0.000000 0.000000 0.000000 0.000000 0.000000 0.000000 0.000000 0.000000 0.000000 0.000000 0.000000 0.000000 0.000000 0.000000 0.000000 0.000000 0.000000 0.000000 
0.000000 0.000000 0.000000 0.000000 0.000000 0.000000 0.000000 0.000000 0.000000 0.000000 0.000000 0.000000 0.000000 0.000000 0.000000 0.000000 0.000000 0.000000 0.000000 0.000000 0.000000 0.000000 0.000000 0.000000 0.000000 0.000000 0.000000 0.000000 0.000000 0.000000 0.000000 0.000000 0.000000 0.000000 0.000000 0.000000 0.000000 0.000000 0.000000 0.000000 
0.000000 0.000000 0.000000 0.000000 0.000000 0.000000 0.000000 0.000000 0.000000 0.000000 0.000000 0.000000 0.000000 0.000000 0.000000 0.000000 0.000000 0.000000 0.000000 0.000000 0.000000 0.000000 0.000000 0.000000 0.000000 0.000000 0.000000 0.000000 0.000000 0.000000 0.000000 0.000000 0.000000 0.000000 0.000000 0.000000 0.000000 0.000000 0.000000 0.000000 
0.000000 0.000000 0.000000 0.000000 0.000000 0.000000 0.000000 0.000000 0.000000 0.000000 0.000000 0.000000 0.000000 0.000000 0.000000 0.000000 0.000000 0.000000 0.000000 0.000000 0.000000 0.000000 0.000000 0.000000 0.000000 0.000000 0.000000 0.000000 0.000000 0.000000 0.000000 0.000000 0.000000 0.000000 0.000000 0.000000 0.000000 0.000000 0.000000 0.000000 
0.000000 0.000000 0.000000 0.000000 0.000000 0.000000 0.000000 0.000000 0.000000 0.000000 0.000000 0.000000 0.000000 0.000000 0.000000 0.000000 0.000000 0.000000 0.000000 0.000000 0.000000 0.000000 0.000000 0.000000 0.000000 0.000000 0.000000 0.000000 0.000000 0.000000 0.000000 0.000000 0.000000 0.000000 0.000000 0.000000 0.000000 0.000000 0.000000 0.000000 
0.000000 0.000000 0.000000 0.000000 0.000000 0.000000 0.000000 0.000000 0.000000 0.000000 0.000000 0.000000 0.000000 0.000000 0.000000 0.000000 0.000000 0.000000 0.000000 0.000000 0.000000 0.000000 0.000000 0.000000 0.000000 0.000000 0.000000 0.000000 0.000000 0.000000 0.000000 0.000000 0.000000 0.000000 0.000000 0.000000 0.000000 0.000000 0.000000 0.000000 
0.000000 0.000000 0.000000 0.000000 0.000000 0.000000 0.000000 0.000000 0.000000 0.000000 0.000000 0.000000 0.000000 0.000000 0.000000 0.000000 0.000000 0.000000 0.000000 0.000000 0.000000 0.000000 0.000000 0.000000 0.000000 0.000000 0.000000 0.000000 0.000000 0.000000 0.000000 0.000000 0.000000 0.000000 0.000000 0.000000 0.000000 0.000000 0.000000 0.000000 
0.000000 0.000000 0.000000 0.000000 0.000000 0.000000 0.000000 0.000000 0.000000 0.000000 0.000000 0.000000 0.000000 0.000000 0.000000 0.000000 0.000000 0.000000 0.000000 0.000000 0.000000 0.000000 0.000000 0.000000 0.000000 0.000000 0.000000 0.000000 0.000000 0.000000 0.000000 0.000000 0.000000 0.000000 0.000000 0.000000 0.000000 0.000000 0.000000 0.000000 
0.000000 0.000000 0.000000 0.000000 0.000000 0.000000 0.000000 0.000000 0.000000 0.000000 0.000000 0.000000 0.000000 0.000000 0.000000 0.000000 0.000000 0.000000 0.000000 0.000000 0.000000 0.000000 0.000000 0.000000 0.000000 0.000000 0.000000 0.000000 0.000000 0.000000 0.000000 0.000000 0.000000 0.000000 0.000000 0.000000 0.000000 0.000000 0.000000 0.000000 
0.000000 0.000000 0.000000 0.000000 0.000000 0.000000 0.000000 0.000000 0.000000 0.000000 0.000000 0.000000 0.000000 0.000000 0.000000 0.000000 0.000000 0.000000 0.000000 0.000000 0.000000 0.000000 0.000000 0.000000 0.000000 0.000000 0.000000 0.000000 0.000000 0.000000 0.000000 0.000000 0.000000 0.000000 0.000000 0.000000 0.000000 0.000000 0.000000 0.000000 
