0.000000,0.000000,0.000000,0.000000,0.000000,0.000000,0.000000,0.000000,0.000000,0.000000,0.000000,0.000000,0.000000,0.000000,0.000000,0.000000,0.000000,0.000000,0.000000,0.000000,0.000000,0.000000,0.000000,0.000000,0.000000,0.000000,0.000000,0.000000,0.000000,0.000000,0.000000,0.000000,0.000000,0.000000,0.000000,0.000000,0.000000,0.000000,0.000000,0.000000,
0.000000,0.000000,0.000000,0.000000,0.000000,0.000000,0.000000,0.000000,0.000000,0.000000,0.000000,0.000000,0.000000,0.000000,0.000000,0.000000,0.000000,0.000000,0.000000,0.000000,0.000000,0.000000,0.000000,0.000000,0.000000,0.000000,0.000000,0.000000,0.000000,0.000000,0.000000,0.000000,0.000000,0.000000,0.000000,0.000000,0.000000,0.000000,0.000000,0.000000,
0.000000,0.000000,0.000000,0.000000,0.000000,0.000000,0.000000,0.000000,0.000000,0.000000,0.000000,0.000000,0.000000,0.000000,0.000000,0.000000,0.000000,0.000000,0.000000,0.000000,0.000000,0.000000,0.000000,0.000000,0.000000,0.000000,0.000000,0.000000,0.000000,0.000000,0.000000,0.000000,0.000000,0.000000,0.000000,0.000000,0.000000,0.000000,0.000000,0.000000,
0.000000,0.000000,0.000000,0.000000,0.000000,0.000000,0.000000,0.000000,0.000000,0.000000,0.000000,0.000000,0.000000,0.000000,0.000000,0.000000,0.000000,0.000000,0.000000,0.000000,0.000000,0.000000,0.000000,0.000000,0.000000,0.000000,0.000000,0.000000,0.000000,0.000000,0.000000,0.000000,0.000000,0.000000,0.000000,0.000000,0.000000,0.000000,0.000000,0.000000,
0.000000,0.000000,0.000000,0.000000,0.000000,0.000000,0.000000,0.000000,0.000000,0.000000,0.000000,0.000000,0.000000,0.000000,0.000000,0.000000,0.000000,0.000000,0.000000,0.000000,0.000000,0.000000,0.000000,0.000000,0.000000,0.000000,0.000000,0.000000,0.000000,0.000000,0.000000,0.000000,0.000000,0.000000,0.000000,0.000000,0.000000,0.000000,0.000000,0.000000,
0.000000,0.000000,0.000000,0.000000,0.000000,0.000000,0.000000,0.000000,0.000000,0.000000,0.000000,0.000000,0.000000,0.000000,0.000000,0.000000,0.000000,0.000000,0.000000,0.000000,0.000000,0.000000,0.000000,0.000000,0.000000,0.000000,0.000000,0.000000,0.000000,0.000000,0.000000,0.000000,0.000000,0.000000,0.000000,0.000000,0.000000,0.000000,0.000000,0.000000,
0.000000,0.000000,0.000000,0.000000,0.000000,0.000000,0.000000,0.000000,0.000000,0.000000,0.000000,0.000000,0.000000,0.000000,0.000000,0.000000,0.000000,0.000000,0.000000,0.000000,0.000000,0.000000,0.000000,0.000000,0.000000,0.000000,0.000000,0.000000,0.000000,0.000000,0.000000,0.000000,0.000000,0.000000,0.000000,0.000000,0.000000,0.000000,0.000000,0.000000,
0.000000,0.000000,0.000000,0.000000,0.000000,0.000000,0.000000,0.000000,0.000000,0.000000,0.000000,0.000000,0.000000,0.000000,0.000000,0.000000,0.000000,0.000000,0.000000,0.000000,0.000000,0.000000,0.000000,0.000000,0.000000,0.000000,0.000000,0.000000,0.000000,0.000000,0.000000,0.000000,0.000000,0.000000,0.000000,0.000000,0.000000,0.000000,0.000000,0.000000,
0.000000,0.000000,0.000000,0.000000,0.000000,0.000000,0.000000,0.000000,0.000000,0.000000,0.000000,0.000000,0.000000,0.000000,0.000000,0.000000,0.000000,0.000000,0.000000,0.000000,0.000000,0.000000,0.000000,0.000000,0.000000,0.000000,0.000000,0.000000,0.000000,0.000000,0.000000,0.000000,0.000000,0.000000,0.000000,0.000000,0.000000,0.000000,0.000000,0.000000,
0.000000,0.000000,0.000000,0.000000,0.000000,0.000000,0.000000,0.000000,0.000000,0.000000,0.000000,0.000000,0.000000,0.000000,0.000000,0.000000,0.000000,0.000000,0.000000,0.000000,0.000000,0.000000,0.000000,0.000000,0.000000,0.000000,0.000000,0.000000,0.000000,0.000000,0.000000,0.000000,0.000000,0.000000,0.000000,0.000000,0.000000,0.000000,0.000000,0.000000,
0.000000,0.000000,0.000000,0.000000,0.000000,0.000000,0.000000,0.000000,0.000000,0.000000,0.000000,0.000000,0.000000,0.000000,0.000000,0.000000,0.000000,0.000000,0.000000,0.000000,0.000000,0.000000,0.000000,0.000000,0.000000,0.000000,0.000000,0.000000,0.000000,0.000000,0.000000,0.000000,0.000000,0.000000,0.000000,0.000000,0.000000,0.000000,0.000000,0.000000,
2.512000,2.500000,2.485000,2.500000,2.481000,2.451000,2.500000,2.498000,2.486000,2.529000,2.565000,2.570000,2.597000,2.656000,2.720000,2.722000,2.748000,2.819000,2.905000,2.875000,2.875000,2.875000,2.884000,2.919000,2.943000,2.958000,2.979000,2.979000,2.980000,2.959000,2.922000,2.435000,2.187000,2.171000,2.132000,2.122000,2.122000,2.122000,2.122000,2.103000,
2.485000,2.485000,2.485000,2.485000,2.470000,2.084000,1.853000,2.290000,2.502000,2.509000,2.531000,2.560000,2.615000,2.686000,2.722000,2.745000,2.256000,2.247000,2.222000,2.182000,2.163000,2.160000,2.142000,2.100000,2.101000,2.101000,2.101000,2.101000,2.124000,2.155000,2.165000,2.164000,2.150000,2.144000,2.144000,2.143000,2.143000,2.144000,2.144000,2.163000,
2.455000,2.488000,2.488000,2.488000,2.456000,2.081000,1.863000,1.919000,2.291000,2.092000,2.000000,2.016000,2.017000,2.584000,2.679000,2.672000,2.227000,2.134000,2.136000,2.138000,2.126000,2.078000,2.079000,2.087000,2.101000,2.101000,2.100000,2.099000,2.122000,2.142000,2.153000,2.148000,2.142000,2.142000,2.142000,2.124000,2.120000,2.140000,2.142000,2.142000,
2.145000,2.426000,2.429000,2.433000,2.159000,1.961000,1.953000,1.948000,1.997000,2.001000,1.997000,2.014000,1.999000,1.997000,2.016000,2.016000,2.018000,2.038000,2.054000,2.072000,2.080000,2.054000,2.059000,2.080000,2.095000,2.095000,2.086000,2.074000,2.095000,2.115000,2.116000,2.118000,2.117000,2.116000,2.116000,2.101000,2.098000,2.117000,2.119000,2.116000,
1.916000,1.888000,1.911000,1.935000,1.938000,1.953000,1.972000,1.978000,1.978000,1.975000,1.974000,1.990000,1.976000,1.974000,1.993000,1.993000,1.998000,2.014000,2.000000,1.997000,2.000000,2.013000,2.017000,2.033000,2.059000,2.056000,2.048000,2.039000,2.048000,2.066000,2.075000,2.088000,2.082000,2.076000,2.076000,2.076000,2.076000,2.098000,2.101000,2.077000,
1.896000,1.888000,1.888000,1.898000,1.916000,1.948000,1.962000,1.959000,1.958000,1.946000,1.943000,1.956000,1.941000,1.939000,1.962000,1.962000,1.978000,1.992000,1.994000,1.981000,1.981000,1.985000,2.001000,2.029000,2.049000,2.039000,2.039000,2.039000,2.039000,2.039000,2.052000,2.057000,2.055000,2.052000,2.051000,2.055000,2.055000,2.096000,2.101000,2.061000,
1.884000,1.884000,1.884000,1.891000,1.907000,1.935000,1.947000,1.941000,1.938000,1.938000,1.942000,1.943000,1.926000,1.924000,1.956000,1.957000,1.962000,1.963000,1.977000,1.981000,1.981000,1.981000,1.987000,2.013000,2.039000,2.039000,2.039000,2.039000,2.042000,2.044000,2.054000,2.046000,2.039000,2.024000,2.019000,2.035000,2.039000,2.095000,2.101000,2.071000,
1.868000,1.871000,1.871000,1.871000,1.881000,1.896000,1.901000,1.917000,1.924000,1.924000,1.940000,1.943000,1.926000,1.924000,1.943000,1.943000,1.962000,1.962000,1.965000,1.981000,1.981000,1.982000,1.992000,2.017000,2.039000,2.039000,2.039000,2.039000,2.050000,2.063000,2.066000,2.052000,2.045000,2.030000,2.025000,2.046000,2.057000,2.097000,2.101000,2.101000,
1.858000,1.868000,1.871000,1.871000,1.881000,1.888000,1.888000,1.913000,1.924000,1.924000,1.940000,1.949000,1.932000,1.930000,1.949000,1.950000,1.962000,1.962000,1.966000,1.987000,1.987000,1.991000,2.006000,2.023000,2.035000,2.039000,2.039000,2.039000,2.050000,2.072000,2.080000,2.067000,2.060000,2.050000,2.046000,2.074000,2.098000,2.101000,2.101000,2.108000,
1.853000,1.861000,1.871000,1.871000,1.885000,1.891000,1.888000,1.913000,1.924000,1.924000,1.928000,1.939000,1.943000,1.943000,1.962000,1.962000,1.962000,1.963000,1.973000,2.001000,2.007000,2.007000,2.011000,2.019000,2.024000,2.035000,2.039000,2.039000,2.050000,2.063000,2.064000,2.067000,2.062000,2.060000,2.066000,2.078000,2.098000,2.101000,2.101000,2.122000,
1.853000,1.861000,1.875000,1.878000,1.894000,1.900000,1.896000,1.915000,1.924000,1.930000,1.911000,1.906000,1.939000,1.943000,1.962000,1.970000,1.970000,1.979000,1.990000,2.002000,2.013000,2.019000,2.019000,2.019000,2.019000,2.027000,2.039000,2.043000,2.054000,2.048000,2.039000,2.066000,2.066000,2.060000,2.076000,2.080000,2.098000,2.101000,2.109000,2.122000,
1.861000,1.869000,1.888000,1.896000,1.907000,1.914000,1.914000,1.921000,1.924000,1.932000,1.925000,1.923000,1.949000,1.952000,1.970000,1.981000,1.982000,2.000000,2.000000,2.000000,2.004000,2.019000,2.019000,2.019000,2.019000,2.027000,2.039000,2.049000,2.060000,2.048000,2.039000,2.066000,2.066000,2.060000,2.076000,2.080000,2.098000,2.101000,2.121000,2.122000,
1.879000,1.888000,1.906000,1.915000,1.920000,1.924000,1.924000,1.924000,1.924000,1.924000,1.940000,1.943000,1.960000,1.962000,1.981000,1.981000,1.982000,2.000000,2.001000,2.009000,2.012000,2.019000,2.019000,2.019000,2.019000,2.027000,2.039000,2.049000,2.060000,2.054000,2.056000,2.073000,2.073000,2.070000,2.078000,2.089000,2.099000,2.110000,2.121000,2.122000,
1.898000,1.906000,1.920000,1.924000,1.924000,1.924000,1.924000,1.924000,1.924000,1.932000,1.941000,1.943000,1.960000,1.962000,1.981000,1.981000,1.982000,2.001000,2.011000,2.019000,2.017000,2.009000,2.012000,2.023000,2.030000,2.034000,2.039000,2.049000,2.060000,2.060000,2.072000,2.080000,2.080000,2.080000,2.080000,2.097000,2.101000,2.120000,2.122000,2.122000,
1.910000,1.920000,1.924000,1.924000,1.924000,1.924000,1.924000,1.924000,1.924000,1.939000,1.943000,1.943000,1.960000,1.962000,1.981000,1.981000,1.983000,2.013000,2.029000,2.019000,2.015000,2.000000,2.006000,2.026000,2.039000,2.034000,2.027000,2.038000,2.048000,2.055000,2.072000,2.080000,2.080000,2.080000,2.089000,2.109000,2.113000,2.121000,2.122000,2.122000,
1.909000,1.913000,1.913000,1.913000,1.919000,1.924000,1.924000,1.924000,1.924000,1.930000,1.941000,1.943000,1.950000,1.950000,1.992000,1.993000,2.006000,2.032000,2.036000,2.019000,2.017000,2.012000,2.021000,2.047000,2.042000,2.023000,2.019000,2.023000,2.027000,2.038000,2.060000,2.076000,2.089000,2.093000,2.099000,2.108000,2.109000,2.097000,2.096000,2.121000,
1.894000,1.894000,1.894000,1.901000,1.916000,1.924000,1.924000,1.924000,1.924000,1.924000,1.940000,1.943000,1.943000,1.943000,0.000000,0.000000,2.087000,2.094000,2.093000,1.770000,0.000000,0.000000,2.083000,2.064000,2.036000,2.014000,2.006000,2.006000,2.006000,2.018000,2.047000,2.073000,2.095000,2.101000,2.101000,2.101000,2.101000,2.082000,2.080000,2.121000,
1.888000,1.888000,1.888000,0.000000,0.000000,0.000000,1.327000,1.924000,1.924000,1.934000,1.942000,0.000000,0.000000,0.000000,0.000000,0.000000,0.000000,2.184000,1.914000,0.000000,0.000000,0.000000,0.000000,2.066000,2.031000,2.011000,2.000000,2.000000,2.000000,2.011000,0.000000,0.000000,0.000000,0.000000,0.000000,0.000000,0.000000,0.000000,0.000000,0.000000,
0.000000,0.000000,0.000000,0.000000,0.000000,0.000000,0.000000,0.000000,0.000000,0.000000,0.000000,0.000000,0.000000,0.000000,0.000000,0.000000,0.000000,0.000000,0.000000,0.000000,0.000000,0.000000,0.000000,0.000000,0.000000,0.000000,0.000000,0.000000,0.000000,0.000000,0.000000,0.000000,0.000000,0.000000,0.000000,0.000000,0.000000,0.000000,0.000000,0.000000,
0.000000,0.000000,0.000000,0.000000,0.000000,0.000000,0.000000,0.000000,0.000000,0.000000,0.000000,0.000000,0.000000,0.000000,0.000000,0.000000,0.000000,0.000000,0.000000,0.000000,0.000000,0.000000,0.000000,0.000000,0.000000,0.000000,0.000000,0.000000,0.000000,0.000000,0.000000,0.000000,0.000000,0.000000,0.000000,0.000000,0.000000,0.000000,0.000000,0.000000,
0.000000,0.000000,0.000000,0.000000,0.000000,0.000000,0.000000,0.000000,0.000000,0.000000,0.000000,0.000000,0.000000,0.000000,0.000000,0.000000,0.000000,0.000000,0.000000,0.000000,0.000000,0.000000,0.000000,0.000000,0.000000,0.000000,0.000000,0.000000,0.000000,0.000000,0.000000,0.000000,0.000000,0.000000,0.000000,0.000000,0.000000,0.000000,0.000000,0.000000,
0.000000,0.000000,0.000000,0.000000,0.000000,0.000000,0.000000,0.000000,0.000000,0.000000,0.000000,0.000000,0.000000,0.000000,0.000000,0.000000,0.000000,0.000000,0.000000,0.000000,0.000000,0.000000,0.000000,0.000000,0.000000,0.000000,0.000000,0.000000,0.000000,0.000000,0.000000,0.000000,0.000000,0.000000,0.000000,0.000000,0.000000,0.000000,0.000000,0.000000,
0.000000,0.000000,0.000000,0.000000,0.000000,0.000000,0.000000,0.000000,0.000000,0.000000,0.000000,0.000000,0.000000,0.000000,0.000000,0.000000,0.000000,0.000000,0.000000,0.000000,0.000000,0.000000,0.000000,0.000000,0.000000,0.000000,0.000000,0.000000,0.000000,0.000000,0.000000,0.000000,0.000000,0.000000,0.000000,0.000000,0.000000,0.000000,0.000000,0.000000,
0.000000,0.000000,0.000000,0.000000,0.000000,0.000000,0.000000,0.000000,0.000000,0.000000,0.000000,0.000000,0.000000,0.000000,0.000000,0.000000,0.000000,0.000000,0.000000,0.000000,0.000000,0.000000,0.000000,0.000000,0.000000,0.000000,0.000000,0.000000,0.000000,0.000000,0.000000,0.000000,0.000000,0.000000,0.000000,0.000000,0.000000,0.000000,0.000000,0.000000,
0.000000,0.000000,0.000000,0.000000,0.000000,0.000000,0.000000,0.000000,0.000000,0.000000,0.000000,0.000000,0.000000,0.000000,0.000000,0.000000,0.000000,0.000000,0.000000,0.000000,0.000000,0.000000,0.000000,0.000000,0.000000,0.000000,0.000000,0.000000,0.000000,0.000000,0.000000,0.000000,0.000000,0.000000,0.000000,0.000000,0.000000,0.000000,0.000000,0.000000,
0.000000,0.000000,0.000000,0.000000,0.000000,0.000000,0.000000,0.000000,0.000000,0.000000,0.000000,0.000000,0.000000,0.000000,0.000000,0.000000,0.000000,0.000000,0.000000,0.000000,0.000000,0.000000,0.000000,0.000000,0.000000,0.000000,0.000000,0.000000,0.000000,0.000000,0.000000,0.000000,0.000000,0.000000,0.000000,0.000000,0.000000,0.000000,0.000000,0.000000,
0.000000,0.000000,0.000000,0.000000,0.000000,0.000000,0.000000,0.000000,0.000000,0.000000,0.000000,0.000000,0.000000,0.000000,0.000000,0.000000,0.000000,0.000000,0.000000,0.000000,0.000000,0.000000,0.000000,0.000000,0.000000,0.000000,0.000000,0.000000,0.000000,0.000000,0.000000,0.000000,0.000000,0.000000,0.000000,0.000000,0.000000,0.000000,0.000000,0.000000,
0.000000,0.000000,0.000000,0.000000,0.000000,0.000000,0.000000,0.000000,0.000000,0.000000,0.000000,0.000000,0.000000,0.000000,0.000000,0.000000,0.000000,0.000000,0.000000,0.000000,0.000000,0.000000,0.000000,0.000000,0.000000,0.000000,0.000000,0.000000,0.000000,0.000000,0.000000,0.000000,0.000000,0.000000,0.000000,0.000000,0.000000,0.000000,0.000000,0.000000,
0.000000,0.000000,0.000000,0.000000,0.000000,0.000000,0.000000,0.000000,0.000000,0.000000,0.000000,0.000000,0.000000,0.000000,0.000000,0.000000,0.000000,0.000000,0.000000,0.000000,0.000000,0.000000,0.000000,0.000000,0.000000,0.000000,0.000000,0.000000,0.000000,0.000000,0.000000,0.000000,0.000000,0.000000,0.000000,0.000000,0.000000,0.000000,0.000000,0.000000,
