40 40
0.000000 0.000000 0.000000 0.000000 0.000000 0.000000 0.000000 0.000000 0.000000 0.000000 0.000000 0.000000 2.433000 2.398000 2.338000 2.229000 2.104000 2.012000 1.928000 1.890000 1.863000 1.863000 1.848000 1.811000 1.797000 1.797000 1.797000 1.797000 0.000000 0.000000 0.000000 0.000000 0.000000 0.000000 0.000000 0.000000 0.000000 0.000000 0.000000 0.000000 
0.000000 0.000000 0.000000 0.000000 0.000000 0.000000 0.000000 0.000000 0.000000 0.000000 0.000000 0.000000 2.380000 2.329000 2.242000 2.160000 2.078000 2.009000 1.944000 1.907000 1.879000 1.879000 1.860000 1.815000 1.792000 1.784000 1.782000 1.782000 0.000000 0.000000 0.000000 0.000000 0.000000 0.000000 0.000000 0.000000 0.000000 0.000000 0.000000 0.000000 
0.000000 0.000000 0.000000 0.000000 0.000000 0.000000 0.000000 0.000000 0.000000 0.000000 0.000000 0.000000 2.380000 2.329000 2.242000 2.160000 2.078000 2.028000 1.981000 1.944000 1.916000 1.916000 1.888000 1.823000 1.781000 1.754000 1.748000 1.748000 0.000000 0.000000 0.000000 0.000000 0.000000 0.000000 0.000000 0.000000 0.000000 0.000000 0.000000 0.000000 
0.000000 0.000000 0.000000 0.000000 0.000000 0.000000 0.000000 0.000000 0.000000 0.000000 0.000000 0.000000 2.525000 2.490000 2.432000 2.285000 2.109000 2.059000 2.020000 1.982000 1.950000 1.938000 1.900000 1.826000 1.776000 1.742000 1.734000 1.734000 0.000000 0.000000 0.000000 0.000000 0.000000 0.000000 0.000000 0.000000 0.000000 0.000000 0.000000 0.000000 
0.000000 0.000000 0.000000 0.000000 0.000000 0.000000 0.000000 0.000000 0.000000 0.000000 0.000000 0.000000 2.767000 2.760000 2.749000 2.495000 2.162000 2.099000 2.059000 2.020000 1.983000 1.950000 1.900000 1.826000 1.776000 1.742000 1.734000 1.734000 0.000000 0.000000 0.000000 0.000000 0.000000 0.000000 0.000000 0.000000 0.000000 0.000000 0.000000 0.000000 
0.000000 0.000000 0.000000 0.000000 0.000000 0.000000 0.000000 0.000000 0.000000 0.000000 0.000000 0.000000 2.784000 2.784000 2.784000 2.521000 2.172000 2.108000 2.070000 2.047000 2.020000 1.982000 1.935000 1.877000 1.841000 1.821000 1.816000 1.816000 0.000000 0.000000 0.000000 0.000000 0.000000 0.000000 0.000000 0.000000 0.000000 0.000000 0.000000 0.000000 
0.000000 0.000000 0.000000 0.000000 0.000000 0.000000 0.000000 0.000000 0.000000 0.000000 0.000000 0.000000 2.732000 2.732000 2.732000 2.491000 2.170000 2.108000 2.072000 2.070000 2.059000 2.020000 1.981000 1.942000 1.926000 1.924000 1.924000 1.924000 0.000000 0.000000 0.000000 0.000000 0.000000 0.000000 0.000000 0.000000 0.000000 0.000000 0.000000 0.000000 
0.000000 0.000000 0.000000 0.000000 0.000000 0.000000 0.000000 0.000000 0.000000 0.000000 0.000000 0.000000 2.729000 2.729000 2.729000 2.473000 2.134000 2.090000 2.070000 2.050000 2.030000 2.011000 1.984000 1.946000 1.931000 1.931000 1.946000 1.965000 0.000000 0.000000 0.000000 0.000000 0.000000 0.000000 0.000000 0.000000 0.000000 0.000000 0.000000 0.000000 
0.000000 0.000000 0.000000 0.000000 0.000000 0.000000 0.000000 0.000000 0.000000 0.000000 0.000000 0.000000 2.729000 2.717000 2.697000 2.437000 2.098000 2.070000 2.065000 2.027000 2.000000 2.000000 1.985000 1.949000 1.935000 1.935000 1.962000 1.998000 0.000000 0.000000 0.000000 0.000000 0.000000 0.000000 0.000000 0.000000 0.000000 0.000000 0.000000 0.000000 
0.000000 0.000000 0.000000 0.000000 0.000000 0.000000 0.000000 0.000000 0.000000 0.000000 0.000000 0.000000 2.729000 2.603000 2.386000 2.225000 2.083000 2.050000 2.027000 2.012000 2.000000 2.000000 1.994000 1.979000 1.973000 1.973000 1.984000 1.999000 0.000000 0.000000 0.000000 0.000000 0.000000 0.000000 0.000000 0.000000 0.000000 0.000000 0.000000 0.000000 
0.000000 0.000000 0.000000 0.000000 0.000000 0.000000 0.000000 0.000000 0.000000 0.000000 0.000000 0.000000 2.642000 2.460000 2.149000 2.068000 2.062000 2.030000 2.000000 2.000000 2.000000 2.000000 2.000000 2.000000 2.000000 2.000000 2.000000 2.000000 0.000000 0.000000 0.000000 0.000000 0.000000 0.000000 0.000000 0.000000 0.000000 0.000000 0.000000 0.000000 
0.000000 0.000000 0.000000 0.000000 0.000000 0.000000 0.000000 0.000000 0.000000 0.000000 0.000000 0.000000 2.323000 2.243000 2.106000 2.051000 2.024000 2.011000 2.000000 2.000000 2.000000 2.000000 2.000000 2.000000 2.000000 2.000000 2.000000 2.000000 0.000000 0.000000 0.000000 0.000000 0.000000 0.000000 0.000000 0.000000 0.000000 0.000000 0.000000 0.000000 
0.000000 0.000000 0.000000 0.000000 0.000000 0.000000 0.000000 0.000000 0.000000 0.000000 0.000000 0.000000 2.145000 2.122000 2.082000 2.042000 2.003000 2.000000 2.000000 2.000000 2.000000 2.000000 2.000000 2.000000 2.000000 2.000000 2.000000 2.000000 0.000000 0.000000 0.000000 0.000000 0.000000 0.000000 0.000000 0.000000 0.000000 0.000000 0.000000 0.000000 
0.000000 0.000000 0.000000 0.000000 0.000000 0.000000 0.000000 0.000000 0.000000 0.000000 0.000000 0.000000 2.145000 2.122000 2.082000 2.042000 2.003000 2.000000 2.000000 2.000000 2.000000 2.000000 2.000000 2.000000 2.000000 2.000000 2.000000 2.000000 0.000000 0.000000 0.000000 0.000000 0.000000 0.000000 0.000000 0.000000 0.000000 0.000000 0.000000 0.000000 
0.000000 0.000000 0.000000 0.000000 0.000000 0.000000 0.000000 0.000000 0.000000 0.000000 0.000000 0.000000 2.371000 2.276000 2.112000 2.042000 2.003000 2.000000 2.000000 2.000000 2.000000 2.000000 2.000000 2.000000 2.000000 2.000000 2.000000 2.000000 0.000000 0.000000 0.000000 0.000000 0.000000 0.000000 0.000000 0.000000 0.000000 0.000000 0.000000 0.000000 
0.000000 0.000000 0.000000 0.000000 0.000000 0.000000 0.000000 0.000000 0.000000 0.000000 0.000000 0.000000 2.742000 2.528000 2.162000 2.042000 2.003000 2.000000 2.000000 2.000000 2.000000 2.000000 2.000000 2.000000 2.000000 2.000000 2.000000 2.000000 0.000000 0.000000 0.000000 0.000000 0.000000 0.000000 0.000000 0.000000 0.000000 0.000000 0.000000 0.000000 
0.000000 0.000000 0.000000 0.000000 0.000000 0.000000 0.000000 0.000000 0.000000 0.000000 0.000000 0.000000 2.359000 2.221000 1.986000 1.958000 1.997000 2.000000 2.000000 2.000000 1.996000 1.980000 1.971000 1.971000 1.980000 1.996000 2.000000 2.000000 0.000000 0.000000 0.000000 0.000000 0.000000 0.000000 0.000000 0.000000 0.000000 0.000000 0.000000 0.000000 
0.000000 0.000000 0.000000 0.000000 0.000000 0.000000 0.000000 0.000000 0.000000 0.000000 0.000000 0.000000 1.764000 1.758000 1.746000 1.849000 1.989000 2.000000 2.000000 2.000000 1.990000 1.954000 1.933000 1.933000 1.955000 1.991000 2.000000 2.000000 0.000000 0.000000 0.000000 0.000000 0.000000 0.000000 0.000000 0.000000 0.000000 0.000000 0.000000 0.000000 
0.000000 0.000000 0.000000 0.000000 0.000000 0.000000 0.000000 0.000000 0.000000 0.000000 0.000000 0.000000 1.734000 1.734000 1.734000 1.859000 2.024000 2.037000 2.035000 2.015000 1.990000 1.953000 1.931000 1.931000 1.954000 1.991000 2.000000 2.000000 0.000000 0.000000 0.000000 0.000000 0.000000 0.000000 0.000000 0.000000 0.000000 0.000000 0.000000 0.000000 
0.000000 0.000000 0.000000 0.000000 0.000000 0.000000 0.000000 0.000000 0.000000 0.000000 0.000000 0.000000 1.756000 1.756000 1.756000 1.886000 2.059000 2.072000 2.068000 2.029000 1.990000 1.953000 1.931000 1.931000 1.954000 1.991000 1.867000 1.695000 0.000000 0.000000 0.000000 0.000000 0.000000 0.000000 0.000000 0.000000 0.000000 0.000000 0.000000 0.000000 
0.000000 0.000000 0.000000 0.000000 0.000000 0.000000 0.000000 0.000000 0.000000 0.000000 0.000000 0.000000 1.940000 1.940000 1.940000 1.995000 2.066000 2.072000 2.068000 2.029000 1.990000 1.953000 1.931000 1.931000 1.954000 1.991000 0.000000 0.000000 0.000000 0.000000 0.000000 0.000000 0.000000 0.000000 0.000000 0.000000 0.000000 0.000000 0.000000 0.000000 
0.000000 0.000000 0.000000 0.000000 0.000000 0.000000 0.000000 0.000000 0.000000 0.000000 0.000000 0.000000 2.072000 2.072000 2.072000 2.072000 2.072000 2.072000 2.069000 2.036000 2.003000 1.971000 1.950000 1.944000 1.961000 1.993000 0.000000 0.000000 0.000000 0.000000 0.000000 0.000000 0.000000 0.000000 0.000000 0.000000 0.000000 0.000000 0.000000 0.000000 
0.000000 0.000000 0.000000 0.000000 0.000000 0.000000 0.000000 0.000000 0.000000 0.000000 0.000000 0.000000 2.072000 2.072000 2.072000 2.072000 2.072000 2.072000 2.071000 2.059000 2.048000 2.036000 2.018000 1.991000 1.986000 1.997000 0.000000 0.000000 0.000000 0.000000 0.000000 0.000000 0.000000 0.000000 0.000000 0.000000 0.000000 0.000000 0.000000 0.000000 
0.000000 0.000000 0.000000 0.000000 0.000000 0.000000 0.000000 0.000000 0.000000 0.000000 0.000000 0.000000 2.072000 2.072000 2.072000 2.072000 2.072000 2.072000 2.072000 2.072000 2.072000 2.072000 2.064000 2.044000 1.625000 0.000000 0.000000 0.000000 0.000000 0.000000 0.000000 0.000000 0.000000 0.000000 0.000000 0.000000 0.000000 0.000000 0.000000 0.000000 
0.000000 0.000000 0.000000 0.000000 0.000000 0.000000 0.000000 0.000000 0.000000 0.000000 0.000000 0.000000 2.072000 2.072000 2.072000 2.072000 2.072000 2.072000 2.072000 2.072000 2.072000 2.072000 2.082000 2.106000 0.000000 0.000000 0.000000 0.000000 0.000000 0.000000 0.000000 0.000000 0.000000 0.000000 0.000000 0.000000 0.000000 0.000000 0.000000 0.000000 
0.000000 0.000000 0.000000 0.000000 0.000000 0.000000 0.000000 0.000000 0.000000 0.000000 0.000000 0.000000 2.047000 2.047000 2.047000 2.058000 2.071000 2.072000 2.072000 2.072000 2.072000 2.072000 1.685000 0.000000 0.000000 0.000000 0.000000 0.000000 0.000000 0.000000 0.000000 0.000000 0.000000 0.000000 0.000000 0.000000 0.000000 0.000000 0.000000 0.000000 
0.000000 0.000000 0.000000 0.000000 0.000000 0.000000 0.000000 0.000000 0.000000 0.000000 0.000000 0.000000 2.008000 2.008000 2.008000 2.034000 2.069000 2.072000 2.072000 2.072000 2.072000 2.072000 1.038000 0.000000 0.000000 1.020000 0.000000 0.000000 0.000000 0.000000 0.000000 0.000000 0.000000 0.000000 0.000000 0.000000 0.000000 0.000000 0.000000 0.000000 
0.000000 0.000000 0.000000 0.000000 0.000000 0.000000 0.000000 0.000000 0.000000 0.000000 0.000000 0.000000 2.000000 2.000000 2.000000 2.030000 2.069000 2.072000 2.072000 2.072000 2.072000 2.072000 1.411000 0.000000 0.000000 0.000000 0.000000 0.000000 0.000000 0.000000 0.000000 0.000000 0.000000 0.000000 0.000000 0.000000 0.000000 0.000000 0.000000 0.000000 
0.000000 0.000000 0.000000 0.000000 0.000000 0.000000 0.000000 0.000000 0.000000 0.000000 0.000000 0.000000 2.000000 2.000000 2.000000 2.030000 2.069000 2.072000 2.072000 2.072000 2.072000 2.072000 2.048000 1.992000 0.000000 0.000000 0.000000 0.000000 0.000000 0.000000 0.000000 0.000000 0.000000 0.000000 0.000000 0.000000 0.000000 0.000000 0.000000 0.000000 
0.000000 0.000000 0.000000 0.000000 0.000000 0.000000 0.000000 0.000000 0.000000 0.000000 0.000000 0.000000 2.038000 2.038000 2.038000 2.052000 2.071000 2.072000 2.072000 2.072000 2.072000 2.072000 2.072000 2.072000 1.300000 0.000000 0.000000 0.000000 0.000000 0.000000 0.000000 0.000000 0.000000 0.000000 0.000000 0.000000 0.000000 0.000000 0.000000 0.000000 
0.000000 0.000000 0.000000 0.000000 0.000000 0.000000 0.000000 0.000000 0.000000 0.000000 0.000000 0.000000 2.072000 2.072000 2.072000 2.072000 2.072000 2.072000 2.072000 2.072000 2.072000 2.072000 2.072000 2.072000 2.072000 2.072000 0.000000 0.000000 0.000000 0.000000 0.000000 0.000000 0.000000 0.000000 0.000000 0.000000 0.000000 0.000000 0.000000 0.000000 
0.000000 0.000000 0.000000 0.000000 0.000000 0.000000 0.000000 0.000000 0.000000 0.000000 0.000000 0.000000 2.072000 2.072000 2.072000 2.072000 2.072000 2.072000 2.072000 2.072000 2.072000 2.072000 2.072000 2.072000 2.072000 2.072000 1.494000 0.000000 0.000000 0.000000 0.000000 0.000000 0.000000 0.000000 0.000000 0.000000 0.000000 0.000000 0.000000 0.000000 
0.000000 0.000000 0.000000 0.000000 0.000000 0.000000 0.000000 0.000000 0.000000 0.000000 0.000000 0.000000 2.072000 2.072000 2.072000 2.072000 2.072000 2.072000 2.072000 2.072000 2.072000 2.072000 2.072000 2.072000 2.076000 2.082000 2.381000 2.769000 0.000000 0.000000 0.000000 0.000000 0.000000 0.000000 0.000000 0.000000 0.000000 0.000000 0.000000 0.000000 
0.000000 0.000000 0.000000 0.000000 0.000000 0.000000 0.000000 0.000000 0.000000 0.000000 0.000000 0.000000 2.072000 2.072000 2.072000 2.072000 2.072000 2.072000 2.072000 2.072000 2.072000 2.072000 2.072000 2.072000 2.089000 2.117000 2.227000 2.361000 0.000000 0.000000 0.000000 0.000000 0.000000 0.000000 0.000000 0.000000 0.000000 0.000000 0.000000 0.000000 
0.000000 0.000000 0.000000 0.000000 0.000000 0.000000 0.000000 0.000000 0.000000 0.000000 0.000000 0.000000 2.072000 2.066000 2.056000 2.054000 2.054000 2.054000 2.054000 2.054000 2.054000 2.054000 2.058000 2.068000 2.096000 2.136000 2.145000 2.145000 0.000000 0.000000 0.000000 0.000000 0.000000 0.000000 0.000000 0.000000 0.000000 0.000000 0.000000 0.000000 
0.000000 0.000000 0.000000 0.000000 0.000000 0.000000 0.000000 0.000000 0.000000 0.000000 0.000000 0.000000 2.072000 2.054000 2.022000 2.014000 2.014000 2.014000 2.014000 2.014000 2.014000 2.014000 2.028000 2.059000 2.096000 2.136000 2.145000 2.145000 0.000000 0.000000 0.000000 0.000000 0.000000 0.000000 0.000000 0.000000 0.000000 0.000000 0.000000 0.000000 
0.000000 0.000000 0.000000 0.000000 0.000000 0.000000 0.000000 0.000000 0.000000 0.000000 0.000000 0.000000 2.072000 2.049000 2.010000 2.000000 2.000000 2.000000 2.000000 2.000000 2.000000 2.000000 2.017000 2.056000 2.220000 2.467000 2.525000 2.525000 0.000000 0.000000 0.000000 0.000000 0.000000 0.000000 0.000000 0.000000 0.000000 0.000000 0.000000 0.000000 
0.000000 0.000000 0.000000 0.000000 0.000000 0.000000 0.000000 0.000000 0.000000 0.000000 0.000000 0.000000 2.072000 2.049000 2.010000 2.000000 2.000000 2.000000 2.000000 2.000000 2.000000 2.000000 2.017000 2.056000 2.414000 2.987000 0.000000 0.000000 0.000000 0.000000 0.000000 0.000000 0.000000 0.000000 0.000000 0.000000 0.000000 0.000000 0.000000 0.000000 
0.000000 0.000000 0.000000 0.000000 0.000000 0.000000 0.000000 0.000000 0.000000 0.000000 0.000000 0.000000 2.072000 2.049000 2.010000 2.000000 2.000000 2.000000 2.000000 2.000000 2.000000 2.000000 2.017000 2.056000 2.436000 0.000000 0.000000 0.000000 0.000000 0.000000 0.000000 0.000000 0.000000 0.000000 0.000000 0.000000 0.000000 0.000000 0.000000 0.000000 
0.000000 0.000000 0.000000 0.000000 0.000000 0.000000 0.000000 0.000000 0.000000 0.000000 0.000000 0.000000 2.072000 2.049000 2.010000 2.000000 2.000000 2.000000 2.000000 2.000000 2.000000 2.000000 2.017000 2.056000 2.417000 2.994000 0.000000 0.000000 0.000000 0.000000 0.000000 0.000000 0.000000 0.000000 0.000000 0.000000 0.000000 0.000000 0.000000 0.000000 
