0.000000,0.000000,0.000000,0.000000,0.000000,0.000000,0.000000,0.000000,0.000000,0.000000,0.000000,0.000000,0.000000,0.000000,0.000000,0.000000,0.000000,0.000000,0.000000,0.000000,0.000000,0.000000,0.000000,0.000000,0.000000,0.000000,0.000000,0.000000,0.000000,0.000000,0.000000,0.000000,0.000000,0.000000,0.000000,0.000000,0.000000,0.000000,0.000000,0.000000,
0.000000,0.000000,0.000000,0.000000,0.000000,0.000000,0.000000,0.000000,0.000000,0.000000,0.000000,0.000000,0.000000,0.000000,0.000000,0.000000,0.000000,0.000000,0.000000,0.000000,0.000000,0.000000,0.000000,0.000000,0.000000,0.000000,0.000000,0.000000,0.000000,0.000000,0.000000,0.000000,0.000000,0.000000,0.000000,0.000000,0.000000,0.000000,0.000000,0.000000,
0.000000,0.000000,0.000000,0.000000,0.000000,0.000000,0.000000,0.000000,0.000000,0.000000,0.000000,0.000000,0.000000,0.000000,0.000000,0.000000,0.000000,0.000000,0.000000,0.000000,0.000000,0.000000,0.000000,0.000000,0.000000,0.000000,0.000000,0.000000,0.000000,0.000000,0.000000,0.000000,0.000000,0.000000,0.000000,0.000000,0.000000,0.000000,0.000000,0.000000,
0.000000,0.000000,0.000000,0.000000,0.000000,0.000000,0.000000,0.000000,0.000000,0.000000,0.000000,0.000000,0.000000,0.000000,0.000000,0.000000,0.000000,0.000000,0.000000,0.000000,0.000000,0.000000,0.000000,0.000000,0.000000,0.000000,0.000000,0.000000,0.000000,0.000000,0.000000,0.000000,0.000000,0.000000,0.000000,0.000000,0.000000,0.000000,0.000000,0.000000,
0.000000,0.000000,0.000000,0.000000,0.000000,0.000000,0.000000,0.000000,0.000000,0.000000,0.000000,0.000000,0.000000,0.000000,0.000000,0.000000,0.000000,0.000000,0.000000,0.000000,0.000000,0.000000,0.000000,0.000000,0.000000,0.000000,0.000000,0.000000,0.000000,0.000000,0.000000,0.000000,0.000000,0.000000,0.000000,0.000000,0.000000,0.000000,0.000000,0.000000,
0.000000,0.000000,0.000000,0.000000,0.000000,0.000000,0.000000,0.000000,0.000000,0.000000,0.000000,0.000000,0.000000,0.000000,0.000000,0.000000,0.000000,0.000000,0.000000,0.000000,0.000000,0.000000,0.000000,0.000000,0.000000,0.000000,0.000000,0.000000,0.000000,0.000000,0.000000,0.000000,0.000000,0.000000,0.000000,0.000000,0.000000,0.000000,0.000000,0.000000,
0.000000,0.000000,0.000000,0.000000,0.000000,0.000000,0.000000,0.000000,0.000000,0.000000,0.000000,0.000000,0.000000,0.000000,0.000000,0.000000,0.000000,0.000000,0.000000,0.000000,0.000000,0.000000,0.000000,0.000000,0.000000,0.000000,0.000000,0.000000,0.000000,0.000000,0.000000,0.000000,0.000000,0.000000,0.000000,0.000000,0.000000,0.000000,0.000000,0.000000,
0.000000,0.000000,0.000000,0.000000,0.000000,0.000000,0.000000,0.000000,0.000000,0.000000,0.000000,0.000000,0.000000,0.000000,0.000000,0.000000,0.000000,0.000000,0.000000,0.000000,0.000000,0.000000,0.000000,0.000000,0.000000,0.000000,0.000000,0.000000,0.000000,0.000000,0.000000,0.000000,0.000000,0.000000,0.000000,0.000000,0.000000,0.000000,0.000000,0.000000,
0.000000,0.000000,0.000000,0.000000,0.000000,0.000000,0.000000,0.000000,0.000000,0.000000,0.000000,0.000000,0.000000,0.000000,0.000000,0.000000,0.000000,0.000000,0.000000,0.000000,0.000000,0.000000,0.000000,0.000000,0.000000,0.000000,0.000000,0.000000,0.000000,0.000000,0.000000,0.000000,0.000000,0.000000,0.000000,0.000000,0.000000,0.000000,0.000000,0.000000,
0.000000,0.000000,0.000000,0.000000,0.000000,0.000000,0.000000,0.000000,0.000000,0.000000,0.000000,0.000000,0.000000,0.000000,0.000000,0.000000,0.000000,0.000000,0.000000,0.000000,0.000000,0.000000,0.000000,0.000000,0.000000,0.000000,0.000000,0.000000,0.000000,0.000000,0.000000,0.000000,0.000000,0.000000,0.000000,0.000000,0.000000,0.000000,0.000000,0.000000,
0.000000,0.000000,0.000000,0.000000,0.000000,0.000000,0.000000,0.000000,0.000000,0.000000,0.000000,2.996000,2.943000,2.932000,2.932000,2.932000,2.948000,0.000000,0.000000,0.000000,2.984000,2.932000,2.932000,2.932000,2.932000,2.659000,2.128000,1.973000,1.937000,1.937000,1.937000,1.937000,1.937000,1.937000,1.911000,1.875000,1.874000,1.874000,1.874000,1.874000,
2.994000,0.000000,0.000000,0.000000,0.000000,0.000000,0.000000,2.993000,2.993000,2.999000,0.000000,2.877000,2.610000,2.557000,2.558000,2.570000,2.593000,2.640000,2.662000,2.662000,2.635000,2.601000,2.589000,2.579000,2.579000,2.410000,2.080000,1.973000,1.937000,1.937000,1.937000,1.937000,1.931000,1.918000,1.898000,1.874000,1.874000,1.874000,1.874000,1.874000,
2.944000,2.993000,0.000000,0.000000,0.000000,0.000000,2.985000,2.939000,2.939000,2.955000,0.000000,2.686000,2.075000,1.954000,1.956000,1.989000,2.023000,2.061000,2.078000,2.078000,2.075000,2.070000,2.037000,2.012000,2.012000,2.009000,2.002000,1.973000,1.937000,1.937000,1.937000,1.937000,1.921000,1.887000,1.877000,1.874000,1.874000,1.874000,1.874000,1.874000,
2.913000,2.696000,2.552000,2.552000,2.541000,2.523000,2.482000,2.441000,2.441000,2.449000,2.476000,2.293000,1.943000,1.874000,1.876000,1.912000,1.947000,1.983000,2.000000,2.000000,2.000000,1.999000,1.963000,1.937000,1.937000,1.946000,1.965000,1.955000,1.937000,1.937000,1.933000,1.915000,1.897000,1.879000,1.874000,1.874000,1.874000,1.874000,1.874000,1.874000,
2.831000,2.369000,2.062000,2.062000,2.041000,2.006000,1.970000,1.937000,1.937000,1.937000,1.937000,1.918000,1.885000,1.878000,1.880000,1.916000,1.951000,1.984000,2.000000,2.000000,2.000000,1.999000,1.963000,1.937000,1.937000,1.937000,1.937000,1.937000,1.937000,1.935000,1.925000,1.891000,1.873000,1.871000,1.870000,1.870000,1.872000,1.874000,1.874000,1.873000,
2.326000,2.145000,2.024000,2.024000,2.016000,2.002000,1.970000,1.937000,1.937000,1.937000,1.937000,1.930000,1.916000,1.914000,1.916000,1.951000,1.981000,1.994000,2.000000,2.000000,2.000000,1.999000,1.963000,1.937000,1.937000,1.937000,1.937000,1.937000,1.937000,1.914000,1.894000,1.881000,1.863000,1.842000,1.836000,1.836000,1.857000,1.874000,1.874000,1.864000,
2.000000,2.000000,2.000000,2.000000,1.996000,1.989000,1.964000,1.937000,1.937000,1.937000,1.937000,1.937000,1.937000,1.937000,1.939000,1.975000,2.000000,2.000000,2.000000,2.000000,2.000000,1.999000,1.971000,1.948000,1.941000,1.937000,1.937000,1.937000,1.937000,1.901000,1.874000,1.874000,1.857000,1.823000,1.814000,1.814000,1.841000,1.862000,1.862000,1.849000,
2.000000,2.000000,2.000000,2.000000,1.984000,1.956000,1.945000,1.937000,1.937000,1.937000,1.937000,1.937000,1.937000,1.937000,1.939000,1.975000,2.000000,2.000000,2.000000,2.000000,2.000000,2.000000,1.992000,1.978000,1.950000,1.937000,1.937000,1.937000,1.937000,1.901000,1.874000,1.874000,1.857000,1.823000,1.814000,1.814000,1.822000,1.828000,1.828000,1.824000,
2.000000,2.000000,2.000000,2.000000,1.979000,1.943000,1.937000,1.937000,1.937000,1.937000,1.937000,1.937000,1.937000,1.937000,1.939000,1.975000,2.000000,2.000000,2.000000,2.000000,2.000000,2.000000,1.987000,1.969000,1.933000,1.915000,1.915000,1.915000,1.915000,1.892000,1.874000,1.874000,1.857000,1.823000,1.814000,1.814000,1.814000,1.811000,1.800000,1.794000,
2.000000,2.000000,2.000000,2.000000,1.979000,1.943000,1.937000,1.937000,1.937000,1.937000,1.937000,1.937000,1.937000,1.937000,1.939000,1.975000,2.000000,2.000000,2.000000,2.000000,2.000000,1.999000,1.966000,1.933000,1.897000,1.880000,1.880000,1.880000,1.880000,1.876000,1.874000,1.874000,1.857000,1.823000,1.814000,1.814000,1.814000,1.807000,1.776000,1.760000,
2.000000,2.000000,1.994000,1.977000,1.959000,1.940000,1.937000,1.937000,1.937000,1.937000,1.937000,1.937000,1.937000,1.937000,1.939000,1.975000,2.000000,2.000000,2.000000,2.000000,1.987000,1.969000,1.933000,1.897000,1.862000,1.845000,1.845000,1.845000,1.845000,1.862000,1.870000,1.853000,1.836000,1.819000,1.802000,1.786000,1.786000,1.782000,1.764000,1.755000,
2.000000,2.000000,1.988000,1.952000,1.937000,1.937000,1.937000,1.937000,1.937000,1.937000,1.937000,1.936000,1.934000,1.934000,1.936000,1.973000,2.000000,2.000000,2.000000,2.000000,1.972000,1.936000,1.900000,1.865000,1.831000,1.814000,1.814000,1.814000,1.814000,1.848000,1.866000,1.831000,1.814000,1.814000,1.789000,1.756000,1.755000,1.755000,1.755000,1.755000,
2.000000,2.000000,1.988000,1.952000,1.937000,1.937000,1.937000,1.937000,1.937000,1.937000,1.937000,1.925000,1.902000,1.898000,1.901000,1.959000,2.000000,2.000000,2.000000,2.000000,1.972000,1.936000,1.900000,1.865000,1.831000,1.814000,1.814000,1.814000,1.814000,1.848000,1.866000,1.831000,1.814000,1.814000,1.789000,1.756000,1.755000,1.755000,1.755000,1.755000,
2.000000,2.000000,1.988000,1.952000,1.937000,1.937000,1.937000,1.937000,1.937000,1.935000,1.928000,1.909000,1.880000,1.874000,1.877000,1.949000,2.000000,2.000000,2.000000,2.000000,1.972000,1.936000,1.900000,1.865000,1.831000,1.814000,1.814000,1.814000,1.814000,1.842000,1.856000,1.828000,1.814000,1.814000,1.789000,1.756000,1.755000,1.755000,1.755000,1.755000,
2.000000,2.000000,1.988000,1.952000,1.937000,1.937000,1.937000,1.937000,1.937000,1.928000,1.901000,1.884000,1.876000,1.874000,1.877000,1.949000,2.000000,2.000000,2.000000,2.000000,1.972000,1.936000,1.900000,1.865000,1.831000,1.814000,1.814000,1.814000,1.814000,1.822000,1.826000,1.818000,1.814000,1.814000,1.789000,1.756000,1.755000,1.755000,1.755000,1.755000,
2.000000,2.000000,1.992000,1.968000,1.958000,1.958000,1.958000,1.957000,1.945000,1.919000,1.861000,1.835000,1.835000,1.844000,1.857000,1.916000,1.958000,1.958000,1.965000,1.977000,1.951000,1.916000,1.892000,1.865000,1.831000,1.814000,1.814000,1.814000,1.811000,0.000000,0.000000,0.000000,0.000000,0.000000,0.000000,1.759000,1.764000,1.755000,1.755000,1.760000,
2.000000,2.000000,1.999000,1.995000,1.994000,1.994000,1.994000,1.991000,1.959000,1.907000,1.810000,1.767000,1.767000,1.791000,1.822000,1.860000,1.887000,1.887000,1.904000,1.936000,1.915000,1.880000,1.877000,1.865000,1.831000,1.814000,1.814000,1.814000,1.806000,0.000000,0.000000,0.000000,0.000000,0.000000,0.000000,1.766000,1.778000,1.755000,1.755000,1.769000,
2.000000,2.000000,2.000000,2.000000,2.000000,2.000000,2.000000,1.999000,1.980000,1.929000,1.808000,1.755000,1.755000,1.769000,1.789000,1.839000,1.874000,1.874000,1.893000,1.929000,1.909000,1.874000,1.874000,1.874000,1.872000,1.872000,1.872000,1.872000,1.863000,0.000000,0.000000,0.000000,0.000000,0.000000,0.000000,0.000000,0.000000,0.000000,0.000000,0.000000,
2.000000,2.000000,2.000000,2.000000,2.000000,2.000000,2.000000,2.000000,2.000000,1.956000,1.817000,1.755000,1.755000,1.755000,1.758000,1.826000,1.874000,1.874000,1.893000,1.929000,1.909000,1.874000,1.874000,1.884000,1.920000,1.937000,1.937000,1.937000,1.928000,0.000000,0.000000,0.000000,0.000000,0.000000,0.000000,0.000000,0.000000,0.000000,0.000000,0.000000,
0.000000,0.000000,0.000000,0.000000,0.000000,0.000000,0.000000,0.000000,0.000000,0.000000,0.000000,0.000000,0.000000,0.000000,0.000000,0.000000,0.000000,0.000000,0.000000,0.000000,0.000000,0.000000,0.000000,0.000000,0.000000,0.000000,0.000000,0.000000,0.000000,0.000000,0.000000,0.000000,0.000000,0.000000,0.000000,0.000000,0.000000,0.000000,0.000000,0.000000,
0.000000,0.000000,0.000000,0.000000,0.000000,0.000000,0.000000,0.000000,0.000000,0.000000,0.000000,0.000000,0.000000,0.000000,0.000000,0.000000,0.000000,0.000000,0.000000,0.000000,0.000000,0.000000,0.000000,0.000000,0.000000,0.000000,0.000000,0.000000,0.000000,0.000000,0.000000,0.000000,0.000000,0.000000,0.000000,0.000000,0.000000,0.000000,0.000000,0.000000,
0.000000,0.000000,0.000000,0.000000,0.000000,0.000000,0.000000,0.000000,0.000000,0.000000,0.000000,0.000000,0.000000,0.000000,0.000000,0.000000,0.000000,0.000000,0.000000,0.000000,0.000000,0.000000,0.000000,0.000000,0.000000,0.000000,0.000000,0.000000,0.000000,0.000000,0.000000,0.000000,0.000000,0.000000,0.000000,0.000000,0.000000,0.000000,0.000000,0.000000,
0.000000,0.000000,0.000000,0.000000,0.000000,0.000000,0.000000,0.000000,0.000000,0.000000,0.000000,0.000000,0.000000,0.000000,0.000000,0.000000,0.000000,0.000000,0.000000,0.000000,0.000000,0.000000,0.000000,0.000000,0.000000,0.000000,0.000000,0.000000,0.000000,0.000000,0.000000,0.000000,0.000000,0.000000,0.000000,0.000000,0.000000,0.000000,0.000000,0.000000,
0.000000,0.000000,0.000000,0.000000,0.000000,0.000000,0.000000,0.000000,0.000000,0.000000,0.000000,0.000000,0.000000,0.000000,0.000000,0.000000,0.000000,0.000000,0.000000,0.000000,0.000000,0.000000,0.000000,0.000000,0.000000,0.000000,0.000000,0.000000,0.000000,0.000000,0.000000,0.000000,0.000000,0.000000,0.000000,0.000000,0.000000,0.000000,0.000000,0.000000,
0.000000,0.000000,0.000000,0.000000,0.000000,0.000000,0.000000,0.000000,0.000000,0.000000,0.000000,0.000000,0.000000,0.000000,0.000000,0.000000,0.000000,0.000000,0.000000,0.000000,0.000000,0.000000,0.000000,0.000000,0.000000,0.000000,0.000000,0.000000,0.000000,0.000000,0.000000,0.000000,0.000000,0.000000,0.000000,0.000000,0.000000,0.000000,0.000000,0.000000,
0.000000,0.000000,0.000000,0.000000,0.000000,0.000000,0.000000,0.000000,0.000000,0.000000,0.000000,0.000000,0.000000,0.000000,0.000000,0.000000,0.000000,0.000000,0.000000,0.000000,0.000000,0.000000,0.000000,0.000000,0.000000,0.000000,0.000000,0.000000,0.000000,0.000000,0.000000,0.000000,0.000000,0.000000,0.000000,0.000000,0.000000,0.000000,0.000000,0.000000,
0.000000,0.000000,0.000000,0.000000,0.000000,0.000000,0.000000,0.000000,0.000000,0.000000,0.000000,0.000000,0.000000,0.000000,0.000000,0.000000,0.000000,0.000000,0.000000,0.000000,0.000000,0.000000,0.000000,0.000000,0.000000,0.000000,0.000000,0.000000,0.000000,0.000000,0.000000,0.000000,0.000000,0.000000,0.000000,0.000000,0.000000,0.000000,0.000000,0.000000,
0.000000,0.000000,0.000000,0.000000,0.000000,0.000000,0.000000,0.000000,0.000000,0.000000,0.000000,0.000000,0.000000,0.000000,0.000000,0.000000,0.000000,0.000000,0.000000,0.000000,0.000000,0.000000,0.000000,0.000000,0.000000,0.000000,0.000000,0.000000,0.000000,0.000000,0.000000,0.000000,0.000000,0.000000,0.000000,0.000000,0.000000,0.000000,0.000000,0.000000,
0.000000,0.000000,0.000000,0.000000,0.000000,0.000000,0.000000,0.000000,0.000000,0.000000,0.000000,0.000000,0.000000,0.000000,0.000000,0.000000,0.000000,0.000000,0.000000,0.000000,0.000000,0.000000,0.000000,0.000000,0.000000,0.000000,0.000000,0.000000,0.000000,0.000000,0.000000,0.000000,0.000000,0.000000,0.000000,0.000000,0.000000,0.000000,0.000000,0.000000,
0.000000,0.000000,0.000000,0.000000,0.000000,0.000000,0.000000,0.000000,0.000000,0.000000,0.000000,0.000000,0.000000,0.000000,0.000000,0.000000,0.000000,0.000000,0.000000,0.000000,0.000000,0.000000,0.000000,0.000000,0.000000,0.000000,0.000000,0.000000,0.000000,0.000000,0.000000,0.000000,0.000000,0.000000,0.000000,0.000000,0.000000,0.000000,0.000000,0.000000,
