0.000000,0.000000,0.000000,0.000000,0.000000,0.000000,0.000000,0.000000,0.000000,0.000000,0.000000,0.000000,0.000000,0.000000,0.000000,0.000000,0.000000,0.000000,0.000000,0.000000,0.000000,0.000000,0.000000,0.000000,0.000000,0.000000,0.000000,0.000000,0.000000,0.000000,0.000000,0.000000,0.000000,0.000000,0.000000,0.000000,0.000000,0.000000,0.000000,0.000000,
0.000000,0.000000,0.000000,0.000000,0.000000,0.000000,0.000000,0.000000,0.000000,0.000000,0.000000,0.000000,0.000000,0.000000,0.000000,0.000000,0.000000,0.000000,0.000000,0.000000,0.000000,0.000000,0.000000,0.000000,0.000000,0.000000,0.000000,0.000000,0.000000,0.000000,0.000000,0.000000,0.000000,0.000000,0.000000,0.000000,0.000000,0.000000,0.000000,0.000000,
0.000000,0.000000,0.000000,0.000000,0.000000,0.000000,0.000000,0.000000,0.000000,0.000000,0.000000,0.000000,0.000000,0.000000,0.000000,0.000000,0.000000,0.000000,0.000000,0.000000,0.000000,0.000000,0.000000,0.000000,0.000000,0.000000,0.000000,0.000000,0.000000,0.000000,0.000000,0.000000,0.000000,0.000000,0.000000,0.000000,0.000000,0.000000,0.000000,0.000000,
0.000000,0.000000,0.000000,0.000000,0.000000,0.000000,0.000000,0.000000,0.000000,0.000000,0.000000,0.000000,0.000000,0.000000,0.000000,0.000000,0.000000,0.000000,0.000000,0.000000,0.000000,0.000000,0.000000,0.000000,0.000000,0.000000,0.000000,0.000000,0.000000,0.000000,0.000000,0.000000,0.000000,0.000000,0.000000,0.000000,0.000000,0.000000,0.000000,0.000000,
0.000000,0.000000,0.000000,0.000000,0.000000,0.000000,0.000000,0.000000,0.000000,0.000000,0.000000,0.000000,0.000000,0.000000,0.000000,0.000000,0.000000,0.000000,0.000000,0.000000,0.000000,0.000000,0.000000,0.000000,0.000000,0.000000,0.000000,0.000000,0.000000,0.000000,0.000000,0.000000,0.000000,0.000000,0.000000,0.000000,0.000000,0.000000,0.000000,0.000000,
0.000000,0.000000,0.000000,0.000000,0.000000,0.000000,0.000000,0.000000,0.000000,0.000000,0.000000,0.000000,0.000000,0.000000,0.000000,0.000000,0.000000,0.000000,0.000000,0.000000,0.000000,0.000000,0.000000,0.000000,0.000000,0.000000,0.000000,0.000000,0.000000,0.000000,0.000000,0.000000,0.000000,0.000000,0.000000,0.000000,0.000000,0.000000,0.000000,0.000000,
0.000000,0.000000,0.000000,0.000000,0.000000,0.000000,0.000000,0.000000,0.000000,0.000000,0.000000,0.000000,0.000000,0.000000,0.000000,0.000000,0.000000,0.000000,0.000000,0.000000,0.000000,0.000000,0.000000,0.000000,0.000000,0.000000,0.000000,0.000000,0.000000,0.000000,0.000000,0.000000,0.000000,0.000000,0.000000,0.000000,0.000000,0.000000,0.000000,0.000000,
0.000000,0.000000,0.000000,0.000000,0.000000,0.000000,0.000000,0.000000,0.000000,0.000000,0.000000,0.000000,0.000000,0.000000,0.000000,0.000000,0.000000,0.000000,0.000000,0.000000,0.000000,0.000000,0.000000,0.000000,0.000000,0.000000,0.000000,0.000000,0.000000,0.000000,0.000000,0.000000,0.000000,0.000000,0.000000,0.000000,0.000000,0.000000,0.000000,0.000000,
0.000000,0.000000,0.000000,0.000000,0.000000,0.000000,0.000000,0.000000,0.000000,0.000000,0.000000,0.000000,0.000000,0.000000,0.000000,0.000000,0.000000,0.000000,0.000000,0.000000,0.000000,0.000000,0.000000,0.000000,0.000000,0.000000,0.000000,0.000000,0.000000,0.000000,0.000000,0.000000,0.000000,0.000000,0.000000,0.000000,0.000000,0.000000,0.000000,0.000000,
0.000000,0.000000,0.000000,0.000000,0.000000,0.000000,0.000000,0.000000,0.000000,0.000000,0.000000,0.000000,0.000000,0.000000,0.000000,0.000000,0.000000,0.000000,0.000000,0.000000,0.000000,0.000000,0.000000,0.000000,0.000000,0.000000,0.000000,0.000000,0.000000,0.000000,0.000000,0.000000,0.000000,0.000000,0.000000,0.000000,0.000000,0.000000,0.000000,0.000000,
0.000000,0.000000,0.000000,0.000000,0.000000,0.000000,0.000000,0.000000,0.000000,0.000000,0.000000,0.000000,0.000000,0.000000,0.000000,0.000000,0.000000,0.000000,0.000000,0.000000,0.000000,0.000000,0.000000,0.000000,0.000000,0.000000,0.000000,0.000000,0.000000,0.000000,0.000000,0.000000,0.000000,0.000000,0.000000,0.000000,0.000000,0.000000,0.000000,0.000000,
0.000000,0.000000,0.000000,0.000000,0.000000,0.000000,0.000000,0.000000,0.000000,0.000000,0.000000,0.000000,0.000000,0.000000,0.000000,0.000000,0.000000,0.000000,0.000000,0.000000,0.000000,0.000000,0.000000,0.000000,0.000000,0.000000,0.000000,0.000000,0.000000,0.000000,0.000000,0.000000,0.000000,0.000000,0.000000,0.000000,0.000000,0.000000,0.000000,0.000000,
0.000000,0.000000,0.000000,0.000000,0.000000,0.000000,0.000000,0.000000,0.000000,0.000000,0.000000,0.000000,0.000000,0.000000,0.000000,0.000000,0.000000,0.000000,0.000000,0.000000,0.000000,0.000000,0.000000,0.000000,0.000000,0.000000,0.000000,0.000000,0.000000,0.000000,0.000000,0.000000,0.000000,0.000000,0.000000,0.000000,0.000000,0.000000,0.000000,0.000000,
0.000000,0.000000,0.000000,0.000000,0.000000,0.000000,0.000000,0.000000,0.000000,0.000000,0.000000,0.000000,0.000000,0.000000,0.000000,0.000000,0.000000,0.000000,0.000000,0.000000,0.000000,0.000000,0.000000,0.000000,0.000000,0.000000,0.000000,0.000000,0.000000,0.000000,0.000000,0.000000,0.000000,0.000000,0.000000,0.000000,0.000000,0.000000,0.000000,0.000000,
2.023000,2.023000,2.023000,2.009000,2.000000,2.000000,2.000000,2.000000,2.000000,2.000000,2.000000,2.000000,2.000000,2.003000,2.023000,2.022000,2.000000,2.000000,2.000000,2.000000,2.000000,2.000000,2.000000,2.000000,2.000000,1.986000,1.977000,1.977000,1.967000,1.955000,1.955000,1.955000,1.949000,1.932000,1.932000,1.932000,1.932000,1.932000,1.932000,1.932000,
2.068000,2.068000,2.053000,2.044000,2.044000,2.044000,2.033000,2.021000,2.021000,2.021000,2.021000,2.021000,2.021000,2.022000,2.023000,2.022000,2.000000,2.000000,2.000000,2.000000,2.000000,2.000000,2.000000,2.000000,1.986000,1.966000,1.945000,1.935000,1.934000,1.934000,1.934000,1.934000,1.933000,1.932000,1.929000,1.912000,1.912000,1.913000,1.932000,1.932000,
2.093000,2.093000,2.091000,2.090000,2.078000,2.068000,2.057000,2.044000,2.044000,2.044000,2.044000,2.044000,2.044000,2.041000,2.023000,2.022000,2.000000,2.000000,2.000000,2.000000,2.000000,2.000000,2.000000,1.986000,1.978000,1.964000,1.942000,1.932000,1.932000,1.932000,1.932000,1.932000,1.932000,1.928000,1.913000,1.911000,1.911000,1.911000,1.913000,1.913000,
2.117000,2.117000,2.117000,2.117000,2.115000,2.102000,2.080000,2.067000,2.060000,2.047000,2.047000,2.042000,2.027000,2.024000,2.004000,2.004000,2.000000,2.000000,2.000000,2.000000,2.000000,2.000000,2.000000,1.984000,1.977000,1.964000,1.942000,1.932000,1.932000,1.932000,1.932000,1.932000,1.932000,1.927000,1.911000,1.911000,1.911000,1.911000,1.911000,1.911000,
2.121000,2.121000,2.108000,2.101000,2.101000,2.088000,2.074000,2.063000,2.050000,2.041000,2.028000,2.027000,2.023000,2.020000,2.000000,2.000000,2.000000,2.000000,2.000000,2.000000,2.000000,2.000000,2.000000,1.984000,1.977000,1.974000,1.950000,1.932000,1.932000,1.932000,1.932000,1.932000,1.932000,1.931000,1.925000,1.911000,1.911000,1.911000,1.911000,1.911000,
2.107000,2.102000,2.098000,2.085000,2.067000,2.047000,2.035000,2.033000,2.029000,2.027000,2.023000,2.023000,2.023000,2.020000,2.000000,2.000000,2.000000,2.000000,2.000000,2.000000,2.000000,1.987000,1.983000,1.979000,1.977000,1.977000,1.953000,1.932000,1.932000,1.932000,1.932000,1.932000,1.932000,1.932000,1.928000,1.911000,1.912000,1.927000,1.927000,1.927000,
2.098000,2.096000,2.085000,2.074000,2.058000,2.035000,2.023000,2.023000,2.023000,2.023000,2.023000,2.023000,2.023000,2.020000,2.000000,2.000000,2.000000,2.000000,2.000000,2.000000,2.000000,1.982000,1.977000,1.988000,1.993000,1.993000,1.969000,1.940000,1.932000,1.932000,1.932000,1.932000,1.932000,1.932000,1.931000,1.926000,1.928000,1.948000,1.948000,1.948000,
2.096000,2.096000,2.080000,2.071000,2.058000,2.035000,2.023000,2.023000,2.023000,2.023000,2.023000,2.023000,2.023000,2.020000,2.000000,2.000000,2.000000,2.000000,2.000000,2.000000,2.000000,1.982000,1.977000,1.993000,2.000000,2.000000,1.983000,1.965000,1.955000,1.947000,1.947000,1.947000,1.947000,1.947000,1.947000,1.947000,1.949000,1.969000,1.969000,1.984000,
2.107000,2.101000,2.090000,2.086000,2.064000,2.035000,2.023000,2.023000,2.023000,2.023000,2.023000,2.023000,2.023000,2.022000,2.014000,2.014000,2.014000,2.014000,2.014000,2.014000,2.014000,1.996000,1.991000,1.997000,2.000000,2.000000,1.987000,1.977000,1.973000,1.968000,1.968000,1.968000,1.972000,1.985000,1.994000,1.982000,1.983000,1.991000,1.991000,2.013000,
2.118000,2.113000,2.101000,2.096000,2.076000,2.048000,2.036000,2.042000,2.050000,2.050000,2.050000,2.050000,2.050000,2.050000,2.049000,2.036000,2.036000,2.036000,2.049000,2.062000,2.064000,2.045000,2.020000,2.004000,2.000000,2.000000,1.995000,1.990000,1.990000,1.990000,1.995000,2.003000,2.009000,2.038000,2.092000,2.157000,2.157000,2.157000,2.157000,2.152000,
2.147000,2.129000,2.113000,2.101000,2.089000,2.078000,2.072000,2.077000,2.084000,2.084000,2.088000,2.103000,2.120000,2.108000,2.094000,2.072000,2.072000,2.072000,2.083000,2.106000,2.119000,2.177000,2.176000,2.162000,2.158000,2.167000,2.173000,2.173000,2.167000,2.153000,2.128000,2.100000,2.106000,2.139000,2.204000,2.280000,2.279000,2.266000,2.266000,2.253000,
2.172000,2.136000,2.121000,2.106000,2.096000,2.096000,2.096000,2.096000,2.096000,2.096000,2.103000,2.133000,2.167000,2.142000,2.119000,2.096000,2.096000,2.096000,2.096000,2.118000,2.142000,2.272000,2.308000,2.308000,2.308000,2.325000,2.337000,2.337000,2.324000,2.297000,2.241000,2.172000,2.179000,2.210000,2.257000,2.280000,2.278000,2.252000,2.252000,2.252000,
0.000000,0.000000,0.000000,0.000000,0.000000,0.000000,0.000000,0.000000,0.000000,0.000000,0.000000,0.000000,0.000000,0.000000,0.000000,0.000000,0.000000,0.000000,0.000000,0.000000,0.000000,0.000000,0.000000,0.000000,0.000000,0.000000,0.000000,0.000000,0.000000,0.000000,0.000000,0.000000,0.000000,0.000000,0.000000,0.000000,0.000000,0.000000,0.000000,0.000000,
0.000000,0.000000,0.000000,0.000000,0.000000,0.000000,0.000000,0.000000,0.000000,0.000000,0.000000,0.000000,0.000000,0.000000,0.000000,0.000000,0.000000,0.000000,0.000000,0.000000,0.000000,0.000000,0.000000,0.000000,0.000000,0.000000,0.000000,0.000000,0.000000,0.000000,0.000000,0.000000,0.000000,0.000000,0.000000,0.000000,0.000000,0.000000,0.000000,0.000000,
0.000000,0.000000,0.000000,0.000000,0.000000,0.000000,0.000000,0.000000,0.000000,0.000000,0.000000,0.000000,0.000000,0.000000,0.000000,0.000000,0.000000,0.000000,0.000000,0.000000,0.000000,0.000000,0.000000,0.000000,0.000000,0.000000,0.000000,0.000000,0.000000,0.000000,0.000000,0.000000,0.000000,0.000000,0.000000,0.000000,0.000000,0.000000,0.000000,0.000000,
0.000000,0.000000,0.000000,0.000000,0.000000,0.000000,0.000000,0.000000,0.000000,0.000000,0.000000,0.000000,0.000000,0.000000,0.000000,0.000000,0.000000,0.000000,0.000000,0.000000,0.000000,0.000000,0.000000,0.000000,0.000000,0.000000,0.000000,0.000000,0.000000,0.000000,0.000000,0.000000,0.000000,0.000000,0.000000,0.000000,0.000000,0.000000,0.000000,0.000000,
0.000000,0.000000,0.000000,0.000000,0.000000,0.000000,0.000000,0.000000,0.000000,0.000000,0.000000,0.000000,0.000000,0.000000,0.000000,0.000000,0.000000,0.000000,0.000000,0.000000,0.000000,0.000000,0.000000,0.000000,0.000000,0.000000,0.000000,0.000000,0.000000,0.000000,0.000000,0.000000,0.000000,0.000000,0.000000,0.000000,0.000000,0.000000,0.000000,0.000000,
0.000000,0.000000,0.000000,0.000000,0.000000,0.000000,0.000000,0.000000,0.000000,0.000000,0.000000,0.000000,0.000000,0.000000,0.000000,0.000000,0.000000,0.000000,0.000000,0.000000,0.000000,0.000000,0.000000,0.000000,0.000000,0.000000,0.000000,0.000000,0.000000,0.000000,0.000000,0.000000,0.000000,0.000000,0.000000,0.000000,0.000000,0.000000,0.000000,0.000000,
0.000000,0.000000,0.000000,0.000000,0.000000,0.000000,0.000000,0.000000,0.000000,0.000000,0.000000,0.000000,0.000000,0.000000,0.000000,0.000000,0.000000,0.000000,0.000000,0.000000,0.000000,0.000000,0.000000,0.000000,0.000000,0.000000,0.000000,0.000000,0.000000,0.000000,0.000000,0.000000,0.000000,0.000000,0.000000,0.000000,0.000000,0.000000,0.000000,0.000000,
0.000000,0.000000,0.000000,0.000000,0.000000,0.000000,0.000000,0.000000,0.000000,0.000000,0.000000,0.000000,0.000000,0.000000,0.000000,0.000000,0.000000,0.000000,0.000000,0.000000,0.000000,0.000000,0.000000,0.000000,0.000000,0.000000,0.000000,0.000000,0.000000,0.000000,0.000000,0.000000,0.000000,0.000000,0.000000,0.000000,0.000000,0.000000,0.000000,0.000000,
0.000000,0.000000,0.000000,0.000000,0.000000,0.000000,0.000000,0.000000,0.000000,0.000000,0.000000,0.000000,0.000000,0.000000,0.000000,0.000000,0.000000,0.000000,0.000000,0.000000,0.000000,0.000000,0.000000,0.000000,0.000000,0.000000,0.000000,0.000000,0.000000,0.000000,0.000000,0.000000,0.000000,0.000000,0.000000,0.000000,0.000000,0.000000,0.000000,0.000000,
0.000000,0.000000,0.000000,0.000000,0.000000,0.000000,0.000000,0.000000,0.000000,0.000000,0.000000,0.000000,0.000000,0.000000,0.000000,0.000000,0.000000,0.000000,0.000000,0.000000,0.000000,0.000000,0.000000,0.000000,0.000000,0.000000,0.000000,0.000000,0.000000,0.000000,0.000000,0.000000,0.000000,0.000000,0.000000,0.000000,0.000000,0.000000,0.000000,0.000000,
0.000000,0.000000,0.000000,0.000000,0.000000,0.000000,0.000000,0.000000,0.000000,0.000000,0.000000,0.000000,0.000000,0.000000,0.000000,0.000000,0.000000,0.000000,0.000000,0.000000,0.000000,0.000000,0.000000,0.000000,0.000000,0.000000,0.000000,0.000000,0.000000,0.000000,0.000000,0.000000,0.000000,0.000000,0.000000,0.000000,0.000000,0.000000,0.000000,0.000000,
0.000000,0.000000,0.000000,0.000000,0.000000,0.000000,0.000000,0.000000,0.000000,0.000000,0.000000,0.000000,0.000000,0.000000,0.000000,0.000000,0.000000,0.000000,0.000000,0.000000,0.000000,0.000000,0.000000,0.000000,0.000000,0.000000,0.000000,0.000000,0.000000,0.000000,0.000000,0.000000,0.000000,0.000000,0.000000,0.000000,0.000000,0.000000,0.000000,0.000000,
0.000000,0.000000,0.000000,0.000000,0.000000,0.000000,0.000000,0.000000,0.000000,0.000000,0.000000,0.000000,0.000000,0.000000,0.000000,0.000000,0.000000,0.000000,0.000000,0.000000,0.000000,0.000000,0.000000,0.000000,0.000000,0.000000,0.000000,0.000000,0.000000,0.000000,0.000000,0.000000,0.000000,0.000000,0.000000,0.000000,0.000000,0.000000,0.000000,0.000000,
0.000000,0.000000,0.000000,0.000000,0.000000,0.000000,0.000000,0.000000,0.000000,0.000000,0.000000,0.000000,0.000000,0.000000,0.000000,0.000000,0.000000,0.000000,0.000000,0.000000,0.000000,0.000000,0.000000,0.000000,0.000000,0.000000,0.000000,0.000000,0.000000,0.000000,0.000000,0.000000,0.000000,0.000000,0.000000,0.000000,0.000000,0.000000,0.000000,0.000000,
