40 40
0.000000 0.000000 0.000000 0.000000 0.000000 0.000000 0.000000 0.000000 0.000000 0.000000 0.000000 0.000000 0.000000 0.000000 0.000000 0.000000 0.000000 0.000000 0.000000 0.000000 0.000000 0.000000 0.000000 0.000000 0.000000 0.000000 0.000000 0.000000 0.000000 0.000000 0.000000 0.000000 0.000000 0.000000 0.000000 0.000000 0.000000 0.000000 0.000000 0.000000 
0.000000 0.000000 0.000000 0.000000 0.000000 0.000000 0.000000 0.000000 0.000000 0.000000 0.000000 0.000000 0.000000 0.000000 0.000000 0.000000 0.000000 0.000000 0.000000 0.000000 0.000000 0.000000 0.000000 0.000000 0.000000 0.000000 0.000000 0.000000 0.000000 0.000000 0.000000 0.000000 0.000000 0.000000 0.000000 0.000000 0.000000 0.000000 0.000000 0.000000 
0.000000 0.000000 0.000000 0.000000 0.000000 0.000000 0.000000 0.000000 0.000000 0.000000 0.000000 0.000000 0.000000 0.000000 0.000000 0.000000 0.000000 0.000000 0.000000 0.000000 0.000000 0.000000 0.000000 0.000000 0.000000 0.000000 0.000000 0.000000 0.000000 0.000000 0.000000 0.000000 0.000000 0.000000 0.000000 0.000000 0.000000 0.000000 0.000000 0.000000 
0.000000 0.000000 0.000000 0.000000 0.000000 0.000000 0.000000 0.000000 0.000000 0.000000 0.000000 0.000000 0.000000 0.000000 0.000000 0.000000 0.000000 0.000000 0.000000 0.000000 0.000000 0.000000 0.000000 0.000000 0.000000 0.000000 0.000000 0.000000 0.000000 0.000000 0.000000 0.000000 0.000000 0.000000 0.000000 0.000000 0.000000 0.000000 0.000000 0.000000 
0.000000 0.000000 0.000000 0.000000 0.000000 0.000000 0.000000 0.000000 0.000000 0.000000 0.000000 0.000000 0.000000 0.000000 0.000000 0.000000 0.000000 0.000000 0.000000 0.000000 0.000000 0.000000 0.000000 0.000000 0.000000 0.000000 0.000000 0.000000 0.000000 0.000000 0.000000 0.000000 0.000000 0.000000 0.000000 0.000000 0.000000 0.000000 0.000000 0.000000 
0.000000 0.000000 0.000000 0.000000 0.000000 0.000000 0.000000 0.000000 0.000000 0.000000 0.000000 0.000000 0.000000 0.000000 0.000000 0.000000 0.000000 0.000000 0.000000 0.000000 0.000000 0.000000 0.000000 0.000000 0.000000 0.000000 0.000000 0.000000 0.000000 0.000000 0.000000 0.000000 0.000000 0.000000 0.000000 0.000000 0.000000 0.000000 0.000000 0.000000 
0.000000 0.000000 0.000000 0.000000 0.000000 0.000000 0.000000 0.000000 0.000000 0.000000 0.000000 0.000000 0.000000 0.000000 0.000000 0.000000 0.000000 0.000000 0.000000 0.000000 0.000000 0.000000 0.000000 0.000000 0.000000 0.000000 0.000000 0.000000 0.000000 0.000000 0.000000 0.000000 0.000000 0.000000 0.000000 0.000000 0.000000 0.000000 0.000000 0.000000 
0.000000 0.000000 0.000000 0.000000 0.000000 0.000000 0.000000 0.000000 0.000000 0.000000 0.000000 0.000000 0.000000 0.000000 0.000000 0.000000 0.000000 0.000000 0.000000 0.000000 0.000000 0.000000 0.000000 0.000000 0.000000 0.000000 0.000000 0.000000 0.000000 0.000000 0.000000 0.000000 0.000000 0.000000 0.000000 0.000000 0.000000 0.000000 0.000000 0.000000 
0.000000 0.000000 0.000000 0.000000 0.000000 0.000000 0.000000 0.000000 0.000000 0.000000 0.000000 0.000000 0.000000 0.000000 0.000000 0.000000 0.000000 0.000000 0.000000 0.000000 0.000000 0.000000 0.000000 0.000000 0.000000 0.000000 0.000000 0.000000 0.000000 0.000000 0.000000 0.000000 0.000000 0.000000 0.000000 0.000000 0.000000 0.000000 0.000000 0.000000 
0.000000 0.000000 0.000000 0.000000 0.000000 0.000000 0.000000 0.000000 0.000000 0.000000 0.000000 0.000000 0.000000 0.000000 0.000000 0.000000 0.000000 0.000000 0.000000 0.000000 0.000000 0.000000 0.000000 0.000000 0.000000 0.000000 0.000000 0.000000 0.000000 0.000000 0.000000 0.000000 0.000000 0.000000 0.000000 0.000000 0.000000 0.000000 0.000000 0.000000 
0.000000 0.000000 0.000000 0.000000 0.000000 0.000000 0.000000 0.000000 0.000000 0.000000 0.000000 0.000000 0.000000 0.000000 0.000000 0.000000 0.000000 0.000000 0.000000 0.000000 0.000000 0.000000 0.000000 0.000000 0.000000 0.000000 0.000000 0.000000 0.000000 0.000000 0.000000 0.000000 0.000000 0.000000 0.000000 0.000000 0.000000 0.000000 0.000000 0.000000 
0.000000 0.000000 0.000000 0.000000 0.000000 0.000000 0.000000 0.000000 0.000000 0.000000 0.000000 0.000000 0.000000 0.000000 0.000000 0.000000 0.000000 0.000000 0.000000 0.000000 0.000000 0.000000 0.000000 0.000000 0.000000 0.000000 0.000000 0.000000 0.000000 0.000000 0.000000 0.000000 0.000000 0.000000 0.000000 0.000000 0.000000 0.000000 0.000000 0.000000 
0.000000 0.000000 0.000000 0.000000 0.000000 0.000000 0.000000 0.000000 0.000000 0.000000 0.000000 0.000000 0.000000 0.000000 0.000000 0.000000 0.000000 0.000000 0.000000 0.000000 0.000000 0.000000 0.000000 0.000000 0.000000 0.000000 0.000000 0.000000 0.000000 0.000000 0.000000 0.000000 0.000000 0.000000 0.000000 0.000000 0.000000 0.000000 0.000000 0.000000 
2.141000 2.141000 2.102000 2.069000 2.069000 2.055000 2.016000 2.000000 2.000000 2.000000 2.000000 2.037000 2.069000 2.069000 2.056000 2.017000 2.000000 2.000000 2.000000 2.000000 2.000000 2.000000 2.000000 1.988000 1.950000 1.932000 1.932000 1.932000 1.932000 1.932000 1.932000 1.932000 1.932000 1.932000 1.932000 1.932000 1.932000 1.932000 1.965000 2.000000 
2.131000 2.117000 2.091000 2.069000 2.069000 2.059000 2.034000 2.016000 2.003000 2.000000 2.000000 2.037000 2.067000 2.054000 2.037000 2.012000 2.000000 2.000000 2.000000 2.000000 2.000000 1.998000 1.986000 1.969000 1.944000 1.932000 1.932000 1.932000 1.932000 1.932000 1.932000 1.932000 1.932000 1.932000 1.926000 1.914000 1.910000 1.910000 1.943000 1.978000 
2.113000 2.078000 2.073000 2.069000 2.069000 2.067000 2.063000 2.042000 2.008000 2.000000 2.000000 2.037000 2.064000 2.030000 2.006000 2.002000 2.000000 2.000000 2.000000 2.000000 2.000000 1.996000 1.962000 1.938000 1.934000 1.932000 1.932000 1.932000 1.932000 1.932000 1.932000 1.932000 1.932000 1.932000 1.916000 1.884000 1.874000 1.874000 1.906000 1.940000 
2.092000 2.069000 2.069000 2.069000 2.069000 2.069000 2.069000 2.057000 2.035000 2.044000 2.061000 2.066000 2.063000 2.025000 2.000000 2.000000 2.000000 2.000000 2.000000 2.000000 2.000000 1.995000 1.958000 1.932000 1.932000 1.932000 1.932000 1.932000 1.932000 1.932000 1.932000 1.932000 1.927000 1.911000 1.893000 1.872000 1.866000 1.866000 1.898000 1.932000 
2.069000 2.069000 2.069000 2.069000 2.069000 2.069000 2.069000 2.069000 2.069000 2.099000 2.138000 2.102000 2.063000 2.025000 2.000000 2.000000 2.000000 2.000000 2.000000 2.000000 2.000000 1.995000 1.958000 1.932000 1.932000 1.932000 1.932000 1.932000 1.932000 1.932000 1.932000 1.932000 1.921000 1.885000 1.866000 1.866000 1.866000 1.866000 1.898000 1.932000 
2.052000 2.032000 2.031000 2.035000 2.056000 2.069000 2.069000 2.069000 2.069000 2.100000 2.139000 2.124000 2.102000 2.063000 2.030000 2.010000 2.000000 2.000000 2.000000 2.000000 2.000000 1.998000 1.981000 1.963000 1.942000 1.932000 1.932000 1.932000 1.932000 1.932000 1.932000 1.932000 1.921000 1.885000 1.866000 1.866000 1.880000 1.900000 1.917000 1.932000 
2.043000 2.001000 2.000000 2.007000 2.045000 2.069000 2.069000 2.069000 2.069000 2.096000 2.132000 2.134000 2.128000 2.092000 2.056000 2.017000 2.000000 2.000000 2.000000 2.000000 2.000000 2.000000 2.000000 1.989000 1.955000 1.939000 1.939000 1.936000 1.932000 1.932000 1.932000 1.932000 1.919000 1.876000 1.853000 1.853000 1.878000 1.915000 1.922000 1.925000 
2.065000 2.001000 2.000000 2.007000 2.045000 2.069000 2.069000 2.069000 2.069000 2.080000 2.093000 2.094000 2.092000 2.078000 2.056000 2.017000 2.000000 2.000000 2.000000 2.000000 2.000000 2.000000 2.000000 1.996000 1.983000 1.976000 1.976000 1.959000 1.934000 1.932000 1.932000 1.932000 1.908000 1.825000 1.784000 1.784000 1.808000 1.843000 1.868000 1.889000 
2.079000 2.001000 2.000000 2.008000 2.055000 2.084000 2.084000 2.079000 2.071000 2.069000 2.069000 2.069000 2.069000 2.069000 2.058000 2.028000 2.010000 2.002000 2.000000 2.000000 1.993000 1.986000 1.986000 1.988000 1.996000 2.000000 2.000000 1.979000 1.949000 1.946000 1.946000 1.946000 1.912000 1.798000 1.740000 1.740000 1.764000 1.799000 1.834000 1.866000 
2.079000 2.001000 2.000000 2.012000 2.081000 2.124000 2.124000 2.107000 2.076000 2.069000 2.069000 2.069000 2.069000 2.069000 2.066000 2.057000 2.037000 2.008000 2.000000 2.000000 1.973000 1.948000 1.948000 1.957000 1.986000 2.000000 2.000000 1.994000 1.985000 1.984000 1.984000 1.984000 1.944000 1.809000 1.740000 1.740000 1.764000 1.799000 1.834000 1.866000 
2.367000 2.314000 1.306000 0.000000 1.719000 2.378000 2.378000 2.288000 2.129000 2.092000 2.092000 2.092000 2.092000 2.092000 2.092000 2.092000 2.078000 2.051000 2.026000 2.002000 1.965000 1.932000 1.932000 1.944000 1.982000 2.006000 2.018000 2.013000 2.001000 2.000000 1.915000 1.067000 0.000000 0.000000 0.000000 0.000000 0.000000 0.000000 0.000000 0.000000 
2.871000 2.861000 0.000000 0.000000 1.063000 2.794000 2.794000 2.585000 2.218000 2.132000 2.132000 2.132000 2.132000 2.132000 2.132000 2.132000 2.129000 2.124000 2.072000 2.005000 1.965000 1.932000 1.932000 1.944000 1.982000 2.017000 2.050000 2.036000 2.003000 2.000000 1.765000 0.000000 0.000000 0.000000 0.000000 0.000000 0.000000 0.000000 0.000000 0.000000 
2.990000 2.990000 0.000000 0.000000 0.000000 2.892000 2.892000 2.655000 2.239000 2.141000 2.141000 2.141000 2.141000 2.141000 2.141000 2.141000 2.141000 2.141000 2.083000 2.005000 1.965000 1.932000 1.932000 1.944000 1.982000 2.020000 2.058000 2.042000 2.004000 2.000000 1.730000 0.000000 0.000000 0.000000 0.000000 0.000000 0.000000 0.000000 0.000000 0.000000 
0.000000 0.000000 0.000000 0.000000 0.000000 0.000000 0.000000 0.000000 0.000000 0.000000 0.000000 0.000000 0.000000 0.000000 0.000000 0.000000 0.000000 0.000000 0.000000 0.000000 0.000000 0.000000 0.000000 0.000000 0.000000 0.000000 0.000000 0.000000 0.000000 0.000000 0.000000 0.000000 0.000000 0.000000 0.000000 0.000000 0.000000 0.000000 0.000000 0.000000 
0.000000 0.000000 0.000000 0.000000 0.000000 0.000000 0.000000 0.000000 0.000000 0.000000 0.000000 0.000000 0.000000 0.000000 0.000000 0.000000 0.000000 0.000000 0.000000 0.000000 0.000000 0.000000 0.000000 0.000000 0.000000 0.000000 0.000000 0.000000 0.000000 0.000000 0.000000 0.000000 0.000000 0.000000 0.000000 0.000000 0.000000 0.000000 0.000000 0.000000 
0.000000 0.000000 0.000000 0.000000 0.000000 0.000000 0.000000 0.000000 0.000000 0.000000 0.000000 0.000000 0.000000 0.000000 0.000000 0.000000 0.000000 0.000000 0.000000 0.000000 0.000000 0.000000 0.000000 0.000000 0.000000 0.000000 0.000000 0.000000 0.000000 0.000000 0.000000 0.000000 0.000000 0.000000 0.000000 0.000000 0.000000 0.000000 0.000000 0.000000 
0.000000 0.000000 0.000000 0.000000 0.000000 0.000000 0.000000 0.000000 0.000000 0.000000 0.000000 0.000000 0.000000 0.000000 0.000000 0.000000 0.000000 0.000000 0.000000 0.000000 0.000000 0.000000 0.000000 0.000000 0.000000 0.000000 0.000000 0.000000 0.000000 0.000000 0.000000 0.000000 0.000000 0.000000 0.000000 0.000000 0.000000 0.000000 0.000000 0.000000 
0.000000 0.000000 0.000000 0.000000 0.000000 0.000000 0.000000 0.000000 0.000000 0.000000 0.000000 0.000000 0.000000 0.000000 0.000000 0.000000 0.000000 0.000000 0.000000 0.000000 0.000000 0.000000 0.000000 0.000000 0.000000 0.000000 0.000000 0.000000 0.000000 0.000000 0.000000 0.000000 0.000000 0.000000 0.000000 0.000000 0.000000 0.000000 0.000000 0.000000 
0.000000 0.000000 0.000000 0.000000 0.000000 0.000000 0.000000 0.000000 0.000000 0.000000 0.000000 0.000000 0.000000 0.000000 0.000000 0.000000 0.000000 0.000000 0.000000 0.000000 0.000000 0.000000 0.000000 0.000000 0.000000 0.000000 0.000000 0.000000 0.000000 0.000000 0.000000 0.000000 0.000000 0.000000 0.000000 0.000000 0.000000 0.000000 0.000000 0.000000 
0.000000 0.000000 0.000000 0.000000 0.000000 0.000000 0.000000 0.000000 0.000000 0.000000 0.000000 0.000000 0.000000 0.000000 0.000000 0.000000 0.000000 0.000000 0.000000 0.000000 0.000000 0.000000 0.000000 0.000000 0.000000 0.000000 0.000000 0.000000 0.000000 0.000000 0.000000 0.000000 0.000000 0.000000 0.000000 0.000000 0.000000 0.000000 0.000000 0.000000 
0.000000 0.000000 0.000000 0.000000 0.000000 0.000000 0.000000 0.000000 0.000000 0.000000 0.000000 0.000000 0.000000 0.000000 0.000000 0.000000 0.000000 0.000000 0.000000 0.000000 0.000000 0.000000 0.000000 0.000000 0.000000 0.000000 0.000000 0.000000 0.000000 0.000000 0.000000 0.000000 0.000000 0.000000 0.000000 0.000000 0.000000 0.000000 0.000000 0.000000 
0.000000 0.000000 0.000000 0.000000 0.000000 0.000000 0.000000 0.000000 0.000000 0.000000 0.000000 0.000000 0.000000 0.000000 0.000000 0.000000 0.000000 0.000000 0.000000 0.000000 0.000000 0.000000 0.000000 0.000000 0.000000 0.000000 0.000000 0.000000 0.000000 0.000000 0.000000 0.000000 0.000000 0.000000 0.000000 0.000000 0.000000 0.000000 0.000000 0.000000 
0.000000 0.000000 0.000000 0.000000 0.000000 0.000000 0.000000 0.000000 0.000000 0.000000 0.000000 0.000000 0.000000 0.000000 0.000000 0.000000 0.000000 0.000000 0.000000 0.000000 0.000000 0.000000 0.000000 0.000000 0.000000 0.000000 0.000000 0.000000 0.000000 0.000000 0.000000 0.000000 0.000000 0.000000 0.000000 0.000000 0.000000 0.000000 0.000000 0.000000 
0.000000 0.000000 0.000000 0.000000 0.000000 0.000000 0.000000 0.000000 0.000000 0.000000 0.000000 0.000000 0.000000 0.000000 0.000000 0.000000 0.000000 0.000000 0.000000 0.000000 0.000000 0.000000 0.000000 0.000000 0.000000 0.000000 0.000000 0.000000 0.000000 0.000000 0.000000 0.000000 0.000000 0.000000 0.000000 0.000000 0.000000 0.000000 0.000000 0.000000 
0.000000 0.000000 0.000000 0.000000 0.000000 0.000000 0.000000 0.000000 0.000000 0.000000 0.000000 0.000000 0.000000 0.000000 0.000000 0.000000 0.000000 0.000000 0.000000 0.000000 0.000000 0.000000 0.000000 0.000000 0.000000 0.000000 0.000000 0.000000 0.000000 0.000000 0.000000 0.000000 0.000000 0.000000 0.000000 0.000000 0.000000 0.000000 0.000000 0.000000 
0.000000 0.000000 0.000000 0.000000 0.000000 0.000000 0.000000 0.000000 0.000000 0.000000 0.000000 0.000000 0.000000 0.000000 0.000000 0.000000 0.000000 0.000000 0.000000 0.000000 0.000000 0.000000 0.000000 0.000000 0.000000 0.000000 0.000000 0.000000 0.000000 0.000000 0.000000 0.000000 0.000000 0.000000 0.000000 0.000000 0.000000 0.000000 0.000000 0.000000 
0.000000 0.000000 0.000000 0.000000 0.000000 0.000000 0.000000 0.000000 0.000000 0.000000 0.000000 0.000000 0.000000 0.000000 0.000000 0.000000 0.000000 0.000000 0.000000 0.000000 0.000000 0.000000 0.000000 0.000000 0.000000 0.000000 0.000000 0.000000 0.000000 0.000000 0.000000 0.000000 0.000000 0.000000 0.000000 0.000000 0.000000 0.000000 0.000000 0.000000 
