40 40
0.000000 0.000000 0.000000 0.000000 0.000000 0.000000 0.000000 0.000000 0.000000 0.000000 0.000000 0.000000 0.000000 0.000000 0.000000 0.000000 0.000000 0.000000 0.000000 0.000000 0.000000 0.000000 0.000000 0.000000 0.000000 0.000000 0.000000 0.000000 0.000000 0.000000 0.000000 0.000000 0.000000 0.000000 0.000000 0.000000 0.000000 0.000000 0.000000 0.000000 
0.000000 0.000000 0.000000 0.000000 0.000000 0.000000 0.000000 0.000000 0.000000 0.000000 0.000000 0.000000 0.000000 0.000000 0.000000 0.000000 0.000000 0.000000 0.000000 0.000000 0.000000 0.000000 0.000000 0.000000 0.000000 0.000000 0.000000 0.000000 0.000000 0.000000 0.000000 0.000000 0.000000 0.000000 0.000000 0.000000 0.000000 0.000000 0.000000 0.000000 
0.000000 0.000000 0.000000 0.000000 0.000000 0.000000 0.000000 0.000000 0.000000 0.000000 0.000000 0.000000 0.000000 0.000000 0.000000 0.000000 0.000000 0.000000 0.000000 0.000000 0.000000 0.000000 0.000000 0.000000 0.000000 0.000000 0.000000 0.000000 0.000000 0.000000 0.000000 0.000000 0.000000 0.000000 0.000000 0.000000 0.000000 0.000000 0.000000 0.000000 
0.000000 0.000000 0.000000 0.000000 0.000000 0.000000 0.000000 0.000000 0.000000 0.000000 0.000000 0.000000 0.000000 0.000000 0.000000 0.000000 0.000000 0.000000 0.000000 0.000000 0.000000 0.000000 0.000000 0.000000 0.000000 0.000000 0.000000 0.000000 0.000000 0.000000 0.000000 0.000000 0.000000 0.000000 0.000000 0.000000 0.000000 0.000000 0.000000 0.000000 
0.000000 0.000000 0.000000 0.000000 0.000000 0.000000 0.000000 0.000000 0.000000 0.000000 0.000000 0.000000 0.000000 0.000000 0.000000 0.000000 0.000000 0.000000 0.000000 0.000000 0.000000 0.000000 0.000000 0.000000 0.000000 0.000000 0.000000 0.000000 0.000000 0.000000 0.000000 0.000000 0.000000 0.000000 0.000000 0.000000 0.000000 0.000000 0.000000 0.000000 
0.000000 0.000000 0.000000 0.000000 0.000000 0.000000 0.000000 0.000000 0.000000 0.000000 0.000000 0.000000 0.000000 0.000000 0.000000 0.000000 0.000000 0.000000 0.000000 0.000000 0.000000 0.000000 0.000000 0.000000 0.000000 0.000000 0.000000 0.000000 0.000000 0.000000 0.000000 0.000000 0.000000 0.000000 0.000000 0.000000 0.000000 0.000000 0.000000 0.000000 
0.000000 0.000000 0.000000 0.000000 0.000000 0.000000 0.000000 0.000000 0.000000 0.000000 0.000000 0.000000 0.000000 0.000000 0.000000 0.000000 0.000000 0.000000 0.000000 0.000000 0.000000 0.000000 0.000000 0.000000 0.000000 0.000000 0.000000 0.000000 0.000000 0.000000 0.000000 0.000000 0.000000 0.000000 0.000000 0.000000 0.000000 0.000000 0.000000 0.000000 
0.000000 0.000000 0.000000 0.000000 0.000000 0.000000 0.000000 0.000000 0.000000 0.000000 0.000000 0.000000 0.000000 0.000000 0.000000 0.000000 0.000000 0.000000 0.000000 0.000000 0.000000 0.000000 0.000000 0.000000 0.000000 0.000000 0.000000 0.000000 0.000000 0.000000 0.000000 0.000000 0.000000 0.000000 0.000000 0.000000 0.000000 0.000000 0.000000 0.000000 
0.000000 0.000000 0.000000 0.000000 0.000000 0.000000 0.000000 0.000000 0.000000 0.000000 0.000000 0.000000 0.000000 0.000000 0.000000 0.000000 0.000000 0.000000 0.000000 0.000000 0.000000 0.000000 0.000000 0.000000 0.000000 0.000000 0.000000 0.000000 0.000000 0.000000 0.000000 0.000000 0.000000 0.000000 0.000000 0.000000 0.000000 0.000000 0.000000 0.000000 
0.000000 0.000000 0.000000 0.000000 0.000000 0.000000 0.000000 0.000000 0.000000 0.000000 0.000000 0.000000 0.000000 0.000000 0.000000 0.000000 0.000000 0.000000 0.000000 0.000000 0.000000 0.000000 0.000000 0.000000 0.000000 0.000000 0.000000 0.000000 0.000000 0.000000 0.000000 0.000000 0.000000 0.000000 0.000000 0.000000 0.000000 0.000000 0.000000 0.000000 
0.000000 0.000000 0.000000 0.000000 0.000000 0.000000 0.000000 0.000000 0.000000 0.000000 0.000000 0.000000 0.000000 0.000000 0.000000 0.000000 0.000000 0.000000 0.000000 0.000000 0.000000 0.000000 0.000000 0.000000 0.000000 0.000000 0.000000 0.000000 0.000000 0.000000 0.000000 0.000000 0.000000 0.000000 0.000000 0.000000 0.000000 0.000000 0.000000 0.000000 
0.000000 0.000000 0.000000 0.000000 0.000000 0.000000 0.000000 0.000000 0.000000 0.000000 0.000000 0.000000 0.000000 0.000000 0.000000 0.000000 0.000000 0.000000 0.000000 0.000000 0.000000 0.000000 0.000000 0.000000 0.000000 0.000000 0.000000 0.000000 0.000000 0.000000 0.000000 0.000000 0.000000 0.000000 0.000000 0.000000 0.000000 0.000000 0.000000 0.000000 
2.840000 2.824000 2.774000 2.752000 2.752000 2.792000 2.835000 2.736000 2.666000 2.666000 2.692000 2.741000 2.477000 2.134000 2.134000 2.191000 2.400000 2.502000 2.502000 2.502000 2.502000 2.502000 2.460000 2.289000 2.203000 2.203000 2.174000 2.135000 2.134000 2.134000 2.134000 2.134000 2.134000 2.106000 2.068000 2.030000 1.993000 1.957000 1.937000 1.937000 
2.609000 2.575000 2.529000 2.501000 2.488000 2.511000 2.546000 2.616000 2.631000 2.510000 2.470000 2.502000 2.331000 2.110000 2.110000 2.150000 2.299000 2.364000 2.351000 2.347000 2.347000 2.347000 2.320000 2.210000 2.154000 2.154000 2.136000 2.110000 2.110000 2.107000 2.094000 2.086000 2.086000 2.060000 2.022000 1.997000 1.970000 1.934000 1.915000 1.915000 
2.239000 2.175000 2.136000 2.099000 2.064000 2.060000 2.080000 2.423000 2.574000 2.258000 2.113000 2.117000 2.097000 2.071000 2.071000 2.085000 2.137000 2.143000 2.108000 2.099000 2.099000 2.099000 2.096000 2.083000 2.076000 2.076000 2.074000 2.071000 2.071000 2.063000 2.029000 2.010000 2.010000 1.984000 1.948000 1.944000 1.934000 1.899000 1.879000 1.879000 
2.155000 2.094000 2.075000 2.045000 2.007000 2.000000 2.009000 2.201000 2.287000 2.114000 2.033000 2.033000 2.033000 2.033000 2.033000 2.039000 2.058000 2.058000 2.038000 2.033000 2.033000 2.033000 2.038000 2.057000 2.066000 2.066000 2.066000 2.066000 2.048000 2.029000 2.010000 1.992000 1.974000 1.956000 1.938000 1.937000 1.930000 1.894000 1.874000 1.874000 
2.116000 2.065000 2.063000 2.042000 2.007000 2.000000 2.000000 2.000000 2.000000 2.000000 2.000000 2.000000 2.000000 2.000000 2.000000 2.000000 2.000000 2.000000 2.000000 2.000000 2.000000 2.000000 2.009000 2.047000 2.066000 2.066000 2.066000 2.066000 2.029000 1.999000 1.997000 1.980000 1.947000 1.937000 1.937000 1.935000 1.926000 1.893000 1.874000 1.874000 
2.086000 2.059000 2.035000 2.017000 2.003000 2.000000 2.000000 2.000000 2.000000 2.000000 2.000000 2.000000 2.000000 2.000000 2.000000 2.000000 2.000000 2.000000 2.000000 2.000000 2.000000 2.000000 2.009000 2.047000 2.066000 2.066000 2.066000 2.066000 2.029000 1.995000 1.972000 1.954000 1.941000 1.937000 1.937000 1.915000 1.894000 1.881000 1.874000 1.874000 
2.066000 2.054000 2.017000 2.000000 2.000000 2.000000 2.000000 2.000000 2.000000 2.000000 2.000000 2.000000 2.000000 2.000000 2.000000 2.000000 2.000000 2.000000 2.000000 2.000000 2.000000 2.000000 2.009000 2.047000 2.066000 2.066000 2.060000 2.053000 2.023000 1.992000 1.956000 1.937000 1.937000 1.937000 1.937000 1.903000 1.874000 1.874000 1.874000 1.874000 
2.066000 2.054000 2.017000 2.000000 2.000000 2.000000 2.000000 2.000000 2.000000 2.000000 2.000000 2.000000 2.000000 2.000000 2.000000 2.000000 2.000000 2.000000 2.000000 2.000000 2.000000 2.000000 2.009000 2.047000 2.066000 2.066000 2.045000 2.016000 2.007000 1.992000 1.956000 1.937000 1.937000 1.937000 1.937000 1.903000 1.874000 1.874000 1.874000 1.874000 
2.066000 2.054000 2.017000 2.000000 2.000000 2.000000 2.000000 2.000000 2.000000 2.000000 2.000000 2.000000 2.000000 2.000000 2.000000 2.000000 2.000000 2.000000 2.000000 2.000000 2.000000 2.000000 2.006000 2.031000 2.043000 2.043000 2.025000 2.000000 2.000000 1.992000 1.956000 1.937000 1.937000 1.937000 1.937000 1.903000 1.874000 1.874000 1.874000 1.874000 
2.066000 2.054000 2.017000 2.000000 2.000000 2.000000 2.000000 2.000000 2.000000 2.000000 2.000000 2.000000 2.000000 2.000000 2.000000 2.000000 2.000000 2.000000 2.000000 2.000000 2.000000 2.000000 2.001000 2.004000 2.006000 2.006000 2.003000 2.000000 2.000000 1.992000 1.956000 1.937000 1.937000 1.937000 1.937000 1.903000 1.874000 1.874000 1.874000 1.874000 
2.066000 2.054000 2.017000 2.000000 2.000000 2.000000 2.000000 2.000000 2.000000 2.000000 2.000000 2.000000 2.000000 2.000000 2.000000 2.000000 2.000000 2.000000 2.000000 1.987000 1.970000 1.970000 1.974000 1.991000 2.000000 2.000000 2.000000 2.000000 2.000000 1.992000 1.956000 1.937000 1.937000 1.937000 1.937000 1.919000 1.901000 1.884000 1.874000 1.874000 
2.063000 2.051000 2.013000 1.997000 1.997000 1.998000 2.000000 2.000000 2.000000 2.000000 2.000000 2.000000 2.000000 2.000000 2.000000 2.000000 2.000000 2.000000 2.000000 1.973000 1.937000 1.937000 1.946000 1.982000 2.000000 2.000000 2.000000 2.000000 2.000000 1.992000 1.958000 1.940000 1.940000 1.940000 1.940000 1.940000 1.933000 1.895000 1.873000 1.871000 
2.025000 2.014000 1.977000 1.961000 1.961000 1.979000 2.000000 2.000000 2.000000 2.000000 2.000000 2.000000 2.000000 2.000000 2.000000 2.000000 2.000000 2.000000 2.000000 1.973000 1.937000 1.937000 1.946000 1.982000 2.000000 2.000000 2.000000 2.000000 2.000000 1.997000 1.983000 1.976000 1.976000 1.976000 1.976000 1.976000 1.964000 1.906000 1.864000 1.843000 
2.000000 1.989000 1.953000 1.937000 1.937000 1.966000 2.000000 2.000000 2.000000 2.000000 2.000000 2.000000 2.000000 2.000000 2.007000 2.011000 2.003000 2.000000 2.000000 1.978000 1.949000 1.949000 1.958000 1.994000 2.013000 2.013000 2.013000 2.013000 2.006000 2.000000 2.000000 2.003000 2.011000 2.013000 2.013000 2.006000 1.988000 1.930000 1.877000 1.829000 
2.000000 1.989000 1.953000 1.937000 1.937000 1.966000 2.000000 2.000000 2.000000 2.000000 2.000000 2.000000 2.000000 2.001000 2.029000 2.042000 2.014000 2.000000 2.000000 1.993000 1.985000 1.985000 1.994000 2.031000 2.050000 2.050000 2.050000 2.050000 2.022000 2.000000 2.000000 2.013000 2.042000 2.050000 2.050000 2.023000 1.996000 1.979000 1.930000 1.841000 
2.000000 1.989000 1.953000 1.937000 1.937000 1.966000 2.000000 2.000000 2.000000 2.000000 2.000000 2.000000 2.000000 2.001000 2.039000 2.056000 2.018000 2.000000 2.000000 2.000000 2.000000 2.000000 2.009000 2.047000 2.066000 2.066000 2.066000 2.066000 2.029000 2.000000 2.000000 2.018000 2.055000 2.066000 2.066000 2.030000 2.000000 2.000000 1.952000 1.846000 
0.000000 0.000000 0.000000 0.000000 0.000000 0.000000 0.000000 0.000000 0.000000 0.000000 0.000000 0.000000 0.000000 0.000000 0.000000 0.000000 0.000000 0.000000 0.000000 0.000000 0.000000 0.000000 0.000000 0.000000 0.000000 0.000000 0.000000 0.000000 0.000000 0.000000 0.000000 0.000000 0.000000 0.000000 0.000000 0.000000 0.000000 0.000000 0.000000 0.000000 
0.000000 0.000000 0.000000 0.000000 0.000000 0.000000 0.000000 0.000000 0.000000 0.000000 0.000000 0.000000 0.000000 0.000000 0.000000 0.000000 0.000000 0.000000 0.000000 0.000000 0.000000 0.000000 0.000000 0.000000 0.000000 0.000000 0.000000 0.000000 0.000000 0.000000 0.000000 0.000000 0.000000 0.000000 0.000000 0.000000 0.000000 0.000000 0.000000 0.000000 
0.000000 0.000000 0.000000 0.000000 0.000000 0.000000 0.000000 0.000000 0.000000 0.000000 0.000000 0.000000 0.000000 0.000000 0.000000 0.000000 0.000000 0.000000 0.000000 0.000000 0.000000 0.000000 0.000000 0.000000 0.000000 0.000000 0.000000 0.000000 0.000000 0.000000 0.000000 0.000000 0.000000 0.000000 0.000000 0.000000 0.000000 0.000000 0.000000 0.000000 
0.000000 0.000000 0.000000 0.000000 0.000000 0.000000 0.000000 0.000000 0.000000 0.000000 0.000000 0.000000 0.000000 0.000000 0.000000 0.000000 0.000000 0.000000 0.000000 0.000000 0.000000 0.000000 0.000000 0.000000 0.000000 0.000000 0.000000 0.000000 0.000000 0.000000 0.000000 0.000000 0.000000 0.000000 0.000000 0.000000 0.000000 0.000000 0.000000 0.000000 
0.000000 0.000000 0.000000 0.000000 0.000000 0.000000 0.000000 0.000000 0.000000 0.000000 0.000000 0.000000 0.000000 0.000000 0.000000 0.000000 0.000000 0.000000 0.000000 0.000000 0.000000 0.000000 0.000000 0.000000 0.000000 0.000000 0.000000 0.000000 0.000000 0.000000 0.000000 0.000000 0.000000 0.000000 0.000000 0.000000 0.000000 0.000000 0.000000 0.000000 
0.000000 0.000000 0.000000 0.000000 0.000000 0.000000 0.000000 0.000000 0.000000 0.000000 0.000000 0.000000 0.000000 0.000000 0.000000 0.000000 0.000000 0.000000 0.000000 0.000000 0.000000 0.000000 0.000000 0.000000 0.000000 0.000000 0.000000 0.000000 0.000000 0.000000 0.000000 0.000000 0.000000 0.000000 0.000000 0.000000 0.000000 0.000000 0.000000 0.000000 
0.000000 0.000000 0.000000 0.000000 0.000000 0.000000 0.000000 0.000000 0.000000 0.000000 0.000000 0.000000 0.000000 0.000000 0.000000 0.000000 0.000000 0.000000 0.000000 0.000000 0.000000 0.000000 0.000000 0.000000 0.000000 0.000000 0.000000 0.000000 0.000000 0.000000 0.000000 0.000000 0.000000 0.000000 0.000000 0.000000 0.000000 0.000000 0.000000 0.000000 
0.000000 0.000000 0.000000 0.000000 0.000000 0.000000 0.000000 0.000000 0.000000 0.000000 0.000000 0.000000 0.000000 0.000000 0.000000 0.000000 0.000000 0.000000 0.000000 0.000000 0.000000 0.000000 0.000000 0.000000 0.000000 0.000000 0.000000 0.000000 0.000000 0.000000 0.000000 0.000000 0.000000 0.000000 0.000000 0.000000 0.000000 0.000000 0.000000 0.000000 
0.000000 0.000000 0.000000 0.000000 0.000000 0.000000 0.000000 0.000000 0.000000 0.000000 0.000000 0.000000 0.000000 0.000000 0.000000 0.000000 0.000000 0.000000 0.000000 0.000000 0.000000 0.000000 0.000000 0.000000 0.000000 0.000000 0.000000 0.000000 0.000000 0.000000 0.000000 0.000000 0.000000 0.000000 0.000000 0.000000 0.000000 0.000000 0.000000 0.000000 
0.000000 0.000000 0.000000 0.000000 0.000000 0.000000 0.000000 0.000000 0.000000 0.000000 0.000000 0.000000 0.000000 0.000000 0.000000 0.000000 0.000000 0.000000 0.000000 0.000000 0.000000 0.000000 0.000000 0.000000 0.000000 0.000000 0.000000 0.000000 0.000000 0.000000 0.000000 0.000000 0.000000 0.000000 0.000000 0.000000 0.000000 0.000000 0.000000 0.000000 
0.000000 0.000000 0.000000 0.000000 0.000000 0.000000 0.000000 0.000000 0.000000 0.000000 0.000000 0.000000 0.000000 0.000000 0.000000 0.000000 0.000000 0.000000 0.000000 0.000000 0.000000 0.000000 0.000000 0.000000 0.000000 0.000000 0.000000 0.000000 0.000000 0.000000 0.000000 0.000000 0.000000 0.000000 0.000000 0.000000 0.000000 0.000000 0.000000 0.000000 
0.000000 0.000000 0.000000 0.000000 0.000000 0.000000 0.000000 0.000000 0.000000 0.000000 0.000000 0.000000 0.000000 0.000000 0.000000 0.000000 0.000000 0.000000 0.000000 0.000000 0.000000 0.000000 0.000000 0.000000 0.000000 0.000000 0.000000 0.000000 0.000000 0.000000 0.000000 0.000000 0.000000 0.000000 0.000000 0.000000 0.000000 0.000000 0.000000 0.000000 
