40 40
0.000000 0.000000 0.000000 0.000000 0.000000 0.000000 0.000000 0.000000 0.000000 0.000000 0.000000 0.000000 0.000000 0.000000 0.000000 0.000000 0.000000 0.000000 0.000000 0.000000 0.000000 0.000000 0.000000 0.000000 0.000000 0.000000 0.000000 0.000000 0.000000 0.000000 0.000000 0.000000 0.000000 0.000000 0.000000 0.000000 0.000000 0.000000 0.000000 0.000000 
0.000000 0.000000 0.000000 0.000000 0.000000 0.000000 0.000000 0.000000 0.000000 0.000000 0.000000 0.000000 0.000000 0.000000 0.000000 0.000000 0.000000 0.000000 0.000000 0.000000 0.000000 0.000000 0.000000 0.000000 0.000000 0.000000 0.000000 0.000000 0.000000 0.000000 0.000000 0.000000 0.000000 0.000000 0.000000 0.000000 0.000000 0.000000 0.000000 0.000000 
0.000000 0.000000 0.000000 0.000000 0.000000 0.000000 0.000000 0.000000 0.000000 0.000000 0.000000 0.000000 0.000000 0.000000 0.000000 0.000000 0.000000 0.000000 0.000000 0.000000 0.000000 0.000000 0.000000 0.000000 0.000000 0.000000 0.000000 0.000000 0.000000 0.000000 0.000000 0.000000 0.000000 0.000000 0.000000 0.000000 0.000000 0.000000 0.000000 0.000000 
0.000000 0.000000 0.000000 0.000000 0.000000 0.000000 0.000000 0.000000 0.000000 0.000000 0.000000 0.000000 0.000000 0.000000 0.000000 0.000000 0.000000 0.000000 0.000000 0.000000 0.000000 0.000000 0.000000 0.000000 0.000000 0.000000 0.000000 0.000000 0.000000 0.000000 0.000000 0.000000 0.000000 0.000000 0.000000 0.000000 0.000000 0.000000 0.000000 0.000000 
0.000000 0.000000 0.000000 0.000000 0.000000 0.000000 0.000000 0.000000 0.000000 0.000000 0.000000 0.000000 0.000000 0.000000 0.000000 0.000000 0.000000 0.000000 0.000000 0.000000 0.000000 0.000000 0.000000 0.000000 0.000000 0.000000 0.000000 0.000000 0.000000 0.000000 0.000000 0.000000 0.000000 0.000000 0.000000 0.000000 0.000000 0.000000 0.000000 0.000000 
0.000000 0.000000 0.000000 0.000000 0.000000 0.000000 0.000000 0.000000 0.000000 0.000000 0.000000 0.000000 0.000000 0.000000 0.000000 0.000000 0.000000 0.000000 0.000000 0.000000 0.000000 0.000000 0.000000 0.000000 0.000000 0.000000 0.000000 0.000000 0.000000 0.000000 0.000000 0.000000 0.000000 0.000000 0.000000 0.000000 0.000000 0.000000 0.000000 0.000000 
0.000000 0.000000 0.000000 0.000000 0.000000 0.000000 0.000000 0.000000 0.000000 0.000000 0.000000 0.000000 0.000000 0.000000 0.000000 0.000000 0.000000 0.000000 0.000000 0.000000 0.000000 0.000000 0.000000 0.000000 0.000000 0.000000 0.000000 0.000000 0.000000 0.000000 0.000000 0.000000 0.000000 0.000000 0.000000 0.000000 0.000000 0.000000 0.000000 0.000000 
0.000000 0.000000 0.000000 0.000000 0.000000 0.000000 0.000000 0.000000 0.000000 0.000000 0.000000 0.000000 0.000000 0.000000 0.000000 0.000000 0.000000 0.000000 0.000000 0.000000 0.000000 0.000000 0.000000 0.000000 0.000000 0.000000 0.000000 0.000000 0.000000 0.000000 0.000000 0.000000 0.000000 0.000000 0.000000 0.000000 0.000000 0.000000 0.000000 0.000000 
0.000000 0.000000 0.000000 0.000000 0.000000 0.000000 0.000000 0.000000 0.000000 0.000000 0.000000 0.000000 0.000000 0.000000 0.000000 0.000000 0.000000 0.000000 0.000000 0.000000 0.000000 0.000000 0.000000 0.000000 0.000000 0.000000 0.000000 0.000000 0.000000 0.000000 0.000000 0.000000 0.000000 0.000000 0.000000 0.000000 0.000000 0.000000 0.000000 0.000000 
0.000000 0.000000 0.000000 0.000000 0.000000 0.000000 0.000000 0.000000 0.000000 0.000000 0.000000 0.000000 0.000000 0.000000 0.000000 0.000000 0.000000 0.000000 0.000000 0.000000 0.000000 0.000000 0.000000 0.000000 0.000000 0.000000 0.000000 0.000000 0.000000 0.000000 0.000000 0.000000 0.000000 0.000000 0.000000 0.000000 0.000000 0.000000 0.000000 0.000000 
0.000000 0.000000 0.000000 0.000000 0.000000 0.000000 0.000000 0.000000 0.000000 0.000000 0.000000 0.000000 0.000000 0.000000 0.000000 0.000000 0.000000 0.000000 0.000000 0.000000 0.000000 0.000000 0.000000 0.000000 0.000000 0.000000 0.000000 0.000000 0.000000 0.000000 0.000000 0.000000 0.000000 0.000000 0.000000 0.000000 0.000000 0.000000 0.000000 0.000000 
2.104000 2.036000 1.997000 1.959000 1.931000 1.931000 1.931000 1.931000 1.931000 1.931000 1.960000 1.998000 2.000000 2.004000 2.043000 2.072000 2.072000 2.055000 2.015000 2.000000 2.000000 1.971000 1.933000 1.931000 1.931000 1.931000 1.931000 1.931000 1.931000 1.931000 1.931000 1.931000 1.961000 1.999000 2.038000 2.072000 2.072000 2.072000 2.072000 2.072000 
2.072000 2.024000 1.997000 1.959000 1.931000 1.931000 1.931000 1.931000 1.931000 1.931000 1.960000 1.998000 2.000000 2.003000 2.030000 2.052000 2.065000 2.055000 2.015000 2.000000 2.000000 1.980000 1.954000 1.953000 1.952000 1.940000 1.931000 1.931000 1.936000 1.949000 1.953000 1.953000 1.973000 1.999000 2.026000 2.051000 2.063000 2.072000 2.072000 2.072000 
2.017000 2.005000 1.997000 1.959000 1.931000 1.931000 1.931000 1.931000 1.931000 1.931000 1.960000 1.998000 2.000000 2.001000 2.006000 2.019000 2.053000 2.055000 2.015000 2.000000 2.000000 1.996000 1.991000 1.991000 1.987000 1.954000 1.931000 1.931000 1.946000 1.978000 1.991000 1.991000 1.995000 2.000000 2.005000 2.014000 2.048000 2.072000 2.072000 2.072000 
1.975000 1.972000 1.970000 1.947000 1.931000 1.931000 1.931000 1.931000 1.940000 1.956000 1.976000 1.999000 2.000000 2.000000 2.000000 2.006000 2.029000 2.032000 2.009000 2.000000 2.000000 2.000000 2.000000 2.000000 1.997000 1.975000 1.959000 1.959000 1.969000 1.992000 2.000000 2.000000 2.000000 2.000000 2.000000 2.003000 2.026000 2.042000 2.042000 2.042000 
1.937000 1.934000 1.934000 1.932000 1.931000 1.931000 1.931000 1.931000 1.953000 1.989000 1.998000 2.000000 2.000000 2.000000 2.000000 2.000000 2.002000 2.002000 2.001000 2.000000 2.000000 2.000000 2.000000 2.000000 2.000000 1.998000 1.997000 1.997000 1.998000 1.999000 2.000000 2.000000 2.000000 2.000000 2.000000 2.000000 2.002000 2.003000 2.003000 2.003000 
1.932000 1.931000 1.931000 1.931000 1.931000 1.931000 1.939000 1.958000 1.977000 1.996000 2.000000 2.000000 2.000000 2.000000 2.000000 2.000000 2.000000 2.000000 2.000000 2.000000 2.000000 2.000000 2.000000 2.000000 2.000000 2.000000 2.000000 2.000000 2.000000 2.000000 2.000000 2.000000 2.000000 2.000000 2.000000 2.000000 2.000000 2.000000 2.000000 2.000000 
1.928000 1.929000 1.931000 1.933000 1.934000 1.934000 1.950000 1.986000 2.000000 2.000000 2.000000 2.000000 2.000000 2.000000 2.000000 2.000000 2.000000 2.000000 2.000000 2.000000 2.000000 2.000000 2.000000 2.000000 2.000000 2.000000 2.000000 2.000000 2.000000 2.000000 2.000000 2.000000 2.000000 2.000000 2.000000 2.000000 2.000000 2.000000 2.000000 2.000000 
1.890000 1.911000 1.933000 1.956000 1.972000 1.972000 1.979000 1.994000 2.000000 2.000000 2.000000 2.000000 2.000000 2.000000 2.000000 2.000000 2.000000 2.000000 2.000000 2.000000 2.000000 2.000000 2.000000 2.000000 2.000000 2.000000 2.000000 2.000000 2.000000 2.000000 2.000000 2.000000 2.000000 2.000000 2.000000 2.000000 2.000000 2.000000 2.000000 2.000000 
1.863000 1.897000 1.934000 1.972000 2.000000 2.000000 2.000000 2.000000 2.000000 2.000000 2.000000 2.000000 2.000000 1.999000 1.994000 1.990000 1.990000 1.993000 1.998000 2.000000 2.000000 2.000000 2.000000 2.000000 2.000000 2.000000 2.000000 2.000000 2.000000 2.000000 2.000000 2.000000 2.000000 2.000000 2.000000 1.999000 1.994000 1.990000 1.990000 1.993000 
1.863000 1.897000 1.934000 1.972000 2.000000 2.000000 2.000000 2.000000 2.000000 2.000000 2.000000 2.000000 2.000000 1.997000 1.971000 1.953000 1.953000 1.964000 1.990000 2.000000 2.000000 2.000000 2.000000 2.000000 2.000000 2.000000 2.000000 2.000000 2.000000 2.000000 2.000000 2.000000 2.000000 2.000000 2.000000 1.997000 1.971000 1.953000 1.953000 1.965000 
1.879000 1.913000 1.950000 1.979000 2.000000 2.000000 2.004000 2.013000 2.017000 2.017000 2.010000 2.001000 2.000000 1.996000 1.958000 1.931000 1.931000 1.944000 1.973000 1.984000 1.984000 1.984000 1.984000 1.992000 2.000000 2.000000 2.000000 2.000000 2.000000 2.000000 2.000000 2.000000 2.000000 2.000000 2.000000 1.995000 1.957000 1.931000 1.931000 1.949000 
1.916000 1.951000 1.986000 1.994000 2.000000 2.000000 2.013000 2.044000 2.056000 2.056000 2.033000 2.002000 2.000000 1.996000 1.958000 1.931000 1.931000 1.935000 1.943000 1.946000 1.946000 1.946000 1.946000 1.974000 2.000000 2.000000 2.000000 2.000000 2.000000 2.000000 2.000000 2.000000 2.000000 2.000000 2.000000 1.995000 1.957000 1.931000 1.931000 1.949000 
1.954000 1.977000 2.000000 2.000000 2.000000 2.000000 2.017000 2.056000 2.057000 2.032000 2.006000 1.979000 1.977000 1.975000 1.949000 1.931000 1.931000 1.931000 1.931000 1.931000 1.931000 1.931000 1.931000 1.955000 1.979000 1.991000 2.000000 2.000000 2.000000 2.000000 2.000000 2.000000 2.000000 2.000000 2.000000 1.997000 1.971000 1.691000 0.000000 0.000000 
1.991000 1.996000 2.000000 2.000000 2.000000 2.000000 2.017000 2.056000 2.032000 1.965000 1.945000 1.940000 1.940000 1.939000 1.934000 1.931000 1.931000 1.931000 1.931000 1.931000 1.931000 1.931000 1.931000 1.936000 1.944000 1.977000 2.000000 2.000000 2.000000 2.000000 2.000000 2.000000 2.000000 2.000000 2.000000 1.999000 1.995000 1.288000 0.000000 0.000000 
2.062000 2.061000 2.061000 2.061000 2.061000 2.061000 2.050000 2.023000 1.986000 1.941000 1.919000 1.904000 1.903000 1.903000 1.903000 1.898000 1.883000 1.875000 1.875000 1.884000 1.899000 1.903000 1.903000 1.903000 1.909000 1.962000 2.000000 2.000000 2.000000 2.000000 2.000000 2.000000 1.109000 0.000000 0.000000 0.000000 0.000000 0.000000 0.000000 0.000000 
2.143000 2.140000 2.140000 2.140000 2.140000 2.140000 2.092000 1.981000 1.934000 1.932000 1.904000 1.868000 1.865000 1.865000 1.865000 1.856000 1.821000 1.802000 1.802000 1.823000 1.858000 1.865000 1.865000 1.865000 1.874000 1.948000 2.000000 2.000000 2.000000 2.000000 2.000000 2.000000 0.000000 0.000000 0.000000 0.000000 0.000000 0.000000 0.000000 0.000000 
2.113000 2.108000 2.108000 2.108000 2.097000 2.058000 2.011000 1.954000 1.920000 1.901000 1.882000 1.864000 1.829000 1.797000 1.797000 1.797000 1.797000 1.797000 1.797000 1.819000 1.855000 1.863000 1.863000 1.863000 1.710000 0.000000 0.000000 0.000000 0.000000 0.000000 0.000000 0.000000 0.000000 0.000000 0.000000 0.000000 0.000000 0.000000 0.000000 0.000000 
2.078000 2.072000 2.072000 2.072000 2.052000 1.975000 1.931000 1.931000 1.909000 1.872000 1.863000 1.863000 1.797000 1.734000 1.734000 1.743000 1.778000 1.797000 1.797000 1.819000 1.855000 1.863000 1.863000 1.863000 1.555000 0.000000 0.000000 0.000000 0.000000 0.000000 0.000000 0.000000 0.000000 0.000000 0.000000 0.000000 0.000000 0.000000 0.000000 0.000000 
0.000000 0.000000 0.000000 0.000000 0.000000 0.000000 0.000000 0.000000 0.000000 0.000000 0.000000 0.000000 0.000000 0.000000 0.000000 0.000000 0.000000 0.000000 0.000000 0.000000 0.000000 0.000000 0.000000 0.000000 0.000000 0.000000 0.000000 0.000000 0.000000 0.000000 0.000000 0.000000 0.000000 0.000000 0.000000 0.000000 0.000000 0.000000 0.000000 0.000000 
0.000000 0.000000 0.000000 0.000000 0.000000 0.000000 0.000000 0.000000 0.000000 0.000000 0.000000 0.000000 0.000000 0.000000 0.000000 0.000000 0.000000 0.000000 0.000000 0.000000 0.000000 0.000000 0.000000 0.000000 0.000000 0.000000 0.000000 0.000000 0.000000 0.000000 0.000000 0.000000 0.000000 0.000000 0.000000 0.000000 0.000000 0.000000 0.000000 0.000000 
0.000000 0.000000 0.000000 0.000000 0.000000 0.000000 0.000000 0.000000 0.000000 0.000000 0.000000 0.000000 0.000000 0.000000 0.000000 0.000000 0.000000 0.000000 0.000000 0.000000 0.000000 0.000000 0.000000 0.000000 0.000000 0.000000 0.000000 0.000000 0.000000 0.000000 0.000000 0.000000 0.000000 0.000000 0.000000 0.000000 0.000000 0.000000 0.000000 0.000000 
0.000000 0.000000 0.000000 0.000000 0.000000 0.000000 0.000000 0.000000 0.000000 0.000000 0.000000 0.000000 0.000000 0.000000 0.000000 0.000000 0.000000 0.000000 0.000000 0.000000 0.000000 0.000000 0.000000 0.000000 0.000000 0.000000 0.000000 0.000000 0.000000 0.000000 0.000000 0.000000 0.000000 0.000000 0.000000 0.000000 0.000000 0.000000 0.000000 0.000000 
0.000000 0.000000 0.000000 0.000000 0.000000 0.000000 0.000000 0.000000 0.000000 0.000000 0.000000 0.000000 0.000000 0.000000 0.000000 0.000000 0.000000 0.000000 0.000000 0.000000 0.000000 0.000000 0.000000 0.000000 0.000000 0.000000 0.000000 0.000000 0.000000 0.000000 0.000000 0.000000 0.000000 0.000000 0.000000 0.000000 0.000000 0.000000 0.000000 0.000000 
0.000000 0.000000 0.000000 0.000000 0.000000 0.000000 0.000000 0.000000 0.000000 0.000000 0.000000 0.000000 0.000000 0.000000 0.000000 0.000000 0.000000 0.000000 0.000000 0.000000 0.000000 0.000000 0.000000 0.000000 0.000000 0.000000 0.000000 0.000000 0.000000 0.000000 0.000000 0.000000 0.000000 0.000000 0.000000 0.000000 0.000000 0.000000 0.000000 0.000000 
0.000000 0.000000 0.000000 0.000000 0.000000 0.000000 0.000000 0.000000 0.000000 0.000000 0.000000 0.000000 0.000000 0.000000 0.000000 0.000000 0.000000 0.000000 0.000000 0.000000 0.000000 0.000000 0.000000 0.000000 0.000000 0.000000 0.000000 0.000000 0.000000 0.000000 0.000000 0.000000 0.000000 0.000000 0.000000 0.000000 0.000000 0.000000 0.000000 0.000000 
0.000000 0.000000 0.000000 0.000000 0.000000 0.000000 0.000000 0.000000 0.000000 0.000000 0.000000 0.000000 0.000000 0.000000 0.000000 0.000000 0.000000 0.000000 0.000000 0.000000 0.000000 0.000000 0.000000 0.000000 0.000000 0.000000 0.000000 0.000000 0.000000 0.000000 0.000000 0.000000 0.000000 0.000000 0.000000 0.000000 0.000000 0.000000 0.000000 0.000000 
0.000000 0.000000 0.000000 0.000000 0.000000 0.000000 0.000000 0.000000 0.000000 0.000000 0.000000 0.000000 0.000000 0.000000 0.000000 0.000000 0.000000 0.000000 0.000000 0.000000 0.000000 0.000000 0.000000 0.000000 0.000000 0.000000 0.000000 0.000000 0.000000 0.000000 0.000000 0.000000 0.000000 0.000000 0.000000 0.000000 0.000000 0.000000 0.000000 0.000000 
0.000000 0.000000 0.000000 0.000000 0.000000 0.000000 0.000000 0.000000 0.000000 0.000000 0.000000 0.000000 0.000000 0.000000 0.000000 0.000000 0.000000 0.000000 0.000000 0.000000 0.000000 0.000000 0.000000 0.000000 0.000000 0.000000 0.000000 0.000000 0.000000 0.000000 0.000000 0.000000 0.000000 0.000000 0.000000 0.000000 0.000000 0.000000 0.000000 0.000000 
0.000000 0.000000 0.000000 0.000000 0.000000 0.000000 0.000000 0.000000 0.000000 0.000000 0.000000 0.000000 0.000000 0.000000 0.000000 0.000000 0.000000 0.000000 0.000000 0.000000 0.000000 0.000000 0.000000 0.000000 0.000000 0.000000 0.000000 0.000000 0.000000 0.000000 0.000000 0.000000 0.000000 0.000000 0.000000 0.000000 0.000000 0.000000 0.000000 0.000000 
