0.000000,0.000000,0.000000,0.000000,0.000000,0.000000,0.000000,0.000000,0.000000,0.000000,0.000000,0.000000,0.000000,0.000000,0.000000,0.000000,0.000000,0.000000,0.000000,0.000000,0.000000,0.000000,0.000000,0.000000,0.000000,0.000000,0.000000,0.000000,0.000000,0.000000,0.000000,0.000000,0.000000,0.000000,0.000000,0.000000,0.000000,0.000000,0.000000,0.000000,
0.000000,0.000000,0.000000,0.000000,0.000000,0.000000,0.000000,0.000000,0.000000,0.000000,0.000000,0.000000,0.000000,0.000000,0.000000,0.000000,0.000000,0.000000,0.000000,0.000000,0.000000,0.000000,0.000000,0.000000,0.000000,0.000000,0.000000,0.000000,0.000000,0.000000,0.000000,0.000000,0.000000,0.000000,0.000000,0.000000,0.000000,0.000000,0.000000,0.000000,
0.000000,0.000000,0.000000,0.000000,0.000000,0.000000,0.000000,0.000000,0.000000,0.000000,0.000000,0.000000,0.000000,0.000000,0.000000,0.000000,0.000000,0.000000,0.000000,0.000000,0.000000,0.000000,0.000000,0.000000,0.000000,0.000000,0.000000,0.000000,0.000000,0.000000,0.000000,0.000000,0.000000,0.000000,0.000000,0.000000,0.000000,0.000000,0.000000,0.000000,
0.000000,0.000000,0.000000,0.000000,0.000000,0.000000,0.000000,0.000000,0.000000,0.000000,0.000000,0.000000,0.000000,0.000000,0.000000,0.000000,0.000000,0.000000,0.000000,0.000000,0.000000,0.000000,0.000000,0.000000,0.000000,0.000000,0.000000,0.000000,0.000000,0.000000,0.000000,0.000000,0.000000,0.000000,0.000000,0.000000,0.000000,0.000000,0.000000,0.000000,
0.000000,0.000000,0.000000,0.000000,0.000000,0.000000,0.000000,0.000000,0.000000,0.000000,0.000000,0.000000,0.000000,0.000000,0.000000,0.000000,0.000000,0.000000,0.000000,0.000000,0.000000,0.000000,0.000000,0.000000,0.000000,0.000000,0.000000,0.000000,0.000000,0.000000,0.000000,0.000000,0.000000,0.000000,0.000000,0.000000,0.000000,0.000000,0.000000,0.000000,
0.000000,0.000000,0.000000,0.000000,0.000000,0.000000,0.000000,0.000000,0.000000,0.000000,0.000000,0.000000,0.000000,0.000000,0.000000,0.000000,0.000000,0.000000,0.000000,0.000000,0.000000,0.000000,0.000000,0.000000,0.000000,0.000000,0.000000,0.000000,0.000000,0.000000,0.000000,0.000000,0.000000,0.000000,0.000000,0.000000,0.000000,0.000000,0.000000,0.000000,
0.000000,0.000000,0.000000,0.000000,0.000000,0.000000,0.000000,0.000000,0.000000,0.000000,0.000000,0.000000,0.000000,0.000000,0.000000,0.000000,0.000000,0.000000,0.000000,0.000000,0.000000,0.000000,0.000000,0.000000,0.000000,0.000000,0.000000,0.000000,0.000000,0.000000,0.000000,0.000000,0.000000,0.000000,0.000000,0.000000,0.000000,0.000000,0.000000,0.000000,
0.000000,0.000000,0.000000,0.000000,0.000000,0.000000,0.000000,0.000000,0.000000,0.000000,0.000000,0.000000,0.000000,0.000000,0.000000,0.000000,0.000000,0.000000,0.000000,0.000000,0.000000,0.000000,0.000000,0.000000,0.000000,0.000000,0.000000,0.000000,0.000000,0.000000,0.000000,0.000000,2.461000,2.209000,2.226000,2.237000,2.237000,2.237000,2.237000,2.244000,
2.981000,2.912000,2.916000,2.973000,0.000000,0.000000,0.000000,0.000000,0.000000,0.000000,0.000000,0.000000,0.000000,0.000000,0.000000,0.000000,0.000000,0.000000,0.000000,0.000000,0.000000,0.000000,0.000000,0.000000,0.000000,0.000000,0.000000,0.000000,0.000000,0.000000,2.405000,2.307000,2.235000,2.209000,2.226000,2.237000,2.237000,2.237000,2.237000,2.238000,
2.940000,2.896000,2.891000,2.928000,2.970000,2.984000,0.000000,0.000000,0.000000,0.000000,0.000000,0.000000,0.000000,0.000000,0.000000,0.000000,0.000000,0.000000,0.000000,0.000000,0.000000,0.000000,0.000000,0.000000,0.000000,0.000000,0.000000,0.000000,0.000000,2.382000,2.206000,2.204000,2.209000,2.209000,2.212000,2.214000,2.214000,2.214000,2.214000,2.220000,
2.933000,2.924000,2.923000,2.930000,2.940000,2.943000,2.967000,0.000000,0.000000,0.000000,0.000000,0.000000,0.000000,0.000000,0.000000,0.000000,0.000000,0.000000,0.000000,0.000000,0.000000,0.000000,0.000000,2.816000,2.376000,2.376000,2.372000,2.345000,2.342000,2.152000,2.158000,2.182000,2.188000,2.188000,2.188000,2.188000,2.188000,2.188000,2.188000,1.619000,
2.933000,2.933000,2.933000,2.933000,2.933000,2.933000,2.940000,2.953000,2.960000,2.960000,2.968000,2.996000,0.000000,0.000000,0.000000,0.000000,0.000000,0.000000,0.000000,0.000000,0.000000,2.734000,2.403000,2.300000,2.123000,2.135000,2.134000,2.127000,2.127000,2.127000,2.151000,2.176000,2.181000,2.169000,2.162000,2.162000,2.162000,2.162000,2.162000,1.930000,
2.907000,2.907000,2.907000,2.907000,2.907000,2.907000,2.907000,2.907000,2.907000,2.907000,2.918000,2.958000,2.996000,0.000000,0.000000,2.995000,2.993000,2.560000,2.437000,2.437000,2.447000,2.269000,2.092000,2.101000,2.109000,2.127000,2.127000,2.126000,2.111000,2.111000,2.134000,2.159000,2.164000,2.157000,2.154000,2.154000,2.154000,2.154000,2.154000,2.161000,
2.891000,2.891000,2.891000,2.891000,2.891000,2.891000,2.878000,2.868000,2.674000,2.391000,2.536000,2.942000,2.913000,2.490000,2.490000,2.471000,2.481000,2.165000,2.075000,2.075000,2.075000,2.075000,2.080000,2.092000,2.104000,2.116000,2.127000,2.124000,2.087000,2.087000,2.109000,2.134000,2.139000,2.139000,2.148000,2.154000,2.154000,2.154000,2.159000,2.172000,
2.852000,2.869000,2.871000,2.871000,2.871000,2.614000,2.436000,2.421000,2.240000,1.976000,2.113000,2.495000,2.460000,2.038000,2.038000,2.038000,2.049000,2.051000,2.060000,2.063000,2.063000,2.063000,2.063000,2.072000,2.092000,2.104000,2.115000,2.111000,2.075000,2.075000,2.098000,2.122000,2.127000,2.127000,2.143000,2.154000,2.154000,2.154000,2.163000,2.181000,
2.809000,2.830000,2.833000,2.576000,2.493000,2.174000,1.963000,1.952000,1.962000,1.979000,1.990000,2.003000,2.015000,2.015000,2.015000,2.015000,2.015000,2.015000,2.025000,2.030000,2.030000,2.035000,2.040000,2.045000,2.065000,2.090000,2.092000,2.100000,2.086000,2.086000,2.108000,2.124000,2.127000,2.127000,2.143000,2.154000,2.154000,2.154000,2.163000,2.181000,
2.809000,2.809000,2.809000,2.179000,1.976000,1.976000,1.963000,1.952000,1.962000,1.984000,2.000000,1.998000,1.992000,1.992000,1.992000,1.999000,2.000000,2.000000,2.000000,2.000000,2.000000,2.008000,2.020000,2.025000,2.037000,2.067000,2.070000,2.092000,2.092000,2.092000,2.123000,2.127000,2.127000,2.127000,2.138000,2.145000,2.149000,2.154000,2.163000,2.181000,
2.820000,2.599000,2.573000,2.122000,1.976000,1.972000,1.960000,1.952000,1.959000,1.978000,1.994000,1.990000,1.976000,1.976000,1.976000,1.992000,1.994000,1.994000,1.994000,1.998000,2.000000,2.000000,2.011000,2.027000,2.037000,2.050000,2.054000,2.075000,2.075000,2.075000,2.114000,2.126000,2.127000,2.127000,2.127000,2.127000,2.139000,2.154000,2.163000,2.181000,
2.662000,2.002000,1.924000,1.960000,1.971000,1.957000,1.947000,1.947000,1.949000,1.958000,1.973000,1.975000,1.971000,1.971000,1.971000,1.976000,1.976000,1.976000,1.976000,1.991000,2.000000,2.000000,2.011000,2.034000,2.050000,2.050000,2.053000,2.070000,2.075000,2.075000,2.098000,2.122000,2.127000,2.127000,2.127000,2.127000,2.139000,2.154000,2.163000,2.181000,
1.906000,1.903000,1.903000,1.938000,1.949000,1.935000,1.926000,1.926000,1.934000,1.948000,1.958000,1.969000,1.952000,1.952000,1.952000,1.974000,1.976000,1.976000,1.976000,1.991000,2.000000,2.002000,2.013000,2.034000,2.050000,2.050000,2.050000,2.052000,2.075000,2.075000,2.098000,2.119000,2.126000,2.127000,2.127000,2.127000,2.139000,2.154000,2.163000,2.181000,
1.906000,1.886000,1.884000,1.916000,1.927000,1.914000,1.906000,1.906000,1.906000,1.921000,1.951000,1.952000,1.952000,1.952000,1.953000,1.974000,1.976000,1.977000,1.977000,1.992000,2.000000,2.012000,2.024000,2.034000,2.050000,2.051000,2.050000,2.052000,2.075000,2.075000,2.098000,2.101000,2.119000,2.124000,2.124000,2.126000,2.139000,2.152000,2.160000,2.178000,
1.906000,1.886000,1.884000,1.884000,1.899000,1.906000,1.906000,1.906000,1.906000,1.914000,1.935000,1.952000,1.952000,1.953000,1.975000,1.976000,1.976000,1.995000,2.000000,2.000000,2.000000,2.000000,2.011000,2.034000,2.057000,2.069000,2.050000,2.052000,2.075000,2.075000,2.098000,2.101000,2.101000,2.084000,2.076000,2.103000,2.127000,2.127000,2.127000,2.134000,
1.865000,1.863000,1.863000,1.879000,1.885000,1.886000,1.897000,1.906000,1.906000,1.914000,1.929000,1.935000,1.952000,1.952000,1.954000,1.974000,1.976000,1.995000,2.000000,2.000000,2.000000,2.000000,2.011000,2.034000,2.051000,2.052000,2.050000,2.050000,2.052000,2.074000,2.098000,2.082000,2.060000,2.053000,2.066000,2.102000,2.127000,2.127000,2.127000,2.134000,
1.881000,1.863000,1.861000,1.878000,1.884000,1.884000,1.886000,1.887000,1.895000,1.914000,1.929000,1.930000,1.935000,1.952000,1.952000,1.974000,1.976000,1.979000,1.994000,2.000000,2.000000,2.000000,2.011000,2.034000,2.050000,2.050000,2.050000,2.050000,2.050000,2.074000,2.078000,2.042000,2.030000,2.029000,0.000000,0.000000,0.000000,2.127000,2.127000,1.499000,
1.850000,1.845000,1.873000,1.883000,1.884000,1.884000,1.884000,1.884000,1.893000,1.914000,1.929000,1.929000,1.932000,1.952000,1.952000,1.957000,1.973000,1.976000,1.980000,1.993000,2.000000,2.000000,2.019000,2.046000,2.050000,2.046000,2.031000,2.032000,2.050000,2.074000,2.058000,2.031000,2.025000,2.025000,0.000000,0.000000,0.000000,0.000000,2.127000,1.386000,
1.840000,1.840000,1.876000,1.884000,1.884000,1.884000,1.893000,1.900000,1.902000,1.914000,1.929000,1.932000,1.946000,1.952000,1.952000,1.952000,1.972000,1.976000,1.976000,1.991000,2.000000,2.009000,2.032000,2.044000,2.032000,2.027000,2.007000,2.011000,2.050000,2.074000,2.053000,2.030000,2.025000,0.000000,0.000000,0.000000,0.000000,0.000000,0.000000,0.000000,
1.853000,1.853000,1.879000,1.884000,1.884000,1.893000,1.902000,1.906000,1.906000,1.909000,1.918000,1.934000,1.952000,1.953000,1.967000,1.953000,1.959000,1.961000,1.961000,1.976000,1.993000,2.013000,2.036000,2.041000,2.020000,2.004000,1.985000,1.835000,0.000000,0.000000,0.000000,0.000000,0.000000,0.000000,0.000000,0.000000,0.000000,0.000000,0.000000,0.000000,
1.874000,1.874000,1.882000,1.884000,1.884000,1.890000,1.900000,1.906000,1.906000,1.906000,1.912000,1.934000,1.952000,1.953000,1.976000,1.954000,1.952000,1.952000,1.952000,1.967000,1.990000,2.013000,2.036000,2.041000,2.018000,1.995000,1.976000,1.739000,0.000000,0.000000,0.000000,0.000000,0.000000,0.000000,0.000000,0.000000,0.000000,0.000000,0.000000,0.000000,
1.884000,1.884000,1.884000,1.884000,1.884000,1.884000,1.890000,1.900000,1.906000,1.910000,1.921000,1.934000,1.952000,1.953000,1.976000,1.954000,1.952000,1.952000,1.952000,1.967000,1.165000,0.000000,0.000000,0.000000,0.000000,0.000000,0.000000,0.000000,0.000000,0.000000,0.000000,0.000000,0.000000,0.000000,0.000000,0.000000,0.000000,0.000000,0.000000,0.000000,
1.884000,1.884000,1.884000,1.884000,1.884000,1.884000,1.884000,1.890000,1.900000,1.910000,1.922000,1.932000,1.945000,1.963000,1.976000,1.963000,1.954000,1.952000,1.952000,1.178000,0.000000,0.000000,0.000000,0.000000,0.000000,0.000000,0.000000,0.000000,0.000000,0.000000,0.000000,0.000000,0.000000,0.000000,0.000000,0.000000,0.000000,0.000000,0.000000,0.000000,
1.884000,1.884000,1.884000,1.884000,1.884000,1.884000,1.884000,1.884000,1.893000,1.906000,1.912000,1.929000,1.935000,1.975000,1.967000,1.967000,1.947000,1.944000,1.950000,0.000000,0.000000,0.000000,0.000000,0.000000,0.000000,0.000000,0.000000,0.000000,0.000000,0.000000,0.000000,0.000000,0.000000,0.000000,0.000000,0.000000,0.000000,0.000000,0.000000,0.000000,
1.884000,1.873000,1.871000,1.876000,1.882000,1.884000,1.884000,1.884000,1.893000,1.906000,1.912000,1.766000,1.113000,1.189000,1.943000,1.952000,1.927000,1.922000,1.356000,0.000000,0.000000,0.000000,0.000000,0.000000,0.000000,0.000000,0.000000,0.000000,0.000000,0.000000,0.000000,0.000000,0.000000,0.000000,0.000000,0.000000,0.000000,0.000000,0.000000,0.000000,
1.884000,1.845000,1.840000,1.856000,1.877000,1.884000,1.884000,1.884000,1.893000,1.906000,1.912000,1.372000,0.000000,0.000000,1.921000,1.952000,1.913000,1.906000,0.000000,0.000000,0.000000,0.000000,0.000000,0.000000,0.000000,0.000000,0.000000,0.000000,0.000000,0.000000,0.000000,0.000000,0.000000,0.000000,0.000000,0.000000,0.000000,0.000000,0.000000,0.000000,
0.000000,0.000000,0.000000,0.000000,0.000000,0.000000,0.000000,0.000000,0.000000,0.000000,0.000000,0.000000,0.000000,0.000000,0.000000,0.000000,0.000000,0.000000,0.000000,0.000000,0.000000,0.000000,0.000000,0.000000,0.000000,0.000000,0.000000,0.000000,0.000000,0.000000,0.000000,0.000000,0.000000,0.000000,0.000000,0.000000,0.000000,0.000000,0.000000,0.000000,
0.000000,0.000000,0.000000,0.000000,0.000000,0.000000,0.000000,0.000000,0.000000,0.000000,0.000000,0.000000,0.000000,0.000000,0.000000,0.000000,0.000000,0.000000,0.000000,0.000000,0.000000,0.000000,0.000000,0.000000,0.000000,0.000000,0.000000,0.000000,0.000000,0.000000,0.000000,0.000000,0.000000,0.000000,0.000000,0.000000,0.000000,0.000000,0.000000,0.000000,
0.000000,0.000000,0.000000,0.000000,0.000000,0.000000,0.000000,0.000000,0.000000,0.000000,0.000000,0.000000,0.000000,0.000000,0.000000,0.000000,0.000000,0.000000,0.000000,0.000000,0.000000,0.000000,0.000000,0.000000,0.000000,0.000000,0.000000,0.000000,0.000000,0.000000,0.000000,0.000000,0.000000,0.000000,0.000000,0.000000,0.000000,0.000000,0.000000,0.000000,
0.000000,0.000000,0.000000,0.000000,0.000000,0.000000,0.000000,0.000000,0.000000,0.000000,0.000000,0.000000,0.000000,0.000000,0.000000,0.000000,0.000000,0.000000,0.000000,0.000000,0.000000,0.000000,0.000000,0.000000,0.000000,0.000000,0.000000,0.000000,0.000000,0.000000,0.000000,0.000000,0.000000,0.000000,0.000000,0.000000,0.000000,0.000000,0.000000,0.000000,
0.000000,0.000000,0.000000,0.000000,0.000000,0.000000,0.000000,0.000000,0.000000,0.000000,0.000000,0.000000,0.000000,0.000000,0.000000,0.000000,0.000000,0.000000,0.000000,0.000000,0.000000,0.000000,0.000000,0.000000,0.000000,0.000000,0.000000,0.000000,0.000000,0.000000,0.000000,0.000000,0.000000,0.000000,0.000000,0.000000,0.000000,0.000000,0.000000,0.000000,
0.000000,0.000000,0.000000,0.000000,0.000000,0.000000,0.000000,0.000000,0.000000,0.000000,0.000000,0.000000,0.000000,0.000000,0.000000,0.000000,0.000000,0.000000,0.000000,0.000000,0.000000,0.000000,0.000000,0.000000,0.000000,0.000000,0.000000,0.000000,0.000000,0.000000,0.000000,0.000000,0.000000,0.000000,0.000000,0.000000,0.000000,0.000000,0.000000,0.000000,
0.000000,0.000000,0.000000,0.000000,0.000000,0.000000,0.000000,0.000000,0.000000,0.000000,0.000000,0.000000,0.000000,0.000000,0.000000,0.000000,0.000000,0.000000,0.000000,0.000000,0.000000,0.000000,0.000000,0.000000,0.000000,0.000000,0.000000,0.000000,0.000000,0.000000,0.000000,0.000000,0.000000,0.000000,0.000000,0.000000,0.000000,0.000000,0.000000,0.000000,
