40 40
0.000000 0.000000 0.000000 0.000000 0.000000 0.000000 0.000000 0.000000 0.000000 0.000000 0.000000 0.000000 0.000000 0.000000 0.000000 0.000000 2.000000 1.998000 1.998000 1.989000 1.982000 1.978000 1.978000 0.000000 0.000000 0.000000 0.000000 0.000000 0.000000 0.000000 0.000000 0.000000 0.000000 0.000000 0.000000 0.000000 0.000000 0.000000 0.000000 0.000000 
0.000000 0.000000 0.000000 0.000000 0.000000 0.000000 0.000000 0.000000 0.000000 0.000000 0.000000 0.000000 0.000000 0.000000 0.000000 2.273000 1.993000 1.989000 1.989000 1.987000 1.978000 1.978000 1.972000 1.968000 0.000000 0.000000 0.000000 0.000000 0.000000 0.000000 0.000000 0.000000 0.000000 0.000000 0.000000 0.000000 0.000000 0.000000 0.000000 0.000000 
0.000000 0.000000 0.000000 0.000000 0.000000 0.000000 0.000000 0.000000 0.000000 0.000000 0.000000 0.000000 0.000000 0.000000 2.168000 1.989000 1.989000 1.989000 1.989000 1.987000 1.978000 1.978000 1.966000 1.972000 1.978000 0.000000 0.000000 0.000000 0.000000 0.000000 0.000000 0.000000 0.000000 0.000000 0.000000 0.000000 0.000000 0.000000 0.000000 0.000000 
0.000000 0.000000 0.000000 0.000000 0.000000 0.000000 0.000000 0.000000 0.000000 0.000000 0.000000 0.000000 2.564000 2.000000 2.000000 1.998000 1.989000 1.989000 1.989000 1.987000 1.979000 1.978000 1.978000 1.980000 1.981000 2.499000 0.000000 0.000000 0.000000 0.000000 0.000000 0.000000 0.000000 0.000000 0.000000 0.000000 0.000000 0.000000 0.000000 0.000000 
0.000000 0.000000 0.000000 0.000000 0.000000 0.000000 0.000000 0.000000 0.000000 0.000000 0.000000 2.005000 2.001000 2.000000 2.000000 1.991000 1.989000 1.989000 1.989000 1.989000 1.983000 1.978000 1.978000 1.985000 1.989000 0.000000 0.000000 0.000000 0.000000 0.000000 0.000000 0.000000 0.000000 0.000000 0.000000 0.000000 0.000000 0.000000 0.000000 0.000000 
0.000000 0.000000 0.000000 0.000000 0.000000 0.000000 0.000000 2.269000 2.140000 2.048000 2.000000 2.000000 2.000000 2.000000 2.000000 1.991000 1.989000 1.989000 1.989000 1.989000 1.983000 1.978000 1.978000 1.985000 1.989000 1.917000 0.000000 0.000000 0.000000 0.000000 0.000000 0.000000 0.000000 0.000000 0.000000 0.000000 0.000000 0.000000 0.000000 0.000000 
0.000000 0.000000 0.000000 0.000000 0.000000 2.030000 2.024000 2.005000 2.004000 2.001000 2.000000 2.000000 1.998000 1.997000 1.993000 1.989000 1.989000 1.989000 1.989000 1.989000 1.983000 1.978000 1.978000 1.983000 1.989000 1.989000 1.064000 0.000000 0.000000 0.000000 0.000000 0.000000 0.000000 0.000000 0.000000 0.000000 0.000000 0.000000 0.000000 0.000000 
0.000000 0.000000 0.000000 0.000000 2.930000 2.016000 2.016000 2.012000 2.012000 2.009000 2.000000 2.000000 1.992000 1.989000 1.989000 1.989000 1.989000 1.989000 1.989000 1.989000 1.983000 1.978000 1.978000 1.978000 1.989000 1.982000 1.979000 2.949000 0.000000 0.000000 0.000000 0.000000 0.000000 0.000000 0.000000 0.000000 0.000000 0.000000 0.000000 0.000000 
0.000000 0.000000 2.024000 2.018000 2.012000 2.012000 2.012000 2.012000 2.008000 2.000000 2.000000 2.000000 1.992000 1.989000 1.989000 1.989000 1.989000 1.989000 1.989000 1.978000 1.978000 1.978000 1.966000 1.973000 1.978000 1.978000 1.978000 1.977000 0.000000 0.000000 0.000000 0.000000 0.000000 0.000000 0.000000 0.000000 0.000000 0.000000 0.000000 0.000000 
0.000000 0.000000 2.024000 2.018000 2.012000 2.012000 2.012000 2.012000 2.010000 2.002000 2.000000 2.000000 2.000000 1.989000 1.989000 1.989000 1.989000 1.989000 1.989000 1.982000 1.980000 1.978000 1.970000 1.975000 1.978000 1.978000 1.963000 1.955000 0.000000 0.000000 0.000000 0.000000 0.000000 0.000000 0.000000 0.000000 0.000000 0.000000 0.000000 0.000000 
0.000000 0.000000 2.024000 2.022000 2.021000 2.012000 2.012000 2.012000 2.012000 2.004000 2.000000 2.000000 2.000000 1.989000 1.989000 1.989000 1.989000 1.989000 1.989000 1.989000 1.987000 1.979000 1.978000 1.978000 1.978000 1.978000 1.974000 1.971000 0.000000 0.000000 0.000000 0.000000 0.000000 0.000000 0.000000 0.000000 0.000000 0.000000 0.000000 0.000000 
0.000000 0.000000 2.034000 2.029000 2.024000 2.024000 2.024000 2.013000 2.012000 2.004000 2.000000 2.000000 2.000000 2.000000 1.996000 1.990000 1.990000 1.990000 1.990000 1.989000 1.989000 1.989000 1.978000 1.984000 1.978000 1.978000 1.977000 1.977000 0.000000 0.000000 0.000000 0.000000 0.000000 0.000000 0.000000 0.000000 0.000000 0.000000 0.000000 0.000000 
0.000000 0.000000 2.024000 2.024000 2.024000 2.024000 2.024000 2.024000 2.012000 2.004000 2.000000 2.000000 2.000000 2.000000 2.000000 2.000000 1.995000 1.998000 1.996000 1.989000 1.989000 1.989000 1.978000 1.978000 1.978000 1.978000 1.970000 1.966000 1.981000 0.000000 0.000000 0.000000 0.000000 0.000000 0.000000 0.000000 0.000000 0.000000 0.000000 0.000000 
0.000000 0.000000 0.000000 2.024000 2.024000 2.024000 2.024000 2.024000 2.009000 2.001000 2.000000 2.000000 2.000000 2.000000 2.000000 2.000000 1.989000 1.990000 1.989000 1.989000 1.989000 1.989000 1.987000 1.981000 1.978000 1.978000 1.976000 1.976000 1.989000 1.989000 0.000000 0.000000 0.000000 0.000000 0.000000 0.000000 0.000000 0.000000 0.000000 0.000000 
0.000000 0.000000 0.000000 0.000000 2.035000 2.035000 2.028000 2.013000 2.008000 2.000000 2.000000 2.000000 2.000000 2.000000 2.000000 2.000000 1.999000 1.989000 1.989000 1.989000 1.989000 1.989000 1.989000 1.989000 1.980000 1.979000 1.978000 1.989000 1.990000 1.996000 2.202000 0.000000 0.000000 0.000000 0.000000 0.000000 0.000000 0.000000 0.000000 0.000000 
0.000000 0.000000 0.000000 0.000000 2.035000 2.032000 2.024000 2.007000 2.006000 2.006000 2.006000 2.000000 2.000000 2.000000 2.000000 2.000000 1.999000 1.994000 1.990000 1.989000 1.989000 1.989000 1.989000 1.989000 1.989000 1.986000 1.978000 1.989000 1.993000 1.989000 2.000000 0.000000 0.000000 0.000000 0.000000 0.000000 0.000000 0.000000 0.000000 0.000000 
0.000000 0.000000 0.000000 0.000000 2.035000 2.032000 2.024000 2.001000 2.004000 2.012000 2.002000 2.000000 2.000000 2.000000 2.000000 2.000000 2.000000 1.996000 1.989000 1.989000 1.989000 1.989000 1.989000 1.989000 1.989000 1.988000 1.987000 1.989000 1.989000 1.989000 1.991000 0.000000 0.000000 0.000000 0.000000 0.000000 0.000000 0.000000 0.000000 0.000000 
0.000000 0.000000 0.000000 0.000000 2.035000 2.031000 2.017000 2.012000 2.012000 2.012000 2.000000 2.000000 2.000000 2.000000 2.000000 2.000000 2.000000 1.996000 1.991000 1.989000 1.990000 1.989000 1.989000 1.989000 1.989000 1.989000 1.989000 1.989000 1.989000 1.989000 1.989000 1.989000 0.000000 0.000000 0.000000 0.000000 0.000000 0.000000 0.000000 0.000000 
0.000000 0.000000 0.000000 0.000000 0.000000 2.024000 2.021000 2.012000 2.012000 2.012000 2.000000 2.000000 2.000000 2.000000 1.997000 1.994000 2.000000 2.000000 2.000000 1.989000 1.995000 1.990000 1.989000 1.989000 1.989000 1.989000 1.989000 1.989000 1.993000 1.989000 1.989000 1.989000 2.974000 0.000000 0.000000 0.000000 0.000000 0.000000 0.000000 0.000000 
0.000000 0.000000 0.000000 0.000000 0.000000 2.032000 2.024000 2.023000 2.012000 2.012000 2.011000 2.007000 2.000000 2.000000 1.995000 1.989000 2.000000 2.000000 2.000000 1.999000 2.000000 1.990000 1.989000 1.989000 1.989000 1.979000 1.979000 1.979000 1.990000 1.989000 1.989000 1.989000 1.989000 0.000000 0.000000 0.000000 0.000000 0.000000 0.000000 0.000000 
0.000000 0.000000 0.000000 0.000000 0.000000 0.000000 2.017000 2.012000 2.012000 2.012000 2.012000 2.008000 2.000000 2.000000 2.000000 2.000000 2.000000 2.000000 2.000000 2.000000 2.000000 2.000000 1.991000 1.989000 1.989000 1.980000 1.978000 1.978000 1.989000 1.989000 1.989000 1.989000 1.998000 2.289000 0.000000 0.000000 0.000000 0.000000 0.000000 0.000000 
0.000000 0.000000 0.000000 0.000000 0.000000 0.000000 2.645000 2.012000 2.012000 2.012000 2.012000 2.008000 2.000000 2.000000 2.003000 2.002000 2.000000 2.000000 2.000000 2.000000 2.000000 2.000000 1.997000 1.989000 1.989000 1.986000 1.978000 1.978000 1.989000 1.994000 1.996000 1.993000 1.992000 1.989000 2.514000 0.000000 0.000000 0.000000 0.000000 0.000000 
0.000000 0.000000 0.000000 0.000000 0.000000 0.000000 0.000000 2.002000 2.004000 2.012000 2.012000 2.008000 2.000000 2.012000 2.012000 2.003000 2.000000 2.000000 2.000000 2.000000 2.000000 2.000000 1.989000 1.989000 1.989000 1.989000 1.989000 1.989000 2.000000 2.000000 2.000000 1.995000 1.989000 1.987000 1.978000 0.000000 0.000000 0.000000 0.000000 0.000000 
0.000000 0.000000 0.000000 0.000000 0.000000 0.000000 0.000000 2.857000 2.009000 2.012000 2.012000 2.012000 2.012000 2.012000 2.010000 2.002000 2.000000 2.000000 2.000000 2.000000 2.000000 2.000000 1.989000 1.989000 1.989000 1.989000 1.989000 1.989000 2.000000 2.000000 2.000000 1.997000 1.992000 1.991000 1.981000 1.984000 0.000000 0.000000 0.000000 0.000000 
0.000000 0.000000 0.000000 0.000000 0.000000 0.000000 0.000000 0.000000 2.015000 2.012000 2.012000 2.004000 2.010000 2.012000 2.007000 2.000000 2.000000 2.000000 2.000000 2.000000 2.000000 2.000000 1.994000 1.989000 1.989000 1.989000 1.989000 1.989000 2.000000 2.000000 2.000000 2.000000 2.000000 1.999000 1.993000 1.992000 0.000000 0.000000 0.000000 0.000000 
0.000000 0.000000 0.000000 0.000000 0.000000 0.000000 0.000000 0.000000 0.000000 2.012000 2.012000 2.000000 2.009000 2.012000 2.012000 2.003000 2.000000 2.000000 2.000000 2.000000 2.000000 2.000000 1.997000 1.989000 1.989000 1.989000 1.989000 1.989000 2.000000 2.000000 2.000000 2.000000 2.000000 2.000000 1.994000 1.989000 1.988000 0.000000 0.000000 0.000000 
0.000000 0.000000 0.000000 0.000000 0.000000 0.000000 0.000000 0.000000 0.000000 2.337000 2.017000 2.017000 2.013000 2.012000 2.010000 2.007000 2.000000 2.000000 2.000000 2.000000 2.000000 2.000000 2.000000 1.993000 1.989000 1.989000 1.989000 1.989000 2.000000 2.000000 2.000000 2.000000 2.000000 2.000000 1.994000 1.980000 1.966000 0.000000 0.000000 0.000000 
0.000000 0.000000 0.000000 0.000000 0.000000 0.000000 0.000000 0.000000 0.000000 2.860000 2.024000 2.024000 2.015000 2.012000 2.007000 2.000000 2.000000 2.000000 2.000000 2.000000 2.000000 2.000000 2.000000 1.993000 1.989000 1.989000 1.989000 1.989000 2.000000 2.000000 2.000000 2.000000 2.000000 2.000000 1.999000 1.995000 1.975000 0.000000 0.000000 0.000000 
0.000000 0.000000 0.000000 0.000000 0.000000 0.000000 0.000000 0.000000 0.000000 0.000000 2.246000 2.019000 2.012000 2.012000 2.007000 2.000000 2.000000 2.000000 2.000000 2.000000 2.000000 2.000000 2.000000 2.000000 2.000000 1.996000 1.989000 1.989000 2.000000 2.000000 1.999000 1.999000 1.999000 2.000000 2.000000 1.991000 1.989000 0.000000 0.000000 0.000000 
0.000000 0.000000 0.000000 0.000000 0.000000 0.000000 0.000000 0.000000 0.000000 0.000000 0.000000 2.007000 2.011000 2.012000 2.009000 2.005000 2.005000 2.000000 2.000000 2.000000 2.000000 2.000000 1.999000 1.995000 2.000000 1.989000 1.989000 1.989000 2.000000 2.000000 1.989000 1.989000 1.989000 1.995000 1.995000 1.990000 1.989000 0.000000 0.000000 0.000000 
0.000000 0.000000 0.000000 0.000000 0.000000 0.000000 0.000000 0.000000 0.000000 0.000000 0.000000 2.000000 2.009000 2.013000 2.017000 2.012000 2.012000 2.005000 2.000000 2.000000 2.000000 2.000000 1.997000 1.989000 1.991000 1.989000 1.989000 1.989000 2.000000 2.000000 1.989000 1.989000 1.989000 1.989000 1.989000 1.989000 1.989000 0.000000 0.000000 0.000000 
0.000000 0.000000 0.000000 0.000000 0.000000 0.000000 0.000000 0.000000 0.000000 0.000000 0.000000 0.000000 2.124000 2.014000 2.020000 2.012000 2.012000 2.005000 2.000000 2.000000 2.001000 2.000000 1.997000 1.989000 1.989000 1.989000 1.989000 1.989000 2.001000 2.000000 1.999000 1.991000 1.989000 1.989000 1.989000 1.990000 2.076000 0.000000 0.000000 0.000000 
0.000000 0.000000 0.000000 0.000000 0.000000 0.000000 0.000000 0.000000 0.000000 0.000000 0.000000 0.000000 0.000000 2.030000 2.027000 2.015000 2.010000 2.000000 2.000000 2.000000 2.003000 2.001000 1.999000 1.995000 1.989000 1.989000 1.993000 1.995000 2.010000 2.002000 2.000000 2.000000 1.991000 1.990000 1.995000 0.000000 0.000000 0.000000 0.000000 0.000000 
0.000000 0.000000 0.000000 0.000000 0.000000 0.000000 0.000000 0.000000 0.000000 0.000000 0.000000 0.000000 0.000000 2.035000 2.030000 2.015000 2.002000 2.000000 2.000000 2.000000 2.000000 2.000000 1.998000 1.991000 1.998000 1.998000 1.999000 2.000000 2.012000 2.003000 2.000000 2.000000 1.991000 2.332000 0.000000 0.000000 0.000000 0.000000 0.000000 0.000000 
0.000000 0.000000 0.000000 0.000000 0.000000 0.000000 0.000000 0.000000 0.000000 0.000000 0.000000 0.000000 0.000000 2.046000 2.030000 2.015000 2.000000 2.000000 2.000000 2.000000 2.000000 2.000000 1.998000 1.991000 2.000000 2.000000 2.000000 2.000000 2.000000 1.992000 2.038000 0.000000 0.000000 0.000000 0.000000 0.000000 0.000000 0.000000 0.000000 0.000000 
0.000000 0.000000 0.000000 0.000000 0.000000 0.000000 0.000000 0.000000 0.000000 0.000000 0.000000 0.000000 0.000000 0.000000 2.033000 2.021000 2.007000 2.003000 2.000000 2.000000 2.000000 2.000000 2.000000 2.000000 2.000000 2.000000 2.000000 2.000000 2.569000 0.000000 0.000000 0.000000 0.000000 0.000000 0.000000 0.000000 0.000000 0.000000 0.000000 0.000000 
0.000000 0.000000 0.000000 0.000000 0.000000 0.000000 0.000000 0.000000 0.000000 0.000000 0.000000 0.000000 0.000000 0.000000 2.035000 2.034000 2.023000 2.017000 2.002000 2.000000 2.000000 2.000000 2.000000 2.000000 2.000000 2.011000 2.011000 2.068000 0.000000 0.000000 0.000000 0.000000 0.000000 0.000000 0.000000 0.000000 0.000000 0.000000 0.000000 0.000000 
0.000000 0.000000 0.000000 0.000000 0.000000 0.000000 0.000000 0.000000 0.000000 0.000000 0.000000 0.000000 0.000000 0.000000 0.000000 2.037000 2.034000 2.018000 2.005000 2.000000 2.002000 2.014000 2.012000 2.012000 2.012000 2.018000 2.018000 2.773000 0.000000 0.000000 0.000000 0.000000 0.000000 0.000000 0.000000 0.000000 0.000000 0.000000 0.000000 0.000000 
0.000000 0.000000 0.000000 0.000000 0.000000 0.000000 0.000000 0.000000 0.000000 0.000000 0.000000 0.000000 0.000000 0.000000 0.000000 2.035000 2.034000 2.018000 2.012000 2.007000 2.010000 2.023000 2.012000 2.012000 0.000000 0.000000 0.000000 0.000000 0.000000 0.000000 0.000000 0.000000 0.000000 2.835000 2.000000 1.981000 0.000000 0.000000 0.000000 0.000000 
0.000000 0.000000 0.000000 0.000000 0.000000 0.000000 0.000000 0.000000 0.000000 0.000000 0.000000 0.000000 0.000000 0.000000 0.000000 2.024000 2.024000 2.024000 2.014000 2.012000 0.000000 2.285000 2.034000 0.000000 0.000000 0.000000 1.474000 0.000000 2.130000 2.129000 2.123000 2.058000 2.058000 2.000000 2.000000 1.981000 1.978000 0.000000 0.000000 0.000000 
