0.000000,0.000000,0.000000,0.000000,0.000000,0.000000,0.000000,0.000000,0.000000,0.000000,0.000000,0.000000,0.000000,0.000000,0.000000,0.000000,0.000000,0.000000,0.000000,0.000000,0.000000,0.000000,0.000000,0.000000,0.000000,0.000000,0.000000,0.000000,0.000000,0.000000,0.000000,0.000000,0.000000,0.000000,0.000000,0.000000,0.000000,0.000000,0.000000,0.000000,
0.000000,0.000000,0.000000,0.000000,0.000000,0.000000,0.000000,0.000000,0.000000,0.000000,0.000000,0.000000,0.000000,0.000000,0.000000,0.000000,0.000000,0.000000,0.000000,0.000000,0.000000,0.000000,0.000000,0.000000,0.000000,0.000000,0.000000,0.000000,0.000000,0.000000,0.000000,0.000000,0.000000,0.000000,0.000000,0.000000,0.000000,0.000000,0.000000,0.000000,
0.000000,0.000000,0.000000,0.000000,0.000000,0.000000,0.000000,0.000000,0.000000,0.000000,0.000000,0.000000,0.000000,0.000000,0.000000,0.000000,0.000000,0.000000,0.000000,0.000000,0.000000,0.000000,0.000000,0.000000,0.000000,0.000000,0.000000,0.000000,0.000000,0.000000,0.000000,0.000000,0.000000,0.000000,0.000000,0.000000,0.000000,0.000000,0.000000,0.000000,
0.000000,0.000000,0.000000,0.000000,0.000000,0.000000,0.000000,0.000000,0.000000,0.000000,0.000000,0.000000,0.000000,0.000000,0.000000,0.000000,0.000000,0.000000,0.000000,0.000000,0.000000,0.000000,0.000000,0.000000,0.000000,0.000000,0.000000,0.000000,0.000000,0.000000,0.000000,0.000000,0.000000,0.000000,0.000000,0.000000,0.000000,0.000000,0.000000,0.000000,
0.000000,0.000000,0.000000,0.000000,0.000000,0.000000,0.000000,0.000000,0.000000,0.000000,0.000000,0.000000,0.000000,0.000000,0.000000,0.000000,0.000000,0.000000,0.000000,0.000000,0.000000,0.000000,0.000000,0.000000,0.000000,0.000000,0.000000,0.000000,0.000000,0.000000,0.000000,0.000000,0.000000,0.000000,0.000000,0.000000,0.000000,0.000000,0.000000,0.000000,
0.000000,0.000000,0.000000,0.000000,0.000000,0.000000,0.000000,0.000000,0.000000,0.000000,0.000000,0.000000,0.000000,0.000000,0.000000,0.000000,0.000000,0.000000,0.000000,0.000000,0.000000,0.000000,0.000000,0.000000,0.000000,0.000000,0.000000,0.000000,0.000000,0.000000,0.000000,0.000000,0.000000,0.000000,0.000000,0.000000,0.000000,0.000000,0.000000,0.000000,
0.000000,0.000000,0.000000,0.000000,0.000000,0.000000,0.000000,0.000000,0.000000,0.000000,0.000000,0.000000,0.000000,0.000000,0.000000,0.000000,0.000000,0.000000,0.000000,0.000000,0.000000,0.000000,0.000000,0.000000,0.000000,0.000000,0.000000,0.000000,0.000000,0.000000,0.000000,0.000000,0.000000,0.000000,0.000000,0.000000,0.000000,0.000000,0.000000,0.000000,
0.000000,0.000000,0.000000,0.000000,0.000000,0.000000,0.000000,0.000000,0.000000,0.000000,0.000000,0.000000,0.000000,0.000000,0.000000,0.000000,0.000000,0.000000,0.000000,0.000000,0.000000,0.000000,0.000000,0.000000,0.000000,0.000000,0.000000,0.000000,0.000000,0.000000,0.000000,0.000000,0.000000,0.000000,0.000000,0.000000,0.000000,0.000000,0.000000,0.000000,
0.000000,0.000000,0.000000,0.000000,0.000000,0.000000,0.000000,0.000000,0.000000,0.000000,0.000000,0.000000,0.000000,0.000000,0.000000,0.000000,0.000000,0.000000,0.000000,0.000000,0.000000,0.000000,0.000000,0.000000,0.000000,0.000000,0.000000,0.000000,0.000000,0.000000,0.000000,0.000000,0.000000,0.000000,0.000000,0.000000,0.000000,0.000000,0.000000,0.000000,
0.000000,0.000000,0.000000,2.733000,1.807000,1.808000,1.834000,1.844000,1.844000,1.844000,1.867000,1.882000,1.884000,1.912000,1.921000,1.921000,1.921000,1.896000,1.882000,1.885000,1.913000,1.921000,1.921000,1.921000,1.921000,1.921000,1.921000,1.921000,1.921000,1.921000,1.921000,1.948000,1.960000,1.965000,1.994000,2.000000,2.000000,2.000000,0.000000,0.000000,
0.000000,0.000000,2.733000,2.198000,1.813000,1.829000,1.840000,1.844000,1.844000,1.844000,1.867000,1.882000,1.884000,1.912000,1.921000,1.921000,1.921000,1.910000,1.905000,1.906000,1.918000,1.921000,1.921000,1.921000,1.921000,1.921000,1.921000,1.921000,1.933000,1.944000,1.944000,1.955000,1.970000,1.985000,1.998000,2.000000,2.000000,2.000000,0.000000,0.000000,
0.000000,0.000000,1.807000,1.807000,1.818000,1.844000,1.844000,1.844000,1.844000,1.844000,1.874000,1.894000,1.895000,1.915000,1.921000,1.921000,1.921000,1.921000,1.921000,1.922000,1.930000,1.933000,1.933000,1.933000,1.933000,1.933000,1.933000,1.933000,1.947000,1.960000,1.960000,1.960000,1.977000,2.000000,2.000000,2.000000,2.000000,2.000000,0.000000,0.000000,
0.000000,0.000000,1.808000,1.808000,1.818000,1.844000,1.844000,1.844000,1.845000,1.845000,1.891000,1.921000,1.921000,1.921000,1.921000,1.921000,1.922000,1.922000,1.922000,1.925000,1.952000,1.960000,1.960000,1.960000,1.960000,1.961000,1.961000,1.961000,1.960000,1.960000,1.960000,1.960000,1.977000,2.000000,2.000000,2.000000,2.000000,2.000000,0.000000,0.000000,
0.000000,0.000000,1.834000,1.834000,1.837000,1.844000,1.844000,1.857000,1.872000,1.872000,1.902000,1.921000,1.921000,1.921000,1.921000,1.927000,1.947000,1.950000,1.950000,1.950000,1.958000,1.960000,1.960000,1.960000,1.980000,1.989000,1.989000,1.989000,1.973000,1.960000,1.960000,1.960000,1.977000,2.000000,2.000000,2.000000,2.000000,2.000000,0.000000,0.000000,
0.000000,0.000000,1.844000,1.844000,1.844000,1.844000,1.844000,1.853000,1.868000,1.880000,1.906000,1.921000,1.921000,1.921000,1.921000,1.929000,1.957000,1.949000,1.942000,1.944000,1.956000,1.960000,1.960000,1.960000,1.987000,2.000000,2.000000,2.000000,1.988000,1.973000,1.960000,1.960000,1.977000,2.000000,2.000000,2.000000,2.000000,2.000000,0.000000,0.000000,
0.000000,0.000000,1.844000,1.844000,1.844000,1.844000,1.844000,1.844000,1.851000,1.878000,1.906000,1.921000,1.921000,1.921000,1.924000,1.934000,1.957000,1.935000,1.921000,1.924000,1.952000,1.960000,1.962000,1.967000,1.989000,2.000000,2.000000,2.000000,2.000000,1.989000,1.961000,1.960000,1.977000,2.000000,2.000000,2.000000,2.002000,2.007000,0.000000,0.000000,
0.000000,0.000000,1.844000,1.844000,1.844000,1.844000,1.844000,1.844000,1.851000,1.878000,1.906000,1.921000,1.921000,1.921000,1.938000,1.957000,1.960000,1.935000,1.921000,1.924000,1.952000,1.960000,1.968000,1.994000,1.999000,2.000000,2.000000,2.000000,2.000000,1.989000,1.961000,1.960000,1.977000,2.000000,2.000000,2.000000,2.011000,2.037000,0.000000,0.000000,
0.000000,0.000000,0.000000,2.398000,1.844000,1.844000,1.861000,1.867000,1.870000,1.880000,1.906000,1.921000,1.921000,1.921000,1.940000,1.960000,1.960000,1.950000,1.945000,1.948000,1.976000,1.984000,1.988000,1.999000,2.000000,2.000000,2.000000,2.000000,2.000000,1.989000,1.961000,1.960000,1.977000,2.000000,2.000000,2.000000,2.012000,2.042000,0.000000,0.000000,
0.000000,0.000000,0.000000,2.462000,1.844000,1.845000,1.872000,1.882000,1.882000,1.882000,1.906000,1.921000,1.921000,1.921000,1.940000,1.960000,1.960000,1.960000,1.960000,1.963000,1.992000,2.000000,2.000000,2.000000,2.000000,2.000000,2.000000,2.000000,2.000000,1.993000,1.974000,1.973000,1.984000,2.000000,2.000000,2.000000,2.012000,2.042000,0.000000,0.000000,
0.000000,0.000000,1.882000,1.861000,1.846000,1.846000,1.872000,1.882000,1.882000,1.884000,1.906000,1.921000,1.921000,1.921000,1.940000,1.960000,1.960000,1.960000,1.960000,1.963000,1.992000,1.999000,1.998000,1.998000,1.999000,2.000000,2.000000,2.000000,2.000000,2.000000,2.000000,2.000000,2.000000,2.000000,2.002000,2.002000,2.014000,2.042000,0.000000,0.000000,
0.000000,0.000000,1.882000,1.877000,1.873000,1.873000,1.880000,1.882000,1.887000,1.909000,1.917000,1.921000,1.921000,1.921000,1.940000,1.960000,1.960000,1.960000,1.960000,1.963000,1.992000,1.984000,1.969000,1.969000,1.990000,2.000000,2.000000,2.000000,2.000000,2.000000,2.000000,2.000000,2.000000,2.004000,2.027000,2.032000,2.035000,2.042000,0.000000,0.000000,
0.000000,0.000000,1.864000,1.864000,1.869000,1.882000,1.882000,1.882000,1.889000,1.917000,1.921000,1.927000,1.940000,1.940000,1.950000,1.960000,1.960000,1.960000,1.960000,1.962000,1.976000,1.970000,1.960000,1.960000,1.987000,2.000000,2.000000,2.000000,2.000000,2.000000,2.000000,2.014000,2.020000,2.023000,2.039000,2.042000,2.042000,2.042000,0.000000,0.000000,
0.000000,0.000000,1.837000,1.837000,1.848000,1.874000,1.874000,1.878000,1.889000,1.917000,1.926000,1.939000,1.960000,1.960000,1.960000,1.960000,1.960000,1.960000,1.960000,1.960000,1.960000,1.960000,1.960000,1.960000,1.987000,2.000000,2.000000,2.000000,2.000000,2.000000,2.000000,2.029000,2.038000,2.034000,2.034000,2.038000,2.042000,2.042000,0.000000,0.000000,
0.000000,0.000000,1.810000,1.810000,1.821000,1.847000,1.847000,1.863000,1.889000,1.917000,1.943000,1.958000,1.960000,1.960000,1.960000,1.960000,1.960000,1.960000,1.960000,1.960000,1.960000,1.960000,1.960000,1.960000,1.987000,2.000000,2.000000,2.000000,2.000000,2.000000,2.000000,2.029000,2.026000,2.003000,2.003000,2.026000,2.042000,2.042000,0.000000,0.000000,
0.000000,0.000000,1.784000,1.784000,1.802000,1.844000,1.844000,1.872000,1.918000,1.964000,1.980000,1.986000,1.986000,1.986000,1.986000,1.980000,1.962000,1.960000,1.969000,1.986000,1.986000,1.986000,1.986000,1.986000,1.995000,2.000000,2.000000,2.000000,2.015000,2.027000,2.027000,2.037000,2.024000,2.000000,2.000000,2.024000,2.050000,2.069000,0.000000,0.000000,
0.000000,0.000000,1.771000,1.704000,1.669000,1.702000,1.702000,2.170000,2.745000,2.782000,2.787000,2.540000,2.029000,2.019000,2.015000,2.007000,1.978000,1.974000,1.983000,2.000000,2.000000,2.000000,2.000000,2.000000,2.000000,2.000000,2.002000,2.012000,2.030000,2.042000,2.042000,2.042000,2.024000,2.000000,2.000000,2.024000,2.050000,2.069000,0.000000,0.000000,
0.000000,0.000000,1.949000,1.658000,1.446000,1.449000,1.595000,2.800000,0.000000,0.000000,0.000000,0.000000,2.260000,2.232000,2.137000,2.037000,2.007000,2.003000,2.002000,2.000000,2.000000,2.000000,2.000000,2.000000,2.000000,2.000000,2.004000,2.035000,2.042000,2.042000,2.042000,2.042000,2.026000,2.003000,2.000000,2.022000,2.040000,2.042000,0.000000,0.000000,
0.000000,0.000000,0.000000,2.365000,1.446000,1.478000,2.995000,0.000000,0.000000,0.000000,0.000000,0.000000,0.000000,0.000000,0.000000,2.067000,2.037000,2.033000,2.021000,2.000000,2.000000,2.000000,2.000000,2.000000,2.000000,2.000000,2.004000,2.035000,2.042000,2.042000,2.042000,2.042000,2.038000,2.029000,2.005000,2.005000,2.018000,2.042000,0.000000,0.000000,
0.000000,0.000000,0.000000,0.000000,2.809000,2.829000,0.000000,0.000000,0.000000,0.000000,0.000000,0.000000,0.000000,0.000000,0.000000,0.000000,0.000000,0.000000,0.000000,0.000000,0.000000,2.614000,2.022000,2.022000,2.022000,2.022000,2.024000,2.038000,2.042000,2.042000,2.042000,2.042000,2.042000,2.036000,2.006000,2.000000,2.019000,2.064000,0.000000,0.000000,
0.000000,0.000000,0.000000,0.000000,0.000000,0.000000,0.000000,0.000000,0.000000,0.000000,0.000000,0.000000,0.000000,0.000000,0.000000,0.000000,0.000000,0.000000,0.000000,0.000000,0.000000,0.000000,2.613000,2.594000,2.231000,2.052000,2.052000,2.052000,2.046000,2.042000,2.042000,2.049000,2.048000,2.036000,2.006000,2.000000,2.191000,2.652000,0.000000,0.000000,
0.000000,0.000000,0.000000,0.000000,0.000000,0.000000,0.000000,0.000000,0.000000,0.000000,0.000000,0.000000,0.000000,0.000000,0.000000,0.000000,0.000000,0.000000,0.000000,0.000000,0.000000,0.000000,0.000000,0.000000,2.814000,2.082000,2.082000,2.082000,2.060000,2.042000,2.042000,2.070000,2.065000,2.036000,2.006000,2.000000,2.706000,0.000000,0.000000,0.000000,
0.000000,0.000000,0.000000,0.000000,0.000000,0.000000,0.000000,0.000000,0.000000,0.000000,0.000000,0.000000,0.000000,0.000000,0.000000,0.000000,0.000000,0.000000,0.000000,0.000000,0.000000,0.000000,0.000000,0.000000,0.000000,0.000000,0.000000,0.000000,0.000000,0.000000,0.000000,0.000000,0.000000,0.000000,0.000000,0.000000,0.000000,0.000000,0.000000,0.000000,
0.000000,0.000000,0.000000,0.000000,0.000000,0.000000,0.000000,0.000000,0.000000,0.000000,0.000000,0.000000,0.000000,0.000000,0.000000,0.000000,0.000000,0.000000,0.000000,0.000000,0.000000,0.000000,0.000000,0.000000,0.000000,0.000000,0.000000,0.000000,0.000000,0.000000,0.000000,0.000000,0.000000,0.000000,0.000000,0.000000,0.000000,0.000000,0.000000,0.000000,
0.000000,0.000000,0.000000,0.000000,0.000000,0.000000,0.000000,0.000000,0.000000,0.000000,0.000000,0.000000,0.000000,0.000000,0.000000,0.000000,0.000000,0.000000,0.000000,0.000000,0.000000,0.000000,0.000000,0.000000,0.000000,0.000000,0.000000,0.000000,0.000000,0.000000,0.000000,0.000000,0.000000,0.000000,0.000000,0.000000,0.000000,0.000000,0.000000,0.000000,
0.000000,0.000000,0.000000,0.000000,0.000000,0.000000,0.000000,0.000000,0.000000,0.000000,0.000000,0.000000,0.000000,0.000000,0.000000,0.000000,0.000000,0.000000,0.000000,0.000000,0.000000,0.000000,0.000000,0.000000,0.000000,0.000000,0.000000,0.000000,0.000000,0.000000,0.000000,0.000000,0.000000,0.000000,0.000000,0.000000,0.000000,0.000000,0.000000,0.000000,
0.000000,0.000000,0.000000,0.000000,0.000000,0.000000,0.000000,0.000000,0.000000,0.000000,0.000000,0.000000,0.000000,0.000000,0.000000,0.000000,0.000000,0.000000,0.000000,0.000000,0.000000,0.000000,0.000000,0.000000,0.000000,0.000000,0.000000,0.000000,0.000000,0.000000,0.000000,0.000000,0.000000,0.000000,0.000000,0.000000,0.000000,0.000000,0.000000,0.000000,
0.000000,0.000000,0.000000,0.000000,0.000000,0.000000,0.000000,0.000000,0.000000,0.000000,0.000000,0.000000,0.000000,0.000000,0.000000,0.000000,0.000000,0.000000,0.000000,0.000000,0.000000,0.000000,0.000000,0.000000,0.000000,0.000000,0.000000,0.000000,0.000000,0.000000,0.000000,0.000000,0.000000,0.000000,0.000000,0.000000,0.000000,0.000000,0.000000,0.000000,
0.000000,0.000000,0.000000,0.000000,0.000000,0.000000,0.000000,0.000000,0.000000,0.000000,0.000000,0.000000,0.000000,0.000000,0.000000,0.000000,0.000000,0.000000,0.000000,0.000000,0.000000,0.000000,0.000000,0.000000,0.000000,0.000000,0.000000,0.000000,0.000000,0.000000,0.000000,0.000000,0.000000,0.000000,0.000000,0.000000,0.000000,0.000000,0.000000,0.000000,
0.000000,0.000000,0.000000,0.000000,0.000000,0.000000,0.000000,0.000000,0.000000,0.000000,0.000000,0.000000,0.000000,0.000000,0.000000,0.000000,0.000000,0.000000,0.000000,0.000000,0.000000,0.000000,0.000000,0.000000,0.000000,0.000000,0.000000,0.000000,0.000000,0.000000,0.000000,0.000000,0.000000,0.000000,0.000000,0.000000,0.000000,0.000000,0.000000,0.000000,
0.000000,0.000000,0.000000,0.000000,0.000000,0.000000,0.000000,0.000000,0.000000,0.000000,0.000000,0.000000,0.000000,0.000000,0.000000,0.000000,0.000000,0.000000,0.000000,0.000000,0.000000,0.000000,0.000000,0.000000,0.000000,0.000000,0.000000,0.000000,0.000000,0.000000,0.000000,0.000000,0.000000,0.000000,0.000000,0.000000,0.000000,0.000000,0.000000,0.000000,
