0.000000,0.000000,0.000000,0.000000,0.000000,0.000000,0.000000,0.000000,0.000000,0.000000,0.000000,0.000000,0.000000,0.000000,0.000000,0.000000,0.000000,0.000000,0.000000,0.000000,0.000000,0.000000,0.000000,0.000000,0.000000,0.000000,0.000000,0.000000,0.000000,0.000000,0.000000,0.000000,0.000000,0.000000,0.000000,0.000000,0.000000,0.000000,0.000000,0.000000,
0.000000,0.000000,0.000000,0.000000,0.000000,0.000000,0.000000,0.000000,0.000000,0.000000,0.000000,0.000000,0.000000,0.000000,0.000000,0.000000,0.000000,0.000000,0.000000,0.000000,0.000000,0.000000,0.000000,0.000000,0.000000,0.000000,0.000000,0.000000,0.000000,0.000000,0.000000,0.000000,0.000000,0.000000,0.000000,0.000000,0.000000,0.000000,0.000000,0.000000,
0.000000,0.000000,0.000000,0.000000,0.000000,0.000000,0.000000,0.000000,0.000000,0.000000,2.063000,2.063000,2.063000,2.063000,2.063000,2.063000,2.028000,1.991000,1.955000,1.937000,1.937000,1.937000,1.937000,1.937000,1.937000,1.937000,1.937000,1.937000,1.937000,1.941000,1.978000,0.000000,0.000000,0.000000,0.000000,0.000000,0.000000,0.000000,0.000000,0.000000,
0.000000,0.000000,0.000000,0.000000,0.000000,0.000000,0.000000,0.000000,0.000000,0.000000,2.042000,2.056000,2.063000,2.063000,2.063000,2.063000,2.028000,1.991000,1.955000,1.937000,1.937000,1.937000,1.937000,1.937000,1.937000,1.937000,1.937000,1.937000,1.937000,1.940000,1.963000,1.319000,0.000000,0.000000,0.000000,0.000000,0.000000,0.000000,0.000000,0.000000,
0.000000,0.000000,0.000000,0.000000,0.000000,0.000000,1.737000,1.737000,1.737000,1.876000,2.009000,2.044000,2.063000,2.063000,2.063000,2.063000,2.028000,1.991000,1.955000,1.937000,1.937000,1.937000,1.937000,1.937000,1.937000,1.937000,1.937000,1.937000,1.937000,1.937000,1.939000,1.882000,1.730000,1.678000,0.000000,0.000000,0.000000,0.000000,0.000000,0.000000,
0.000000,0.000000,0.000000,0.000000,0.000000,0.000000,0.000000,0.000000,1.863000,2.000000,2.006000,2.043000,2.063000,2.063000,2.063000,2.063000,2.028000,1.996000,1.978000,1.960000,1.941000,1.937000,1.937000,1.937000,1.937000,1.937000,1.937000,1.937000,1.937000,1.937000,1.937000,1.937000,1.937000,1.937000,0.000000,0.000000,0.000000,0.000000,0.000000,0.000000,
0.000000,0.000000,0.000000,0.000000,0.000000,0.000000,0.000000,0.000000,1.757000,1.997000,2.006000,2.038000,2.058000,2.062000,2.063000,2.063000,2.031000,2.005000,2.002000,1.981000,1.945000,1.937000,1.937000,1.937000,1.937000,1.937000,1.937000,1.937000,1.937000,1.937000,1.937000,1.937000,1.937000,1.937000,0.000000,0.000000,0.000000,0.000000,0.000000,0.000000,
0.000000,0.000000,0.000000,0.000000,0.000000,0.000000,0.000000,1.002000,1.872000,1.980000,2.002000,2.014000,2.031000,2.056000,2.063000,2.063000,2.052000,2.037000,2.012000,1.981000,1.945000,1.937000,1.937000,1.937000,1.937000,1.937000,1.937000,1.937000,1.937000,1.937000,1.937000,1.937000,1.937000,1.937000,0.000000,0.000000,0.000000,0.000000,0.000000,0.000000,
0.000000,0.000000,0.000000,0.000000,0.000000,0.000000,1.937000,1.937000,1.937000,1.970000,2.000000,2.000000,2.016000,2.052000,2.063000,2.063000,2.063000,2.054000,2.018000,1.986000,1.959000,1.946000,1.937000,1.937000,1.940000,1.949000,1.948000,1.938000,1.937000,1.937000,1.937000,2.154000,2.714000,2.907000,0.000000,0.000000,0.000000,0.000000,0.000000,0.000000,
0.000000,0.000000,0.000000,0.000000,0.000000,0.000000,1.937000,1.937000,1.937000,1.970000,2.000000,2.000000,2.016000,2.052000,2.063000,2.063000,2.063000,2.054000,2.018000,1.997000,1.991000,1.966000,1.937000,1.937000,1.947000,1.977000,1.972000,1.941000,1.937000,1.937000,1.937000,2.648000,0.000000,0.000000,0.000000,0.000000,0.000000,0.000000,0.000000,0.000000,
0.000000,0.000000,0.000000,0.000000,0.000000,0.000000,1.937000,1.946000,1.961000,1.982000,2.003000,2.017000,2.035000,2.057000,2.063000,2.063000,2.049000,2.032000,2.011000,1.992000,1.978000,1.958000,1.937000,1.937000,1.948000,1.985000,1.987000,1.966000,1.963000,1.963000,1.963000,2.813000,0.000000,0.000000,0.000000,0.000000,0.000000,0.000000,0.000000,0.000000,
0.000000,0.000000,0.000000,0.000000,0.000000,0.000000,1.937000,1.960000,1.996000,2.000000,2.006000,2.042000,2.062000,2.063000,2.063000,2.063000,2.028000,2.001000,2.000000,1.982000,1.946000,1.938000,1.937000,1.937000,1.948000,1.985000,2.000000,1.999000,1.999000,1.999000,1.999000,2.842000,0.000000,0.000000,0.000000,0.000000,0.000000,0.000000,0.000000,0.000000,
0.000000,0.000000,0.000000,0.000000,0.000000,0.000000,1.972000,1.983000,1.998000,2.000000,2.006000,2.043000,2.063000,2.063000,2.049000,2.028000,2.012000,1.995000,1.975000,1.956000,1.941000,1.937000,1.937000,1.937000,1.948000,1.985000,2.000000,2.000000,2.000000,2.002000,2.023000,2.897000,0.000000,0.000000,0.000000,0.000000,0.000000,0.000000,0.000000,0.000000,
0.000000,0.000000,0.000000,0.000000,0.000000,0.000000,2.000000,2.000000,2.000000,2.000000,2.006000,2.043000,2.063000,2.063000,2.037000,2.001000,2.000000,1.991000,1.955000,1.937000,1.937000,1.941000,1.946000,1.946000,1.956000,1.987000,2.000000,2.000000,2.000000,2.004000,2.035000,2.932000,0.000000,0.000000,0.000000,0.000000,0.000000,0.000000,0.000000,0.000000,
0.000000,0.000000,0.000000,0.000000,0.000000,0.000000,2.000000,2.000000,2.000000,2.000000,2.006000,2.043000,2.063000,2.063000,2.037000,2.001000,2.000000,1.991000,1.955000,1.937000,1.937000,1.957000,1.982000,1.982000,1.985000,1.996000,2.000000,2.000000,2.000000,2.001000,2.012000,2.904000,0.000000,0.000000,0.000000,0.000000,0.000000,0.000000,0.000000,0.000000,
0.000000,0.000000,0.000000,0.000000,0.000000,0.000000,2.000000,2.000000,2.000000,2.000000,2.006000,2.043000,2.058000,2.048000,2.026000,2.001000,2.000000,1.991000,1.955000,1.937000,1.937000,1.965000,2.000000,2.000000,2.000000,2.000000,2.000000,2.000000,1.991000,1.981000,1.981000,2.609000,0.000000,0.000000,0.000000,0.000000,0.000000,0.000000,0.000000,0.000000,
0.000000,0.000000,0.000000,0.000000,0.000000,0.000000,2.000000,2.000000,2.000000,2.000000,2.006000,2.043000,2.049000,2.017000,2.005000,2.000000,2.000000,1.991000,1.955000,1.937000,1.937000,1.965000,2.000000,2.000000,2.000000,2.000000,2.000000,2.000000,1.973000,1.945000,1.945000,2.059000,2.352000,2.454000,0.000000,0.000000,0.000000,0.000000,0.000000,0.000000,
0.000000,0.000000,0.000000,0.000000,0.000000,0.000000,2.000000,2.010000,2.027000,2.028000,2.032000,2.052000,2.047000,2.011000,2.000000,2.000000,2.000000,1.995000,1.975000,1.965000,1.965000,1.981000,2.000000,2.000000,2.000000,2.000000,1.990000,1.974000,1.955000,1.937000,1.937000,1.937000,1.937000,1.937000,0.000000,0.000000,0.000000,0.000000,0.000000,0.000000,
0.000000,0.000000,0.000000,0.000000,0.000000,0.000000,2.000000,2.023000,2.059000,2.062000,2.061000,2.061000,2.046000,2.010000,2.000000,2.000000,2.000000,2.000000,2.000000,2.000000,2.000000,2.000000,2.000000,2.000000,2.000000,2.000000,1.979000,1.942000,1.937000,1.937000,1.937000,1.937000,1.937000,1.937000,0.000000,0.000000,0.000000,0.000000,0.000000,0.000000,
0.000000,0.000000,0.000000,0.000000,0.000000,0.000000,2.000000,2.023000,2.059000,2.043000,2.025000,2.025000,2.019000,2.004000,2.000000,2.000000,2.000000,2.000000,2.000000,2.000000,2.000000,2.000000,2.000000,2.000000,2.000000,2.000000,1.979000,1.942000,1.937000,1.937000,1.937000,1.937000,1.937000,1.937000,0.000000,0.000000,0.000000,0.000000,0.000000,0.000000,
0.000000,0.000000,0.000000,0.000000,0.000000,0.000000,2.011000,2.030000,2.060000,2.030000,2.000000,2.000000,2.000000,2.000000,2.000000,2.000000,2.000000,2.000000,2.000000,2.000000,2.000000,2.005000,2.011000,2.011000,2.009000,2.003000,1.979000,1.942000,1.937000,1.937000,1.937000,1.937000,1.937000,1.937000,0.000000,0.000000,0.000000,0.000000,0.000000,0.000000,
0.000000,0.000000,0.000000,0.000000,0.000000,0.000000,2.048000,2.053000,2.062000,2.030000,2.000000,2.000000,2.000000,2.000000,2.000000,2.000000,2.000000,2.000000,2.000000,2.000000,2.000000,2.022000,2.048000,2.048000,2.039000,2.012000,1.979000,1.942000,1.937000,1.937000,1.937000,1.937000,1.937000,1.937000,0.000000,0.000000,0.000000,0.000000,0.000000,0.000000,
0.000000,0.000000,0.000000,0.000000,0.000000,0.000000,2.063000,2.055000,2.043000,2.020000,2.000000,2.000000,2.000000,2.000000,2.000000,2.000000,2.000000,2.000000,2.000000,2.000000,2.000000,2.019000,2.042000,2.042000,2.034000,2.010000,1.979000,1.942000,1.937000,1.937000,1.937000,1.937000,1.937000,1.937000,0.000000,0.000000,0.000000,0.000000,0.000000,0.000000,
0.000000,0.000000,0.000000,0.000000,0.000000,0.000000,2.063000,2.042000,2.009000,2.003000,2.000000,2.000000,2.000000,2.000000,2.000000,2.000000,2.000000,2.000000,2.000000,2.000000,2.000000,2.002000,2.005000,2.005000,2.004000,2.001000,1.979000,1.942000,1.937000,1.937000,1.937000,1.937000,1.937000,1.937000,0.000000,0.000000,0.000000,0.000000,0.000000,0.000000,
0.000000,0.000000,0.000000,0.000000,0.000000,0.000000,2.063000,2.040000,2.004000,2.000000,2.000000,2.000000,2.000000,2.000000,2.000000,2.000000,2.000000,2.000000,2.000000,2.000000,2.000000,2.000000,2.000000,2.000000,2.000000,2.000000,1.979000,1.942000,1.937000,1.937000,1.937000,1.937000,1.937000,1.937000,0.000000,0.000000,0.000000,0.000000,0.000000,0.000000,
0.000000,0.000000,0.000000,0.000000,0.000000,0.000000,2.063000,2.040000,2.004000,1.998000,1.996000,1.996000,1.997000,1.999000,2.000000,2.000000,2.000000,2.000000,2.000000,2.000000,2.000000,1.998000,1.996000,1.996000,1.996000,1.999000,1.979000,1.942000,1.937000,1.937000,1.937000,1.936000,1.934000,1.933000,0.000000,0.000000,0.000000,0.000000,0.000000,0.000000,
0.000000,0.000000,0.000000,0.000000,0.000000,0.000000,2.063000,2.040000,2.004000,1.979000,1.959000,1.959000,1.970000,1.993000,2.000000,2.000000,2.000000,2.000000,2.000000,2.000000,2.000000,1.982000,1.959000,1.959000,1.967000,1.990000,1.979000,1.942000,1.937000,1.937000,1.937000,1.928000,1.906000,1.898000,0.000000,0.000000,0.000000,0.000000,0.000000,0.000000,
0.000000,0.000000,0.000000,0.000000,0.000000,0.000000,2.063000,2.035000,1.990000,1.960000,1.937000,1.937000,1.953000,1.989000,2.000000,2.000000,2.000000,1.998000,1.990000,1.986000,1.986000,1.964000,1.937000,1.937000,1.946000,1.974000,1.969000,1.941000,1.937000,1.937000,1.937000,1.924000,1.889000,1.877000,0.000000,0.000000,0.000000,0.000000,0.000000,0.000000,
0.000000,0.000000,0.000000,0.000000,0.000000,0.000000,2.063000,2.021000,1.956000,1.943000,1.937000,1.937000,1.953000,1.989000,2.000000,2.000000,2.000000,1.993000,1.964000,1.950000,1.950000,1.944000,1.937000,1.937000,1.939000,1.947000,1.945000,1.938000,1.937000,1.937000,1.937000,1.924000,1.889000,1.877000,0.000000,0.000000,0.000000,0.000000,0.000000,0.000000,
0.000000,0.000000,0.000000,0.000000,0.000000,0.000000,2.015000,1.987000,1.941000,1.937000,1.937000,1.937000,1.953000,1.989000,2.000000,2.000000,1.987000,1.971000,1.948000,1.937000,1.937000,1.937000,1.937000,1.937000,1.937000,1.937000,1.937000,1.937000,1.937000,1.937000,1.937000,1.929000,1.907000,1.900000,0.000000,0.000000,0.000000,0.000000,0.000000,0.000000,
0.000000,0.000000,0.000000,0.000000,0.000000,0.000000,1.943000,1.941000,1.937000,1.937000,1.937000,1.937000,1.953000,1.989000,2.000000,2.000000,1.966000,1.939000,1.938000,1.937000,1.937000,1.937000,1.937000,1.937000,1.937000,1.937000,1.937000,1.937000,1.937000,1.937000,1.937000,1.936000,1.935000,1.934000,0.000000,0.000000,0.000000,0.000000,0.000000,0.000000,
0.000000,0.000000,0.000000,0.000000,0.000000,0.000000,1.937000,1.937000,1.937000,1.937000,1.937000,1.937000,1.953000,1.989000,1.986000,1.967000,1.950000,1.937000,1.937000,1.937000,1.937000,1.937000,1.937000,1.937000,1.937000,1.937000,1.937000,1.937000,1.937000,1.937000,1.937000,1.937000,1.937000,1.937000,0.000000,0.000000,0.000000,0.000000,0.000000,0.000000,
0.000000,0.000000,0.000000,0.000000,0.000000,0.000000,1.937000,1.937000,1.937000,1.937000,1.937000,1.937000,1.951000,1.984000,1.970000,1.938000,1.937000,1.937000,1.937000,1.937000,1.937000,1.937000,1.937000,1.937000,1.937000,1.937000,1.937000,1.937000,1.940000,1.944000,1.944000,1.944000,1.944000,1.944000,0.000000,0.000000,0.000000,0.000000,0.000000,0.000000,
0.000000,0.000000,0.000000,0.000000,0.000000,0.000000,1.937000,1.937000,1.937000,1.937000,1.937000,1.937000,1.942000,1.953000,1.949000,1.937000,1.937000,1.937000,1.937000,1.937000,1.937000,1.937000,1.937000,1.937000,1.937000,1.937000,1.937000,1.937000,1.958000,1.980000,1.980000,1.980000,1.980000,1.980000,0.000000,0.000000,0.000000,0.000000,0.000000,0.000000,
0.000000,0.000000,0.000000,0.000000,0.000000,0.000000,0.000000,1.166000,1.868000,1.937000,1.937000,1.937000,1.937000,1.937000,1.937000,1.937000,1.937000,1.937000,1.937000,1.937000,1.937000,1.937000,1.937000,1.947000,1.954000,1.954000,1.954000,1.954000,1.976000,2.000000,2.000000,1.996000,1.987000,1.983000,0.000000,0.000000,0.000000,0.000000,0.000000,0.000000,
0.000000,0.000000,0.000000,0.000000,0.000000,0.000000,0.000000,0.000000,1.719000,1.937000,1.937000,1.937000,1.937000,1.937000,1.937000,1.937000,1.937000,1.937000,1.937000,1.937000,1.937000,1.937000,1.938000,1.969000,1.990000,1.990000,1.990000,1.990000,1.995000,2.000000,2.000000,1.988000,1.957000,1.947000,0.000000,0.000000,0.000000,0.000000,0.000000,0.000000,
0.000000,0.000000,0.000000,0.000000,0.000000,0.000000,0.000000,0.000000,1.754000,1.976000,1.937000,1.937000,1.937000,1.937000,1.937000,1.937000,1.937000,1.937000,1.937000,1.945000,1.960000,1.963000,1.964000,1.986000,2.000000,2.000000,2.000000,2.000000,2.000000,2.000000,2.000000,1.986000,1.950000,1.937000,0.000000,0.000000,0.000000,0.000000,0.000000,0.000000,
0.000000,0.000000,0.000000,0.000000,0.000000,0.000000,0.000000,0.000000,1.859000,2.029000,1.937000,1.937000,1.937000,1.937000,1.937000,1.937000,1.937000,1.937000,1.937000,1.956000,1.992000,2.000000,2.000000,2.000000,2.000000,2.000000,2.000000,2.000000,2.000000,2.000000,2.000000,1.986000,1.950000,1.937000,0.000000,0.000000,0.000000,0.000000,0.000000,0.000000,
0.000000,0.000000,0.000000,0.000000,0.000000,0.000000,0.000000,0.000000,0.000000,0.000000,0.000000,0.000000,0.000000,0.000000,0.000000,0.000000,0.000000,0.000000,0.000000,0.000000,0.000000,0.000000,0.000000,0.000000,0.000000,0.000000,0.000000,0.000000,0.000000,0.000000,0.000000,0.000000,0.000000,0.000000,0.000000,0.000000,0.000000,0.000000,0.000000,0.000000,
0.000000,0.000000,0.000000,0.000000,0.000000,0.000000,0.000000,0.000000,0.000000,0.000000,0.000000,0.000000,0.000000,0.000000,0.000000,0.000000,0.000000,0.000000,0.000000,0.000000,0.000000,0.000000,0.000000,0.000000,0.000000,0.000000,0.000000,0.000000,0.000000,0.000000,0.000000,0.000000,0.000000,0.000000,0.000000,0.000000,0.000000,0.000000,0.000000,0.000000,
